149.85751247406006 0.9834
123.01257538795471 0.9862
123.14009857177734 0.9838
123.14736747741699 0.9827
123.14011549949646 0.9869
122.95566511154175 0.9884
123.2375123500824 0.9763
123.21526598930359 0.9832
123.18889951705933 0.9849
123.01899862289429 0.9797
123.25515723228455 0.9849
123.19538068771362 0.9826
123.24081683158875 0.9859
123.1526243686676 0.986
122.91868209838867 0.9818
122.83790636062622 0.9798
123.21409583091736 0.9788
123.19204545021057 0.984
123.20594000816345 0.9761
123.328200340271 0.9806
123.02143812179565 0.9809
123.20722079277039 0.9737
123.2002956867218 0.9834
123.12627863883972 0.9812
123.25571703910828 0.9608
122.973792552948 0.9726
123.18957901000977 0.9759
123.19733786582947 0.977
123.28486394882202 0.965
123.07395386695862 0.9773
123.27201867103577 0.977
123.21519017219543 0.9732
123.19896197319031 0.9811
123.19999504089355 0.9834
123.31030821800232 0.9754
123.07685852050781 0.9736
123.09696674346924 0.9835
123.1997218132019 0.9789
123.27106356620789 0.9738
123.19972586631775 0.9792
