56,0
123,7
169,0
170,9
211,1
257,4
579,5
619,2
709,0
712,0
753,7
908,7
949,0
1020,6
1162,5
1292,9
1299,2
1399,9
1406,5
1435,6
1445,1
1523,7
1527,1
1549,2
1625,0
1688,6
1728,9
1732,9
1790,8
1892,6
1979,4
1988,2
2049,5
2078,2
2152,6
2273,2
2309,2
2387,6
2602,6
2694,2
2813,2
2882,0
2890,0
3139,6
3706,6
3758,1
3854,7
4158,9
4228,4
4271,3
4301,6
4529,5
4695,5
4898,3
4905,6
4921,5
4938,2
4980,6
5070,6
5546,7
5854,4
5910,6
5913,6
6145,9
6357,0
6520,9
6574,6
6684,0
6727,6
6758,0
6769,9
6859,1
7068,5
7100,4
7150,3
7179,6
7202,6
7274,9
7392,2
7496,1
7790,2
7879,2
7980,3
8100,6
8219,1
8241,3
8323,0
8352,6
8367,6
8598,2
8650,4
8668,5
8706,4
8748,5
8777,6
8793,2
8827,7
8940,6
8952,2
9131,0
9215,0
9265,9
9280,6
9318,2
9788,7
9963,0
9997,6
10120,0
10258,5
10319,8
10334,0
10484,6
10489,4
10563,0
10603,2
10884,5
11122,7
11379,0
11402,5
11803,6
11865,2
12005,6
12006,9
12103,0
12125,4
12213,2
12219,0
12384,4
12547,6
12569,5
12605,0
12727,2
12857,8
12859,2
12862,5
12929,1
12996,5
13083,8
13260,1
13360,5
13389,6
13600,7
13623,0
13767,7
13873,0
13881,6
14051,6
14122,5
14163,2
14295,2
14296,4
14433,4
14435,5
14451,5
14534,5
14589,0
14595,1
14634,6
14671,6
14708,6
14882,4
14897,0
15017,0
15232,5
15463,6
15472,3
15495,2
15529,6
15614,2
15793,3
15799,2
15943,4
16004,7
16065,6
16192,0
16229,3
16541,9
16551,4
16681,9
16782,6
16802,4
16809,7
16813,2
16835,1
16896,6
17009,0
17044,7
17076,4
17097,5
17173,2
17205,7
17225,1
17516,2
17747,5
17923,0
17980,6
18090,5
18309,7
18576,6
18757,7
18763,2
18989,0
18991,0
19012,0
19119,0
19169,3
19214,8
19219,5
19261,0
19420,1
19445,3
19663,7
19667,9
19908,0
19924,0
20190,5
20315,8
20320,6
20324,6
20357,0
20394,1
20445,9
20528,5
20661,0
20711,4
20721,2
20728,3
20788,9
20831,2
20847,2
20957,6
21002,1
21174,2
21248,1
21259,5
21573,0
21625,3
21630,2
21676,6
21803,7
21824,7
21840,9
21909,0
21994,4
22052,7
22143,0
22183,7
22223,9
22449,6
22600,6
23177,2
23261,6
23262,9
23334,7
23455,5
23626,6
23729,8
23756,1
24217,5
24278,3
24349,8
24353,5
24432,4
24440,0
24552,2
24627,0
25000,3
25041,2
25165,6
25415,8
26012,2
26320,5
26355,2
26366,0
26457,0
26580,8
26740,2
26969,7
27005,7
27134,6
27317,5
27344,9
27441,5
27470,2
27514,4
27530,6
27719,2
27772,1
27797,2
27900,0
27902,9
27905,6
28024,0
28093,8
28139,4
28143,6
28155,2
28212,2
28460,9
28505,0
28553,9
28589,5
28903,8
29129,5
29137,9
29203,0
29404,5
29500,2
29770,2
29804,5
29863,8
29919,7
30054,2
30302,7
30514,5
30536,4
30553,5
30631,8
30658,4
30680,6
30890,4
31151,5
31292,8
31334,8
31343,6
31368,6
31618,5
31671,7
31753,0
31765,8
31806,6
31843,1
31905,2
32000,8
32101,4
32106,3
32226,8
32381,6
32424,2
32511,5
32549,6
32587,6
32602,4
32603,5
32612,1
32639,8
32684,5
32840,5
32929,6
32966,0
33367,0
33393,7
33569,8
33654,1
33687,0
33763,3
33832,2
34016,0
34075,8
34087,2
34121,6
34153,7
34194,8
34392,0
34492,6
34529,6
34623,0
34689,7
34735,4
34755,5
34897,6
34924,6
35033,6
35166,4
35241,6
35353,8
35370,1
35475,9
35610,3
35642,1
35889,5
36402,9
36408,1
36424,5
36599,5
36734,0
36812,5
36886,9
37013,3
37051,8
37059,0
37090,7
37322,2
37329,8
37364,5
37521,5
37558,5
37707,6
37859,6
37883,0
38080,2
38288,2
38438,2
38566,8
38569,5
38674,9
38725,8
39021,5
39172,9
39262,1
39354,1
39535,7
39564,0
39898,0
39930,2
39948,8
40037,2
40162,0
40313,0
40446,9
40580,2
40676,6
40924,1
41045,5
41147,5
41241,5
41293,4
41410,6
41420,2
41482,4
41525,1
41534,0
41675,6
41696,0
41700,7
41781,3
41804,4
41881,2
41939,1
42068,2
42219,2
42224,0
42295,6
42827,5
43054,6
43056,5
43095,6
43194,8
43269,1
43296,1
43514,2
43755,8
43923,7
43994,2
44003,5
44163,8
44199,0
44655,6
44656,0
44673,5
44741,9
44785,1
44907,5
45010,6
45080,6
45114,7
45704,3
45803,1
46058,1
46118,8
46122,2
46162,2
46298,9
46317,2
46442,3
46491,6
46571,0
46578,9
46588,3
46704,6
46784,9
46842,1
46883,8
46890,5
46983,3
47001,4
47030,8
47135,0
47386,0
47468,5
47593,6
47882,8
48197,5
48290,9
48311,3
48424,5
48475,8
48674,2
49251,4
49253,5
49447,9
49610,1
49715,8
49761,6
49808,8
49820,5
49929,2
49947,8
49950,5
49998,4
50058,6
50186,9
50242,6
50290,2
50357,0
50391,9
50569,5
50595,6
50692,8
50779,5
50801,4
50843,6
51101,3
51152,6
51153,3
51528,6
51533,0
51599,2
51687,6
52021,0
52056,1
52222,4
52293,4
52523,8
52559,5
52761,9
52847,0
53162,1
53328,0
53338,7
53422,6
53434,2
53552,5
53756,8
53778,9
53918,6
53997,8
54160,2
54205,6
54221,0
54299,2
54310,1
54409,6
54904,5
54949,5
55072,9
55237,7
55307,6
55405,8
55487,0
55615,6
55734,5
55897,6
55930,4
56079,2
56152,9
56186,6
56243,2
56347,0
56641,6
56662,0
56777,0
56969,0
56979,5
57232,5
57369,5
57407,0
57452,9
57460,1
57548,4
57631,1
57805,5
57846,6
57903,1
57935,6
57987,5
58068,2
58076,9
58224,6
58571,7
58610,1
58756,5
58795,4
59154,0
59330,5
59679,6
59721,2
59739,7
59754,6
59907,6
