12,3
162,9
199,2
243,7
290,1
515,2
636,7
699,5
848,4
962,7
1019,7
1072,7
1114,7
1213,2
1272,9
1525,7
1557,6
1704,4
1834,5
1871,7
1916,0
1926,0
1957,6
1975,7
2106,4
2347,7
2534,2
2537,5
2607,6
2646,5
2830,1
2843,1
3104,9
3116,7
3151,7
3197,1
3483,9
3548,4
3580,5
3633,7
3641,7
3721,7
3769,7
4047,0
4136,3
4296,7
4359,3
4386,4
4550,2
4566,1
4602,1
4639,1
4695,5
4734,7
4833,4
4849,0
4895,9
5025,7
5040,6
5155,4
5237,1
5300,7
5304,1
5345,2
5398,0
5577,9
5731,1
5848,6
5887,5
6098,3
6198,5
6327,2
6525,7
6547,2
6590,7
6597,7
6748,1
6862,7
6890,4
7007,1
7091,5
7099,7
7279,5
7321,5
7391,0
7431,2
7549,6
7877,1
7882,0
7900,5
8011,4
8019,0
8056,5
8144,7
8284,0
8402,1
8406,3
8493,2
8607,8
8624,5
8633,1
9047,0
9103,1
9124,5
9162,7
9291,5
9298,1
9508,2
9573,4
9767,7
9787,7
9833,7
10058,1
10082,2
10129,1
10145,1
10161,3
10302,7
10306,9
10467,4
10580,1
10811,5
11032,2
11079,1
11110,2
11238,5
11381,4
11412,1
11559,0
11616,7
11687,7
11701,0
11831,7
11848,0
12046,5
12107,0
12413,7
12488,5
12532,1
12638,5
12763,4
12819,7
13092,5
13185,5
13206,0
13229,5
13248,5
13249,2
13254,1
13510,1
13551,5
13569,1
13663,5
13701,1
13840,1
13939,6
14108,2
14177,3
14325,0
14493,9
14517,2
14522,7
14573,7
14575,1
14656,1
14690,8
14954,7
14958,1
15067,2
15253,9
15275,0
15421,5
15509,2
15575,1
15589,7
15720,5
15753,0
15994,2
15998,7
16159,1
16198,2
16278,1
16464,4
16473,2
16646,5
16765,4
16771,7
16863,4
16866,0
17498,4
17514,5
17584,5
17605,1
17618,1
17649,7
17687,7
17696,7
17866,7
17879,5
17913,4
18368,8
18379,5
18399,5
18467,8
18514,2
18543,0
18591,5
18651,2
18692,1
18868,0
18899,1
19107,4
19130,5
19390,5
19461,1
19699,5
19904,7
19919,2
19925,5
19930,0
19987,7
20075,9
20828,1
20944,2
21062,7
21111,7
21174,2
21186,4
21248,1
21251,2
21252,5
21258,7
21316,6
21322,7
21343,0
21462,7
21547,7
21632,5
21670,2
21736,0
21910,0
22170,1
22410,1
22416,7
22878,2
23011,5
23192,7
23302,1
23305,0
23336,5
23340,1
23390,1
23444,1
23452,5
23566,6
23702,8
23709,0
23713,4
23825,5
23951,7
23993,1
24325,7
24433,2
24487,1
24705,7
24708,5
24752,2
24800,1
24966,1
24997,2
25010,6
25402,5
25716,7
25816,7
25934,1
25938,4
25972,7
25979,7
26092,6
26117,0
26166,4
26167,1
26314,9
26329,2
26335,1
26423,7
26514,1
27107,9
27187,1
27229,2
27265,7
27501,1
27520,2
27558,1
27792,1
27984,7
28046,5
28211,7
28315,5
28445,9
28521,1
28552,6
29019,2
29027,5
29038,5
29050,2
29394,0
29444,4
29522,1
29525,5
29541,0
29721,4
29826,7
29830,5
30043,1
30220,0
30224,7
30605,0
30669,2
30761,5
30809,1
30919,8
31004,9
31280,1
31284,7
31495,5
31554,5
31779,5
31982,5
32039,5
32238,4
32273,0
32353,1
32358,1
32445,5
32463,0
32474,1
32529,7
32669,4
32770,8
32880,0
32902,5
32909,9
32967,9
33002,3
33020,0
33057,7
33067,7
33281,2
33341,6
33462,1
33465,0
33654,1
33684,1
33691,2
33766,8
34216,4
34262,0
34334,1
34445,7
34532,2
34731,0
34952,5
35082,5
35185,0
35215,2
35219,6
35310,5
35362,4
35505,0
35570,5
35849,4
35915,5
35951,4
36131,4
36170,2
36583,7
36804,5
36848,0
37193,7
37295,4
37463,1
37505,4
37529,0
37680,5
37853,7
37861,2
37978,1
38194,5
38868,1
38910,9
38917,9
39007,1
39032,2
39225,5
39542,1
39634,4
39643,7
39730,4
39802,9
39846,1
39925,7
39968,0
40097,1
40122,0
40204,7
40220,1
40280,0
40774,7
40832,2
40929,2
41016,5
41029,1
41163,4
41217,2
41272,6
41450,7
41530,7
41786,5
41868,5
41887,5
41902,3
41910,7
41925,4
41926,5
42146,7
42169,7
42195,7
42294,0
42297,8
42382,4
42481,6
42548,7
42596,2
42638,4
42743,9
42830,2
43143,7
43346,7
43510,5
43516,4
43547,2
43616,1
43888,9
43898,7
44080,7
44126,1
44143,2
44471,0
44561,1
44622,1
44706,5
44713,5
44840,7
44858,5
44910,5
44957,7
45141,6
45180,7
45253,1
45278,4
45353,4
45519,5
45618,7
45620,2
45655,3
45921,1
46195,5
46267,1
46268,1
46408,2
46466,7
46467,4
46491,6
46640,5
46689,3
46722,1
46769,7
46807,3
46861,6
46905,0
47115,5
47126,9
47467,2
47565,2
47582,8
47922,2
47956,2
47977,1
47982,1
48094,5
48229,1
48402,4
48425,5
48463,2
48497,2
48531,2
48660,4
48748,2
48860,1
49150,0
49202,5
49252,6
49385,7
49411,2
49416,2
49429,0
49476,5
49548,8
49635,7
49686,5
49689,5
49855,1
50034,6
50480,0
50691,2
50926,5
50942,7
50966,2
51132,9
51303,0
51395,0
51580,2
51712,4
51818,0
51820,4
51889,0
51946,3
51983,2
52043,5
52130,0
52139,9
52147,7
52307,3
52381,1
52407,7
52655,0
52669,7
53089,2
53182,3
53392,7
53481,6
53483,7
53702,7
53833,1
53956,7
54030,8
54061,1
54148,7
54174,3
54186,7
54199,3
54936,4
55030,0
55310,1
55406,9
55431,7
55515,6
55845,3
55939,1
56083,2
56167,7
56185,5
56203,5
56363,5
56560,8
56571,5
56663,5
56698,4
56855,4
57091,0
57433,1
57439,2
57460,1
57493,8
57643,7
57673,1
57799,2
57875,4
57876,2
57976,2
58029,7
58039,5
58187,9
58208,4
58254,2
58440,1
58622,5
58688,5
58744,4
58841,2
58848,7
59172,7
59207,1
59245,2
59256,0
59475,2
59584,5
59826,2
59851,7
