231.5365025997162 0.9861
199.85681867599487 0.9829
199.48313522338867 0.9858
200.12443208694458 0.9846
199.72858595848083 0.9796
199.91404795646667 0.9865
198.07090735435486 0.9833
200.95524406433105 0.979
203.3690299987793 0.9859
202.39471435546875 0.9859
200.62728643417358 0.9819
199.6129412651062 0.9861
198.81676697731018 0.9877
200.1806812286377 0.9751
199.74886417388916 0.9809
199.75799822807312 0.9804
200.29732632637024 0.9772
199.13076615333557 0.9848
199.1260895729065 0.9827
199.35985040664673 0.9853
158.9145166873932 0.9837
123.0931134223938 0.9766
122.93643546104431 0.9837
123.13855242729187 0.9784
121.3303861618042 0.9834
120.16124939918518 0.9801
123.30895352363586 0.9802
120.04612684249878 0.9793
119.49153065681458 0.9805
122.94361662864685 0.9768
123.02335619926453 0.9802
123.09739661216736 0.9808
123.04637956619263 0.9828
123.24078702926636 0.9824
123.09900307655334 0.9841
123.07875871658325 0.9824
123.15922546386719 0.9799
123.03958535194397 0.9755
123.28172159194946 0.9793
123.12760639190674 0.9796
