234.34566950798035 0.9792
199.08263683319092 0.9812
199.6237359046936 0.9757
198.10523867607117 0.9806
198.8806767463684 0.9818
198.06622290611267 0.9844
199.56199193000793 0.9824
198.26902747154236 0.985
199.01551747322083 0.9845
199.45923447608948 0.9823
201.9395661354065 0.9869
201.61482977867126 0.9846
199.25255012512207 0.9819
198.71498847007751 0.9872
198.73351788520813 0.981
199.45606637001038 0.9797
200.83894801139832 0.9802
200.72664833068848 0.9677
199.36390233039856 0.9836
199.12389206886292 0.9692
199.79565024375916 0.9849
198.47832918167114 0.9822
198.15043878555298 0.9843
200.23031306266785 0.9732
198.4561529159546 0.9703
198.69174313545227 0.9813
199.79351210594177 0.984
199.69815587997437 0.9566
198.5045211315155 0.9836
199.69868540763855 0.9803
200.01867270469666 0.979
198.72765278816223 0.9776
202.43303227424622 0.983
200.99428582191467 0.9857
199.79080724716187 0.9769
199.1133759021759 0.9845
198.93225049972534 0.9833
198.92147374153137 0.9696
199.2032766342163 0.9868
198.79282927513123 0.9846
