64,4
122,2
193,7
196,7
203,3
240,8
265,8
374,9
426,7
613,3
637,1
644,7
645,3
787,0
815,5
840,3
885,8
929,9
982,1
1068,3
1070,6
1109,5
1123,1
1136,6
1182,6
1216,7
1233,3
1349,0
1454,0
1478,2
1543,8
1712,0
1810,5
2015,1
2138,6
2181,4
2236,4
2266,5
2372,6
2462,1
2600,9
2601,2
2635,6
2673,7
2718,0
2767,1
2800,4
2804,9
2827,4
2890,0
2940,8
2949,7
3012,0
3062,5
3074,4
3103,1
3164,9
3252,7
3267,7
3318,3
3467,5
3560,1
3617,7
3865,8
3905,4
4141,7
4202,1
4211,7
4244,9
4285,7
4309,5
4336,4
4355,2
4418,3
4495,5
4513,4
4518,2
4548,7
4591,7
4733,2
4744,0
4749,0
4767,8
4980,6
4985,0
5052,0
5091,4
5129,2
5137,9
5171,2
5204,1
5285,0
5317,0
5334,6
5471,3
5515,5
5617,5
5626,7
5629,6
5654,6
5694,0
5752,5
5760,1
5806,9
5898,9
5899,4
5905,0
5915,1
5959,7
5992,9
6064,7
6095,4
6314,4
6353,8
6487,7
6521,1
6645,0
6692,6
6752,7
6773,2
6797,4
6840,5
6967,0
6992,2
7068,5
7108,9
7176,1
7183,0
7188,1
7198,9
7296,4
7426,4
7440,1
7460,6
7515,0
7545,9
7774,9
7808,7
7856,8
7960,2
8040,1
8066,9
8108,0
8215,4
8220,9
8236,3
8419,5
8432,8
8454,6
8463,7
8641,9
8683,6
8734,5
8743,2
8843,2
8885,0
8912,0
8919,1
8945,5
8952,2
9100,4
9128,9
9264,1
9331,1
9383,2
9424,3
9429,7
9458,0
9629,6
9810,9
9861,8
9974,3
9978,0
10049,5
10056,5
10136,1
10329,3
10414,9
10434,5
10463,6
10537,1
10609,7
10743,3
10795,7
10829,4
10995,5
11004,1
11196,9
11216,3
11236,1
11523,5
11538,9
11585,4
11588,0
11600,2
11601,2
11669,9
11754,0
11825,9
11846,0
11901,1
11928,5
11978,3
12040,1
12130,8
12190,8
12217,0
12231,6
12244,3
12400,8
12487,5
12516,0
12525,4
12573,0
12586,8
12649,7
12728,6
12734,1
12830,4
12840,9
12871,2
12894,9
12994,7
13048,7
13139,2
13217,0
13303,6
13324,5
13334,1
13350,4
13369,1
13417,3
13430,4
13478,3
13481,6
13541,4
13572,9
13617,1
13720,9
13736,3
13763,9
13880,0
13929,3
13956,1
13997,9
14004,7
14032,7
14117,9
14169,1
14190,6
14219,7
14225,8
14292,6
14303,3
14345,1
14364,9
14369,2
14424,4
14443,9
14454,3
14525,6
14572,4
14589,0
14602,4
14742,5
14754,8
14791,8
14825,3
14987,8
15072,9
15286,8
15363,2
15408,8
15434,2
15514,4
15540,3
15547,3
15563,4
15598,8
15612,1
15614,2
15806,6
15958,2
15970,9
15974,1
15983,7
16003,3
16018,2
16026,8
16124,2
16141,8
16193,3
16238,0
16296,3
16349,6
16431,4
16437,7
16678,3
16712,7
16718,1
16867,3
16939,9
16952,2
17009,0
17023,6
17055,8
17091,4
17104,3
17164,6
17179,8
17189,3
17338,5
17358,8
17371,3
17394,1
17444,4
17481,7
17569,3
17600,2
17667,8
17670,6
17735,7
17759,1
17850,4
17989,9
18004,3
18054,4
18068,6
18076,6
18110,2
18223,4
18230,2
18303,6
18335,8
18412,0
18476,5
18497,1
18678,6
18734,7
18783,2
18801,1
18806,1
18822,5
18835,8
18855,7
18994,8
19048,6
19131,8
19374,5
19379,7
19381,1
19408,6
19470,8
19487,5
19542,0
19587,2
19601,3
19672,4
19722,6
19745,6
19820,5
20061,7
20116,8
20144,4
20199,5
20371,0
20392,0
20537,0
20664,3
20757,6
20779,2
20901,9
20948,6
20956,4
20965,3
21004,6
21110,8
21331,6
21395,8
21430,4
21444,2
21517,4
21593,8
21642,4
21665,2
21705,8
21786,9
21856,6
21868,8
21985,0
21989,5
22013,0
22088,9
22091,6
22164,1
22174,9
22178,6
22319,9
22477,3
22523,9
22533,1
22732,5
22803,6
22820,6
22829,0
22836,7
22856,2
22882,0
23019,6
23167,1
23182,1
23199,4
23231,2
23240,1
23317,6
23326,4
23336,5
23385,5
23396,1
23516,5
23544,5
23719,9
23963,6
23983,6
24054,9
24143,1
24146,6
24268,0
24290,2
24315,7
24595,5
24621,3
24750,6
24769,8
24829,8
24905,6
24916,9
24946,9
25160,7
25293,4
25465,7
25523,3
25948,1
25992,6
26025,9
26052,6
26089,1
26109,4
26127,3
26136,8
26140,3
26165,3
26169,7
26186,6
26236,5
26329,2
26348,2
26389,0
26475,0
26520,8
26719,8
26723,6
26735,6
26830,3
27000,5
27081,6
27184,7
27203,7
27349,3
27353,5
27374,2
27439,1
27483,6
27484,0
27505,6
27628,0
27629,1
27688,9
27833,6
27894,0
27936,0
28294,2
28318,1
28331,1
28356,5
28362,7
28440,6
28475,8
28554,6
28596,5
28631,2
28642,7
28666,5
28706,4
28732,5
28775,7
28915,8
28998,2
28999,8
29157,5
29193,4
29467,4
29522,1
29538,4
29626,2
29632,7
29655,9
29702,8
29707,6
29790,5
29845,5
29911,2
29960,4
30022,9
30059,4
30082,5
30113,4
30260,7
30280,5
30297,2
30393,5
30463,4
30469,9
30492,2
30517,9
30649,1
30726,2
30773,4
30774,3
30785,8
30817,5
31039,8
31088,9
31153,3
31284,7
31370,1
31441,8
31495,5
31502,0
31507,8
31547,7
31564,3
31670,6
31735,3
31854,9
31874,2
32066,9
32184,0
32191,4
32222,6
32343,5
32443,9
32463,0
32499,4
32535,1
32561,2
32632,1
32814,1
32883,3
32962,8
33138,5
33141,9
33254,0
33348,7
33359,4
33372,9
33468,3
33674,5
33853,4
33924,1
33953,3
34141,1
34149,7
34164,1
34201,2
34210,4
34248,9
34353,7
34527,5
34541,0
34593,4
34684,3
34723,1
35015,3
35046,5
35059,9
35073,3
35129,8
35223,7
35272,3
35276,5
35384,9
35423,0
35560,7
35596,1
35614,6
35650,5
35672,9
35722,1
35807,9
35828,6
35885,2
35914,3
35943,0
36015,5
36091,5
36186,9
36212,4
36338,3
36434,4
36488,3
36544,5
36683,5
36711,1
36724,6
36747,8
36752,8
36804,5
36848,0
36854,8
37013,3
37020,2
37081,1
37125,8
37144,4
37278,8
37296,2
37463,1
37486,2
37535,6
37563,1
37599,6
37612,7
37640,4
37683,4
37696,2
37727,2
37822,0
37859,6
37934,9
37941,2
37964,2
37976,9
38112,8
38149,7
38166,3
38239,3
38572,1
38620,7
38719,5
38738,7
38760,9
38840,1
38869,7
39027,5
39080,4
39085,5
39094,8
39292,6
39324,4
39373,8
39381,5
39404,4
39505,1
39510,2
39618,3
39702,9
39757,1
39818,1
39844,4
39917,7
40033,1
40121,3
40244,6
40249,0
40458,9
40720,3
40778,0
40853,2
40881,2
40893,8
40966,5
40997,9
41060,6
41146,1
41161,7
41214,6
41236,7
41273,6
41337,3
41536,1
41544,8
41552,3
41568,4
41589,9
41609,0
41646,0
41751,8
41825,4
41892,7
42121,5
42151,6
42413,2
42424,1
42487,0
42735,3
42795,0
42839,2
42856,6
42940,5
42982,2
43004,8
43185,9
43218,5
43232,1
43411,1
43413,6
43459,5
43508,5
43592,6
43607,7
43633,1
43667,9
43694,6
43733,5
43853,3
43985,5
44020,3
44037,4
44040,0
44061,8
44159,0
44256,4
44284,4
44332,4
44346,6
44348,9
44390,5
44416,3
44600,9
44630,3
44697,6
44766,0
44892,9
44926,9
44938,5
45058,0
45086,9
45103,8
45174,9
45181,8
45211,5
45420,2
45734,3
45768,1
45967,7
45982,4
45995,3
46019,5
46032,9
46035,7
46069,0
46118,8
46266,2
46319,2
46334,1
46528,8
46535,0
46590,6
46638,7
46787,5
46790,4
46933,1
46942,8
46965,5
46966,2
46967,6
46976,4
46982,8
47058,4
47095,3
47156,0
47322,8
47354,2
47488,0
47495,7
47536,7
47548,8
47592,3
47593,6
47628,3
47649,2
47686,2
47726,8
47752,0
47857,8
47879,7
48150,8
48194,4
48269,5
48274,0
48315,7
48316,4
48339,8
48417,2
48594,6
48626,3
48653,4
48658,8
48700,3
48704,8
48815,0
48840,4
48897,1
48900,1
49036,6
49075,0
49159,7
49270,5
49279,8
49434,2
49486,2
49548,8
49702,2
49813,3
49833,9
50026,0
50038,7
50156,0
50305,7
50349,9
50529,3
50633,5
50651,8
50675,5
50848,5
50909,0
51011,7
51050,5
51058,8
51149,1
51198,7
51248,9
51395,0
51536,3
51693,4
51813,1
51823,4
51956,9
51969,8
51981,9
52063,4
52072,8
52115,8
52210,5
52251,2
52269,3
52355,9
52400,2
52464,3
52483,8
52567,8
52568,7
52581,6
52682,4
52785,3
52827,9
52888,1
53095,6
53103,1
53202,9
53336,6
53392,7
53400,8
53445,8
53493,3
53692,2
53709,2
53721,8
53748,2
53761,1
53954,3
53988,4
54001,3
54003,0
54012,0
54047,8
54065,7
54077,3
54079,1
54419,4
54451,9
54513,2
54519,2
54541,2
54619,5
54683,1
54802,6
54830,6
54837,2
54853,0
54858,3
54871,7
54927,0
55023,0
55037,4
55060,5
55092,9
55172,2
55205,7
55330,8
55476,7
55549,4
55554,5
55632,8
55655,2
55754,6
55838,5
55873,0
55967,0
56050,0
56052,7
56082,8
56126,8
56137,0
56175,2
56216,9
56219,0
56229,5
56276,4
56439,7
56514,2
56551,4
56576,1
56752,2
56773,9
56781,0
56798,7
56821,2
57070,8
57314,6
57337,7
57373,3
57389,4
57412,1
57418,1
57461,5
57536,0
57564,7
57600,7
57601,0
57603,1
57621,7
57710,5
57751,7
57754,6
57776,9
57809,7
57853,5
57928,2
57970,7
58035,0
58048,3
58059,9
58071,2
58086,3
58121,0
58132,9
58294,9
58299,7
58327,3
58360,0
58504,4
58507,7
58516,6
58584,0
58612,3
58620,3
58626,6
58746,9
58771,2
58779,8
58781,6
58813,4
58867,4
59033,1
59138,7
59175,0
59328,3
59385,9
59394,3
59396,2
59475,2
59515,4
59609,5
59732,2
59780,4
59899,9
59970,2
59971,2
