51,0
57,9
426,7
551,2
802,6
848,4
896,4
1048,2
1138,9
1149,4
1219,8
1265,5
1323,6
1418,6
1456,6
1551,3
1635,5
1677,3
1783,8
1818,4
1825,7
1826,9
2019,2
2033,9
2056,5
2313,5
2341,4
2408,3
2413,8
2435,0
2444,8
2547,1
2554,5
2556,6
2856,4
2983,4
3135,0
3181,3
3430,1
3460,3
3773,9
4034,7
4054,6
4355,2
4542,2
4547,9
4610,2
4685,1
4830,9
4983,9
5056,5
5095,2
5128,1
5220,8
5359,3
5388,3
5463,8
5507,1
5519,7
5582,1
5747,0
5778,7
6003,1
6251,3
6348,2
6583,8
6716,4
6861,2
6918,9
6935,0
6952,8
7057,1
7315,1
7352,7
7367,3
7401,6
7727,9
7846,0
7893,9
8047,8
8051,1
8060,9
8342,2
8579,4
8623,5
8629,7
8697,6
8785,8
8876,5
8889,8
8906,4
8935,0
9037,3
9042,6
9068,6
9080,3
9116,4
9136,1
9187,6
9388,4
9449,2
9537,8
9610,3
9657,7
9906,1
9954,7
9978,0
10173,5
10176,0
10196,4
10248,1
10289,6
10427,7
10442,6
10734,3
10791,5
10813,6
10926,1
10978,2
11057,1
11405,1
11854,7
11915,6
11970,9
12161,2
12191,6
12297,9
12729,3
12734,1
12844,2
12909,1
12986,5
13014,8
13104,4
13254,1
13327,8
13600,7
13619,5
13673,3
13934,8
13943,4
13995,6
14018,4
14041,1
14075,8
14076,7
14496,4
14544,5
14596,2
14600,7
14699,9
15119,0
15122,7
15233,3
15339,3
15514,4
15883,0
15925,2
15959,1
16206,4
16220,3
16400,5
16411,3
16495,1
16526,4
16575,6
16659,8
16686,1
16782,6
16845,5
16857,2
16916,2
16957,6
17082,3
17132,5
17220,2
17226,9
17275,8
17280,3
17408,6
17570,9
17618,1
17645,5
18329,5
18337,0
18574,8
18601,4
18698,9
18778,5
18857,7
18981,4
19003,7
19652,1
19653,2
19672,4
19754,6
19772,0
19849,5
19920,5
20119,6
20133,8
20305,2
20315,8
20484,4
20773,9
20840,0
20870,1
21001,3
21217,7
21421,8
21661,5
21757,9
21866,3
22028,4
22064,4
22078,9
22209,0
22246,9
22318,3
22540,9
22703,8
22789,6
22952,1
23033,4
23183,5
23536,0
23665,1
23692,4
23766,6
23805,8
23865,8
24009,9
24176,3
24443,7
24541,0
24630,5
24727,7
24739,6
24813,7
24878,7
25018,8
25065,0
25211,7
25478,9
25517,2
25525,7
25570,2
25690,0
25695,3
25819,8
25950,3
26268,1
26292,0
26517,5
26568,7
26619,0
26621,5
26627,4
26715,3
26741,2
26890,4
26924,1
26932,2
27004,9
27049,5
27118,8
27391,9
27429,0
27962,6
27996,5
28011,7
28054,8
28112,2
28128,4
28144,8
28149,9
28314,7
28468,4
28518,4
28585,6
28628,0
28713,9
28714,0
28870,6
28928,9
28945,0
28979,1
29032,7
29383,3
29638,4
29745,8
29750,0
29831,8
30355,2
30527,8
30546,8
30661,8
30748,0
30922,9
30966,1
31155,3
31360,2
31509,0
31913,3
32325,6
32440,1
32612,1
32663,3
32744,2
32776,4
32973,2
32988,7
33034,6
33199,9
33219,0
33220,5
33319,1
33335,7
33539,8
33558,1
33599,9
33893,8
34030,8
34041,5
34070,0
34242,5
34363,3
34397,8
34418,1
34740,3
34888,5
34893,3
34920,9
35015,3
35082,5
35194,9
35284,6
35326,5
35327,0
35348,0
35426,6
35477,8
35519,7
35599,2
35744,3
35817,6
35861,6
35964,4
36049,6
36060,5
36344,6
36359,4
36407,5
36484,0
36511,3
36566,3
36577,4
36619,4
36952,4
37051,8
37188,3
37335,0
37442,6
37466,9
37541,9
37565,1
37570,2
37606,5
37657,7
37700,3
37870,8
37899,4
37929,5
38095,1
38174,3
38215,7
38288,2
38384,1
38466,1
38693,0
38778,8
38835,0
38924,2
38927,3
38965,1
39151,4
39170,2
39172,9
39275,7
39490,7
39597,2
39649,7
39666,5
39817,0
39899,2
40097,1
40212,2
40230,6
40265,8
40266,0
40768,7
40870,2
41062,7
41088,7
41338,0
41518,1
41674,5
41825,4
42229,8
42263,4
42349,0
42385,9
42607,4
42619,7
42709,9
42852,1
42900,8
42973,4
43004,8
43054,6
43297,1
43371,2
43495,2
43609,8
44226,2
44325,0
44367,7
44494,5
44517,6
44575,3
44704,0
44733,5
44852,5
45100,4
45181,8
45257,7
45290,1
45481,8
45544,0
45549,6
45723,1
45810,9
46031,7
46088,6
46130,3
46134,3
46330,8
46369,5
46424,3
46483,2
46516,0
46551,2
46634,3
46866,9
46960,4
46990,5
47088,2
47108,1
47302,2
47408,2
47421,8
47606,4
47640,7
47814,4
48005,6
48278,6
48303,1
48384,9
48639,7
48671,5
48682,3
48710,4
48732,3
48902,1
49023,5
49129,8
49173,6
49180,7
49328,6
49415,7
49461,3
49523,7
49524,6
49820,5
49887,8
49890,5
50295,2
50499,8
50537,9
50747,9
50797,1
50862,0
50941,6
50943,7
50992,7
51087,8
51118,2
51167,0
51171,2
51390,1
51461,5
51464,0
51554,1
51574,9
51654,9
51658,2
51777,0
51829,7
51923,4
51989,5
52101,3
52189,2
52191,3
52275,6
52296,8
52327,3
52613,0
52651,9
52698,0
52769,5
52802,2
52850,1
52885,0
52914,5
53018,1
53096,5
53104,3
53121,2
53204,9
53238,9
53279,9
53280,9
53305,3
53446,4
53631,4
53666,7
53922,5
54100,7
54150,6
54187,4
54317,7
54403,6
54433,0
54494,7
54548,9
54698,9
54796,2
54859,3
55000,1
55009,9
55219,6
55400,0
55571,9
55600,9
55604,8
55626,6
55681,0
55725,6
55754,6
55769,2
55781,8
55843,7
55848,7
55873,0
55983,4
56014,5
56227,4
56303,9
56312,2
56350,4
56433,5
56467,2
56656,1
56707,0
57115,0
57325,7
57398,2
57435,0
57660,3
57810,0
57846,6
57891,6
57945,6
58108,0
58278,3
58336,3
58419,5
58833,4
58834,5
58852,9
59220,8
59240,4
59596,1
59626,7
59640,6
59665,7
59728,1
59800,5
59824,2
59973,9
