20,4
61,4
106,6
214,7
234,0
383,9
468,7
469,8
531,4
1122,9
1212,4
1214,8
1275,4
1316,9
1380,4
1444,2
1479,0
1599,3
1779,6
1781,6
1791,3
1997,5
2047,1
2090,7
2099,9
2456,3
2464,2
2512,7
2525,0
2551,5
2584,0
2771,3
2847,2
2912,5
2944,0
2954,6
3422,3
3724,4
3768,5
3821,6
3910,6
4134,5
4152,1
4184,5
4207,7
4224,4
4227,7
4230,2
4287,8
4401,2
4420,1
4564,4
4630,9
4696,1
4732,6
4781,4
4906,0
5055,8
5225,1
5253,7
5413,6
5458,3
5543,1
5743,8
6062,1
6082,1
6370,5
6398,3
6400,0
6582,8
6614,0
6663,0
6733,4
6996,4
7015,6
7128,0
7162,3
7268,6
7299,4
7437,7
7518,9
7675,3
7759,6
7854,4
7920,2
8001,6
8188,3
8215,4
8376,6
8453,2
8564,2
8596,7
8718,7
8726,6
8768,4
8821,3
8873,1
8949,7
8997,2
9166,0
9300,3
9414,5
9464,5
9497,6
9538,7
9936,8
10016,2
10058,1
10235,9
10249,9
10251,7
10258,5
10637,7
10663,8
10727,7
10806,0
10864,7
10970,9
11099,7
11192,9
11413,8
11414,4
11474,9
11547,4
11556,3
11818,4
11899,2
11915,6
12026,8
12154,1
12188,7
12191,6
12267,4
12321,0
12593,3
12708,9
12775,3
12891,5
13066,0
13085,6
13193,3
13213,1
13277,2
13288,3
13304,9
13506,2
13653,4
13717,9
13789,7
13967,1
14012,0
14132,2
14294,9
14321,1
14346,1
14354,1
14367,3
14645,8
14707,5
14710,7
14826,8
14848,6
14901,2
15065,0
15116,5
15153,2
15315,5
15444,5
15752,4
15860,9
15918,5
15928,0
16029,3
16067,9
16080,1
16203,1
16329,3
16487,5
16528,7
16540,0
16650,2
16675,2
16738,4
16755,3
16776,9
16818,4
16828,8
16863,4
16883,8
16909,2
17066,6
17147,9
17287,6
17303,7
17361,8
17579,2
18102,0
18134,6
18198,2
18243,3
18310,8
18439,8
18460,2
18600,5
18708,4
18843,7
19002,6
19334,7
19433,7
19474,3
19556,2
19575,3
19676,5
19708,3
19778,9
19935,0
20076,6
20343,6
20408,8
20458,3
20521,8
20756,3
20811,9
20860,5
20869,3
20899,1
21197,2
21255,2
21355,0
21662,7
21842,9
21931,4
21964,1
21998,3
22058,3
22317,0
22318,3
22328,1
22489,1
22501,9
22545,1
22749,0
22897,0
22977,3
23063,8
23572,3
23683,2
23711,7
23762,1
23777,2
23794,2
23876,9
23884,0
23947,5
24137,8
24455,7
24730,5
24734,4
24777,0
24817,9
25050,4
25103,1
25118,1
25156,2
25170,4
25315,5
25613,4
25629,0
25646,6
25876,1
25979,7
26056,7
26136,8
26177,9
26393,6
26505,3
26655,5
26828,9
26979,0
27050,0
27223,2
27275,6
27319,6
27346,4
27382,6
27696,2
27736,2
27749,0
27758,7
27777,5
28028,4
28033,8
28173,4
28174,3
28186,0
28243,4
28303,3
28336,2
28413,5
28508,6
28534,5
28571,3
28684,2
28718,1
28801,2
28820,3
28915,8
29029,5
29032,7
29133,1
29142,8
29212,7
29378,0
30285,5
30306,3
30359,7
30402,5
30405,5
30795,4
31089,9
31153,3
31289,6
31437,6
31454,2
31599,8
31904,0
31954,6
32018,8
32123,9
32170,2
32422,3
32605,0
32727,0
32759,9
32819,7
32837,8
32969,6
33072,8
33156,9
33191,1
33200,5
33454,6
33652,1
33898,8
33915,4
33998,1
34299,5
34300,9
34372,8
34528,7
34561,5
34588,1
34598,9
34600,7
34635,8
34642,3
34773,0
34792,1
34954,9
34960,6
35243,0
35364,8
35396,1
35439,6
35604,8
35676,9
35743,5
35768,6
35966,4
36117,1
36254,6
36384,4
36436,7
36451,1
36562,0
36567,9
36581,6
36636,6
36716,3
36953,0
37106,8
37310,6
37374,3
37613,2
37674,1
37681,9
37733,7
37830,5
38076,7
38098,7
38109,3
38197,2
38669,7
38691,0
39024,4
39027,5
39281,1
39291,8
39322,8
39341,4
39444,1
39498,0
39616,7
39625,5
39751,8
39931,1
40011,8
40066,4
40136,9
40245,8
40282,6
40323,7
40371,9
40468,1
40577,1
40620,3
40632,2
40835,4
40854,9
40929,2
41323,6
41450,7
41638,1
41779,7
41797,6
41799,1
41870,4
42036,7
42042,4
42232,5
42356,9
42407,5
42501,7
42507,4
42625,1
42743,9
42894,1
42914,3
42944,8
42963,9
42993,9
43016,1
43141,6
43221,5
43442,5
43595,1
43703,4
43730,3
44052,4
44191,3
44221,8
44268,0
44272,8
44286,8
44325,0
44794,2
44861,8
45011,5
45085,2
45169,2
45171,3
45236,9
45268,2
45394,4
45432,5
45715,7
45995,3
46244,5
46256,1
46332,0
46614,8
46652,3
46713,5
46831,9
46841,2
46907,9
47163,8
47215,4
47307,7
47320,5
47371,0
47600,7
47714,0
47768,5
47789,6
48147,2
48253,1
48424,5
48600,1
48707,6
48727,0
48740,6
48848,1
48897,1
48919,4
48954,2
48958,6
48991,2
49095,8
49158,2
49159,7
49197,0
49353,6
49385,7
49562,9
49714,9
50094,1
50111,5
50118,6
50182,4
50187,5
50219,1
50524,8
50616,4
50667,1
50692,8
50745,8
50836,6
50954,5
51092,3
51116,3
51183,8
51289,9
51470,9
51680,0
51820,4
52218,8
52259,3
52270,9
52528,7
52572,4
53459,4
53498,1
53584,3
53683,9
53740,3
53861,0
53989,2
54013,3
54102,0
54125,2
54194,7
54203,5
54300,9
54392,0
54581,5
54595,0
54616,3
54630,6
54695,7
54718,4
54770,4
54815,2
55061,8
55117,7
55149,2
55224,9
55261,5
55361,0
55557,8
55603,7
55783,9
56036,5
56075,9
56168,2
56179,6
56412,8
56571,5
56766,0
56894,8
57080,8
57206,9
57231,5
57239,9
57252,0
57253,6
57297,6
57394,2
57416,2
57502,7
57514,6
57574,2
57593,5
57642,0
57711,1
57932,3
57955,8
58035,0
58081,9
58492,0
58769,0
58930,5
58969,8
59045,2
59146,6
59233,1
59374,2
59434,4
59724,7
59941,4
