8,1
30,3
207,3
308,2
497,7
517,8
553,1
577,0
726,8
844,2
867,3
1127,7
1145,3
1163,4
1293,1
1329,8
1471,0
1759,8
1780,8
1817,5
1849,6
1889,6
2099,9
2184,2
2282,5
2330,5
2668,8
2775,5
2875,2
2879,2
3027,8
3256,9
3291,3
3297,6
3344,1
3403,6
3413,2
3433,5
3670,3
3883,8
3902,2
4103,8
4136,3
4291,1
4399,9
4555,9
4913,1
4935,2
5113,2
5131,0
5148,3
5169,1
5192,0
5241,2
5310,6
5462,0
5472,7
5473,7
5595,9
5599,5
5779,1
5848,6
5851,7
5941,3
5993,6
6053,7
6080,2
6135,1
6172,2
6240,8
6302,0
6451,5
6581,6
6637,2
6652,4
6687,3
6755,2
6768,0
6825,3
7030,3
7070,9
7074,1
7276,5
7602,9
7647,9
7682,8
7735,5
7829,6
7880,6
7891,8
7917,5
7923,8
8097,2
8197,8
8212,2
8271,9
8355,0
8430,1
8502,7
8841,2
8907,3
8995,4
8996,4
9150,9
9691,0
9736,2
9820,0
10007,1
10038,9
10069,0
10147,7
10198,9
10280,5
10373,5
10382,9
10464,2
10729,6
10756,3
10825,2
10862,8
10997,4
11411,6
11465,9
11507,5
11765,1
11774,2
11839,5
11900,9
11995,1
12110,5
12222,3
12356,1
12537,7
12567,6
12645,3
12672,2
12901,3
12991,4
13276,5
13342,8
13439,9
13527,2
13564,4
13742,9
13833,0
13866,8
13899,8
13977,6
14080,3
14093,8
14120,9
14136,6
14186,6
14199,5
14206,4
14239,9
14463,1
14492,6
14505,7
14537,4
14674,3
14689,5
14786,3
14810,3
15012,5
15321,8
15360,9
15414,9
15481,5
15658,9
15676,5
15693,9
15731,2
15924,6
15978,6
16060,2
16186,7
16263,8
16327,2
16388,9
16399,4
16474,0
16622,9
16623,7
16786,6
16791,2
17057,4
17059,6
17164,6
17171,1
17314,0
17413,1
17678,4
17716,5
17724,7
17939,9
17949,4
18037,7
18113,0
18146,9
18235,1
18267,6
18458,9
18490,4
18513,7
18623,8
18774,8
18852,1
18988,4
19231,3
19309,6
19368,3
19397,2
19504,0
19570,8
19648,7
19667,9
19704,7
19904,7
20000,5
20045,1
20049,0
20060,0
20065,2
20087,6
20160,2
20166,3
20277,7
20310,7
20386,7
20408,8
20679,2
20769,5
20866,7
20941,3
20943,9
20953,0
21107,4
21166,1
21192,9
21222,7
21278,3
21332,6
21425,2
21460,1
21660,3
21894,7
21918,6
21920,6
21960,0
22386,2
22533,1
22821,5
22988,4
23083,4
23174,4
23185,2
23215,8
23272,4
23326,4
23466,8
23476,6
23600,6
23669,8
23742,6
23836,5
23907,6
24366,1
24425,2
24546,2
24553,9
24892,0
25177,5
25197,4
25231,3
25243,0
25535,3
25669,5
25714,0
25776,8
25988,8
26009,1
26050,3
26457,0
26506,4
26590,5
26671,3
26768,6
26797,4
26884,6
26935,8
27108,2
27145,0
27159,1
27245,1
27549,1
27579,8
27730,9
27743,4
27955,4
28200,2
28489,0
28593,0
28623,8
28764,7
29035,6
29055,0
29311,0
29320,1
29423,7
29849,1
29859,7
29898,4
29906,2
29991,3
30003,9
30046,5
30347,8
30415,8
30507,6
30576,6
30897,3
30988,7
31235,4
31295,9
31329,8
31331,7
31360,2
31383,7
31493,2
31716,0
31843,1
31926,5
31939,9
32357,6
32370,6
32718,1
32763,2
33050,7
33244,0
33306,4
33381,0
33511,5
33771,8
33884,4
33922,4
34053,1
34082,5
34107,8
34502,0
34545,4
34547,3
34680,2
34863,8
35119,6
35157,0
35488,0
35576,8
35745,7
35863,7
35909,2
35910,6
36271,1
36293,6
36383,6
36514,5
36559,5
36569,0
36637,6
36673,6
36785,8
36871,0
37055,7
37061,1
37105,3
37255,8
37453,5
37480,7
37607,1
37773,9
37892,6
37894,5
38017,7
38071,5
38193,3
38236,4
38727,9
38922,4
38930,9
38935,2
38999,9
39036,6
39100,3
39123,4
39147,2
39166,9
39271,5
39276,7
39324,4
39328,1
39352,1
39369,6
39523,7
39606,0
39704,3
39846,1
40007,1
40038,0
40121,3
40166,3
40168,4
40181,1
40227,5
40264,9
40310,1
40557,7
40565,0
40590,7
40719,4
40759,5
40779,1
40825,0
40898,3
41087,2
41156,0
41216,2
41501,9
41735,6
41845,4
41994,3
42145,7
42221,5
42663,5
42864,5
42873,8
43082,7
43218,5
43224,3
43518,6
43530,4
43601,4
43846,8
44206,8
44276,0
44297,7
44315,6
44416,3
44438,9
44530,4
44608,3
44646,4
44695,8
44909,6
44917,0
44999,5
45084,9
45101,5
45118,5
45133,2
45303,0
45304,9
45404,4
45627,1
45632,9
45871,7
45951,7
46150,4
46276,1
46279,3
46306,3
46459,0
46573,8
46645,9
46786,4
47077,5
47104,5
47176,8
47188,8
47331,8
47346,0
47438,8
47508,2
47513,0
47664,9
47692,1
47709,1
47953,0
48040,1
48134,5
48161,5
48211,2
48311,3
48345,5
48412,0
48419,0
48504,9
48547,0
48624,2
48625,1
48649,6
48682,3
48841,2
49029,2
49161,6
49253,5
49380,1
49417,4
49473,1
49609,4
49647,4
49942,4
50132,6
50149,4
50150,1
50337,3
50519,9
50524,8
50775,3
50786,5
50874,7
50972,7
51066,6
51111,4
51251,5
51292,7
51381,3
51437,8
51548,1
51736,5
51818,0
51840,9
51870,2
51918,3
52124,7
52161,0
52221,0
52243,4
52246,4
52548,2
52586,1
52764,8
52775,8
52894,2
52936,3
53059,9
53247,9
53255,0
53280,9
53484,1
53511,9
53776,4
53918,6
54035,7
54202,5
54221,0
54590,8
54669,7
55057,6
55177,0
55425,7
55637,2
55750,7
55793,4
55829,7
56078,9
56103,0
56184,4
56293,4
56365,1
56563,4
56656,1
56994,3
57188,7
57358,2
57466,4
57501,8
57594,3
57817,3
58113,3
58219,3
58328,3
58458,0
58468,2
58517,7
58539,9
58547,5
58577,9
58676,7
58796,9
58886,1
58905,8
58958,6
58981,7
58996,8
59090,8
59276,7
59546,5
59661,7
59872,1
59986,6
