26,4
107,3
139,4
140,7
281,3
283,0
410,2
441,9
484,1
541,4
656,0
840,3
967,4
1040,0
1060,1
1136,6
1164,4
1170,8
1177,9
1420,5
1467,5
1552,9
1673,7
1767,4
1812,4
2007,7
2205,2
2219,9
2241,3
2255,1
2265,8
2284,9
2380,7
2603,3
2613,9
2628,8
2830,1
3073,8
3153,8
3182,4
3323,3
3428,7
3442,7
3494,7
3496,4
3625,4
3698,0
3715,0
3972,5
4106,0
4163,1
4226,7
4234,3
4367,6
4474,2
4625,5
4635,6
4715,1
4812,4
4949,9
4983,9
4994,0
5041,3
5066,5
5325,7
5388,3
5424,5
5429,1
5535,7
5560,0
5628,8
5664,9
5665,0
5671,6
5709,6
5769,7
5797,9
5828,5
6265,6
6477,8
6500,3
6534,8
6578,6
6603,0
6615,0
6645,0
6660,5
7026,8
7118,9
7131,1
7282,4
7333,4
7492,9
7510,2
7555,2
7612,2
7626,3
7695,2
7736,2
7827,2
7948,0
8008,8
8087,1
8318,9
8417,6
8453,2
8458,4
8656,5
9017,1
9067,0
9360,2
9381,5
9508,2
9538,7
9563,1
9643,1
9738,5
9855,2
9920,4
10061,8
10106,2
10224,6
10342,1
10946,7
11035,8
11122,7
11166,7
11198,5
11223,9
11256,4
11265,5
11322,8
11523,5
11766,7
11858,8
11977,2
12162,9
12231,6
12233,7
12432,9
12460,4
12537,7
12602,3
12615,4
12720,3
12935,4
13037,8
13204,8
13273,1
13283,1
13462,9
13770,6
13784,5
13925,2
14069,5
14136,6
14232,6
14297,3
14362,8
14389,5
14461,0
14480,8
14483,5
14622,7
14686,3
14793,4
14922,9
14984,9
15350,3
15414,9
15464,5
15470,2
15778,5
15835,1
15877,7
15902,2
15913,9
15945,3
16037,4
16116,5
16117,9
16496,7
16504,3
16768,6
16931,5
16966,7
17269,2
17491,3
17616,6
17802,1
17869,5
18022,0
18079,3
18081,4
18158,2
18219,0
18226,1
18304,1
18306,4
18426,3
18507,0
18696,5
18967,8
19060,0
19233,4
19372,7
19425,3
19433,7
19664,0
19680,2
19861,0
19984,6
20166,3
20325,5
20660,8
20715,2
20803,1
20806,6
20857,7
21016,5
21032,9
21125,8
21213,9
21221,3
21290,6
21395,8
21467,8
21490,4
21684,6
21747,0
21767,1
21841,7
22027,2
22083,2
22112,2
22332,9
22508,5
22641,2
22654,6
22774,4
22806,6
22867,5
22905,4
23070,7
23209,5
23223,6
23263,8
23315,0
23320,3
23354,6
23359,4
23467,9
23496,5
23501,1
23510,8
23542,9
23790,6
23935,8
24034,0
24050,2
24286,6
24287,4
24342,6
24428,6
24527,4
24590,4
24691,8
24857,8
24957,6
25027,1
25143,8
25152,0
25166,0
25259,5
25369,2
25384,5
25472,9
25539,5
25594,7
25722,4
25836,0
25870,8
25898,1
25929,7
26400,9
26405,9
26629,3
26737,8
26741,2
26748,9
26999,0
27018,1
27052,2
27071,1
27143,3
27164,9
27499,5
27585,1
27702,6
28011,7
28027,6
28155,2
28299,3
28621,7
28781,7
28784,0
28819,1
29139,8
29398,3
29403,1
29518,1
29567,1
29628,1
29775,7
29848,0
29993,9
30012,5
30063,6
30180,4
30201,7
30228,2
30346,2
30580,2
30605,0
30755,6
30824,3
31011,3
31422,2
31633,1
31641,3
32218,8
32703,3
32739,6
32806,8
33003,0
33078,0
33152,8
33174,9
33182,9
33234,7
33243,1
33398,1
33409,5
33447,8
33473,4
33635,7
33692,6
33814,6
33815,5
33828,3
33866,5
34042,8
34076,3
34218,2
34301,9
34447,6
34645,3
34688,9
34719,8
35023,2
35050,0
35153,2
35308,8
35342,6
35523,9
35604,8
35925,1
35968,6
36179,8
36267,6
36350,4
36418,9
36623,3
36690,5
36728,2
36818,7
36877,4
36890,6
36986,8
37015,2
37446,2
37528,4
37535,6
37708,0
38004,7
38018,7
38045,6
38243,7
38281,3
38312,9
38358,9
38386,8
38457,9
38599,0
38642,6
38748,9
38911,3
39025,9
39053,7
39260,6
39471,4
39963,4
40039,0
40067,7
40159,5
40211,7
40326,5
40337,3
40438,1
40441,0
40578,3
40741,6
40799,9
40817,0
40919,4
40999,1
41311,9
41313,7
41329,9
41378,3
41732,1
41798,5
41919,7
41934,5
41937,2
41990,4
41997,2
42011,7
42175,1
42213,4
42545,3
42610,0
42758,3
42824,7
42839,2
42928,7
42933,4
43132,3
43201,8
43315,1
43669,7
43864,9
43867,5
44251,4
44267,8
44311,7
44331,6
44768,0
44875,8
44883,0
44886,1
45212,5
45415,9
45642,3
45667,5
45704,3
45932,2
46083,2
46212,2
46229,6
46538,6
46615,7
46721,9
46757,4
46781,4
46808,5
46855,1
46939,4
46963,0
47488,0
47556,9
47564,6
47782,2
47837,1
47865,9
47892,8
47905,1
48203,8
48361,1
48368,1
48415,3
48453,7
48549,2
48560,8
48763,4
48774,5
49110,0
49195,4
49229,0
49376,3
49405,6
49429,0
49454,2
49458,7
49498,2
49595,0
49606,1
49841,3
49860,1
49863,5
50076,6
50097,8
50234,7
50418,6
50684,0
51009,8
51089,6
51238,2
51264,4
51355,6
51532,7
51556,1
51631,1
51649,0
51683,7
51780,4
51849,2
51906,8
52195,5
52332,5
52357,9
52478,9
52481,9
52664,3
52702,3
52873,4
52877,6
52956,2
52975,2
53006,8
53155,8
53167,3
53189,0
53236,8
53332,3
53348,1
53399,0
53421,4
53822,5
53879,2
53935,9
54060,3
54078,2
54183,6
54217,8
54361,5
54439,7
54470,5
54772,3
54813,4
55008,3
55076,5
55083,1
55134,6
55460,5
55684,4
55690,4
55786,1
55873,0
56153,6
56420,3
56505,8
56514,2
56517,5
56551,4
56576,1
56681,9
56940,0
57045,8
57174,8
57209,4
57504,7
57620,2
57695,0
57890,2
57916,0
58003,4
58013,9
58165,5
58295,6
58371,8
58434,1
58642,3
58707,3
58745,1
58781,6
58975,7
59080,9
59175,0
59199,1
59212,5
59249,0
59311,5
59372,0
59418,0
59449,9
59626,7
59692,1
59862,4
59984,1
