32,6
34,0
86,3
101,7
106,6
164,4
187,2
194,4
202,8
242,3
245,8
270,1
275,4
298,3
315,1
318,2
359,0
394,1
422,7
430,6
437,5
451,0
470,1
474,5
558,2
565,6
660,6
664,2
710,1
712,0
724,7
742,4
748,5
754,4
764,9
771,5
815,5
822,9
831,8
833,1
844,2
854,2
857,3
871,1
887,9
933,7
942,7
988,4
1015,0
1047,2
1077,3
1098,4
1111,5
1118,1
1156,7
1160,4
1177,9
1196,4
1219,8
1245,5
1292,9
1326,7
1343,7
1382,5
1392,7
1402,5
1416,7
1427,2
1441,9
1455,9
1502,0
1546,4
1564,7
1567,6
1572,2
1587,5
1590,0
1598,8
1602,2
1634,3
1659,9
1670,5
1702,5
1703,1
1804,8
1805,3
1808,4
1835,6
1838,1
1877,0
1897,0
1906,6
1921,3
1929,5
1943,8
1967,4
1994,3
2012,1
2024,7
2028,5
2052,4
2068,8
2133,7
2151,1
2162,1
2196,6
2217,4
2240,4
2265,8
2276,4
2293,6
2313,5
2322,2
2347,7
2359,3
2365,6
2370,9
2371,9
2450,2
2473,0
2508,2
2542,4
2560,4
2590,6
2602,6
2629,0
2636,8
2662,6
2664,2
2681,8
2688,1
2689,4
2708,1
2729,0
2748,2
2751,3
2753,4
2760,3
2769,2
2773,4
2777,6
2805,8
2815,9
2830,1
2835,7
2841,8
2846,2
2858,1
2890,0
2921,5
2941,3
2959,2
2979,2
2989,9
2997,9
3001,0
3040,8
3153,8
3173,9
3185,5
3188,5
3196,8
3204,5
3214,7
3222,4
3233,3
3265,9
3319,3
3347,3
3352,4
3399,4
3404,3
3418,1
3423,7
3468,1
3489,8
3500,5
3518,7
3521,3
3530,6
3533,9
3573,4
3603,0
3606,3
3615,6
3619,8
3640,7
3679,2
3684,3
3695,5
3698,0
3700,6
3710,2
3766,8
3777,0
3782,7
3789,6
3804,7
3845,8
3884,0
3901,1
3908,6
3914,7
3993,6
4007,5
4022,3
4050,9
4069,1
4070,1
4099,4
4112,6
4131,7
4133,4
4171,5
4199,3
4202,1
4213,8
4215,8
4249,6
4262,3
4306,9
4307,9
4330,7
4372,7
4374,0
4391,8
4405,1
4422,7
4429,3
4431,6
4441,1
4444,0
4491,3
4503,9
4537,8
4539,0
4558,5
4625,5
4674,3
4675,8
4720,9
4758,4
4760,5
4792,3
4801,5
4802,4
4857,6
4866,3
4870,0
4885,5
4898,3
4900,1
4904,7
4920,1
4936,9
4952,4
4985,0
5001,3
5030,8
5088,3
5092,3
5124,4
5135,2
5142,9
5156,2
5213,6
5219,9
5222,6
5278,4
5282,9
5299,8
5332,3
5333,8
5335,8
5342,0
5345,2
5370,3
5373,0
5429,1
5439,1
5471,3
5473,7
5493,3
5523,9
5530,1
5560,0
5567,3
5570,1
5572,9
5620,5
5696,8
5699,8
5754,7
5778,7
5795,7
5828,5
5836,9
5837,6
5849,6
5890,2
5898,9
5900,2
5946,7
5959,7
5973,6
6001,0
6006,8
6009,4
6034,0
6057,3
6058,4
6266,6
6375,7
6396,6
6406,0
6420,3
6463,1
6485,7
6497,3
6511,1
6522,3
6529,5
6566,7
6567,6
6581,6
6609,1
6615,0
6648,0
6658,3
6659,8
6673,6
6686,7
6719,3
6721,6
6723,0
6734,9
6737,0
6775,1
6784,3
6811,2
6837,6
6848,5
6849,5
6851,1
6857,0
6923,0
7019,4
7058,3
7067,3
7068,5
7072,2
7073,5
7105,1
7109,6
7119,1
7122,8
7175,1
7184,8
7198,9
7233,9
7308,8
7326,2
7342,6
7345,1
7358,0
7360,2
7372,0
7457,5
7496,1
7514,8
7548,0
7549,6
7570,8
7582,3
7609,1
7710,0
7711,6
7719,2
7734,4
7742,9
7745,3
7760,2
7762,3
7766,3
7769,7
7773,9
7799,8
7842,5
7843,4
7862,3
7880,6
7889,7
7916,2
7936,9
7991,6
8006,4
8132,8
8153,6
8191,6
8192,3
8210,8
8221,8
8231,9
8237,7
8257,2
8259,3
8333,4
8344,4
8346,4
8368,0
8372,2
8390,2
8396,7
8400,4
8441,8
8449,0
8528,3
8536,8
8545,0
8547,9
8556,7
8581,9
8622,4
8643,3
8648,1
8657,4
8684,3
8696,4
8759,8
8767,5
8806,1
8839,1
8852,2
8874,4
8875,4
8890,4
8911,6
8915,8
8917,0
8920,8
8937,1
8987,1
8990,7
9008,8
9013,1
9048,0
9068,6
9073,5
9096,5
9100,4
9113,6
9118,9
9124,5
9128,9
9134,8
9179,2
9192,3
9196,0
9200,7
9239,6
9313,0
9324,3
9328,5
9347,9
9360,2
9366,5
9392,4
9411,3
9450,5
9493,4
9495,5
9500,6
9540,1
9555,9
9557,8
9603,7
9605,5
9611,8
9641,8
9644,7
9684,5
9759,3
9780,2
9781,4
9831,7
9849,5
9875,1
9878,7
9883,4
9891,2
9900,8
9922,0
9934,0
9941,9
9945,5
9956,8
9959,3
9985,0
10058,1
10060,4
10064,8
10090,2
10093,3
10100,2
10102,9
10107,0
10113,2
10121,0
10132,9
10201,8
10203,0
10311,4
10312,2
10329,3
10339,8
10356,6
10398,8
10451,5
10461,7
10484,6
10511,3
10544,7
10559,8
10582,2
10605,3
10623,9
10629,2
10632,8
10703,5
10709,6
10754,6
10764,5
10769,7
10774,6
10789,4
10801,0
10884,5
10905,8
10916,0
10976,6
10984,3
10987,5
11017,2
11029,0
11034,3
11077,0
11083,3
11093,1
11096,9
11115,5
11119,7
11135,1
11178,1
11184,4
11199,9
11213,8
11242,2
11270,5
11303,4
11333,9
11367,9
11368,9
11383,8
11398,8
11423,9
11453,0
11454,3
11517,7
11559,0
11581,2
11658,4
11682,9
11742,0
11776,5
11796,8
11805,7
11863,3
11895,1
11902,0
11906,9
11923,8
11934,9
11937,7
11939,1
11956,4
12015,2
12077,4
12120,9
12158,1
12174,8
12195,0
12202,9
12205,0
12209,1
12226,1
12237,9
12246,3
12249,5
12310,1
12320,9
12332,4
12339,0
12364,7
12365,1
12430,3
12460,4
12463,3
12473,8
12477,0
12487,5
12502,5
12545,3
12547,6
12563,9
12579,7
12595,4
12604,5
12609,8
12628,7
12651,9
12662,0
12681,1
12698,3
12708,9
12717,7
12736,5
12764,0
12773,9
12774,7
12778,8
12779,4
12896,7
12899,8
12901,3
12937,5
12939,6
13014,8
13049,9
13053,7
13060,5
13069,4
13077,0
13090,1
13092,5
13122,8
13134,3
13157,1
13170,6
13181,3
13186,8
13215,0
13276,5
13318,6
13324,5
13330,2
13357,6
13370,2
13375,6
13391,7
13405,7
13409,9
13495,2
13498,8
13512,7
13523,2
13532,5
13542,1
13616,9
13626,8
13627,2
13664,4
13674,1
13677,8
13680,8
13681,5
13745,3
13765,4
13771,2
13772,6
13799,0
13801,9
13822,0
13841,4
13846,6
13851,9
13872,0
13942,4
13945,9
13964,6
13966,8
13978,7
14028,3
14072,6
14077,9
14096,5
14118,2
14128,8
14157,0
14164,9
14169,1
14179,0
14254,9
14270,8
14281,9
14297,3
14327,1
14388,3
14419,0
14422,2
14432,4
14452,8
14480,8
14484,2
14512,5
14517,2
14548,3
14596,2
14700,4
14738,3
14771,2
14772,8
14784,6
14801,6
14832,7
14872,8
14906,1
14907,5
14911,7
14928,9
14938,2
15015,0
15030,2
15052,3
15063,9
15070,5
15073,1
15076,3
15120,0
15122,7
15124,9
15163,3
15172,7
15180,4
15186,3
15197,5
15199,7
15219,8
15299,4
15308,1
15311,0
15322,3
15323,9
15325,0
15338,6
15407,0
15409,3
15410,7
15426,4
15454,0
15456,4
15462,5
15477,3
15496,3
15506,2
15513,7
15517,9
15546,8
15624,8
15636,8
15645,8
15662,0
15668,4
15718,7
15732,5
15738,8
15739,8
15743,3
15775,8
15823,2
15858,9
15868,0
15882,0
15885,1
15911,8
15942,4
15943,4
15945,3
15968,3
15970,9
15975,5
15978,6
15998,7
16049,7
16078,3
16080,1
16086,1
16097,6
16111,3
16135,8
16149,9
16158,8
16215,5
16224,1
16258,6
16280,9
16282,8
16306,0
16321,8
16354,0
16357,5
16369,7
16388,9
16392,1
16397,4
16407,3
16414,3
16423,0
16428,0
16441,1
16443,4
16450,4
16484,0
16487,5
16500,8
16501,0
16512,3
16518,0
16555,6
16571,4
16590,6
16591,1
16593,4
16676,3
16682,5
16688,8
16694,1
16701,2
16755,3
16806,9
16808,9
16809,7
16848,7
16911,3
16950,1
17016,5
17048,0
17082,3
17116,3
17164,6
17168,6
17225,1
17239,5
17273,6
17308,3
17311,9
17320,3
17324,3
17367,1
17368,7
17396,6
17401,6
17460,3
17462,0
17464,2
17474,4
17532,7
17535,0
17545,8
17571,9
17595,2
17643,3
17648,0
17733,4
17755,0
17764,6
17772,7
17773,6
17803,8
17819,5
17852,6
17855,6
17897,7
17900,1
17906,3
17914,5
17917,7
17968,0
17973,2
18025,7
18052,6
18088,4
18096,6
18097,2
18120,3
18144,6
18148,1
18150,8
18198,2
18235,1
18248,5
18251,9
18266,1
18274,3
18314,1
18321,1
18329,5
18384,1
18410,7
18414,8
18434,8
18458,9
18488,1
18493,1
18494,7
18495,5
18498,7
18533,8
18546,1
18548,6
18590,0
18592,4
18593,6
18611,6
18617,4
18631,2
18651,2
18718,0
18719,5
18727,3
18751,4
18753,7
18785,3
18786,9
18802,3
18856,8
18877,4
18898,4
18903,6
18917,9
18923,0
18927,2
18992,3
18995,2
18999,4
19038,0
19040,6
19041,8
19104,0
19113,9
19185,9
19225,0
19239,9
19257,7
19267,8
19272,6
19274,6
19279,5
19293,6
19311,4
19318,5
19319,5
19330,6
19337,3
19390,5
19399,0
19405,4
19437,9
19454,0
19461,1
19487,5
19501,3
19503,6
19514,4
19525,7
19526,1
19528,1
19529,5
19530,6
19563,6
19578,5
19579,3
19584,0
19589,5
19657,4
19673,2
19680,2
19688,2
19689,0
19705,8
19726,0
19780,7
19800,7
19820,5
19851,6
19864,8
19869,7
19892,5
19915,0
19930,0
19939,2
19961,4
19966,1
19969,0
19987,7
20048,7
20092,5
20104,6
20111,9
20113,6
20175,0
20183,4
20194,1
20205,0
20209,5
20213,3
20217,8
20253,6
20255,7
20266,5
20285,3
20312,7
20316,9
20333,9
20345,9
20376,9
20411,2
20425,4
20510,0
20536,1
20562,9
20574,4
20587,3
20591,0
20612,2
20615,3
20629,2
20669,7
20719,0
20722,8
20760,1
20761,2
20763,9
20798,1
20816,0
20822,6
20825,9
20833,3
20854,5
20925,9
20936,0
20962,4
20988,1
20994,5
20998,6
21001,3
21004,6
21090,1
21122,6
21136,2
21162,9
21176,3
21184,5
21188,8
21195,6
21204,5
21206,5
21255,2
21270,4
21281,1
21284,3
21295,8
21327,4
21330,2
21334,1
21347,6
21362,1
21406,8
21430,4
21447,3
21471,9
21496,3
21551,9
21553,0
21556,8
21581,4
21589,8
21597,2
21618,1
21645,9
21650,8
21700,7
21709,1
21716,1
21774,9
21781,6
21782,5
21802,2
21841,7
21915,7
21945,0
21958,1
21973,4
21987,9
22001,8
22033,5
22040,0
22131,7
22145,6
22152,0
22170,1
22177,2
22205,5
22213,0
22223,9
22300,7
22363,5
22370,1
22400,4
22407,2
22429,0
22463,5
22477,3
22526,8
22557,8
22558,2
22586,1
22589,0
22594,2
22595,4
22599,5
22609,6
22644,1
22646,0
22659,1
22706,0
22709,6
22712,2
22720,5
22721,3
22730,3
22736,5
22794,1
22804,9
22816,0
22822,5
22843,4
22849,8
22857,0
22876,7
22931,1
22944,6
22967,9
23016,9
23017,4
23025,2
23037,1
23056,1
23073,6
23092,8
23114,2
23131,0
23138,2
23146,5
23148,6
23151,4
23152,4
23194,2
23197,4
23198,6
23244,6
23254,1
23274,4
23285,9
23324,5
23417,1
23455,5
23459,4
23473,1
23493,1
23495,0
23524,8
23540,7
23594,6
23598,0
23604,1
23613,0
23631,8
23658,4
23674,8
23690,5
23694,6
23755,1
23769,8
23773,0
23882,0
23948,8
23972,5
23978,7
24023,6
24050,2
24074,6
24091,6
24101,8
24107,5
24121,0
24156,9
24160,8
24163,1
24181,7
24203,2
24218,3
24242,6
24257,6
24262,4
24269,2
24294,3
24303,2
24370,8
24375,7
24393,0
24396,8
24431,1
24435,3
24459,9
24460,8
24462,2
24467,2
24484,2
24508,9
24527,4
24537,0
24554,6
24557,2
24584,3
24612,2
24636,0
24640,0
24643,9
24654,8
24715,0
24724,2
24747,3
24753,6
24793,1
24813,7
24848,1
24854,5
24869,4
24890,5
24913,0
24927,9
24949,9
24962,0
25005,0
25038,2
25067,1
25076,6
25082,0
25084,5
25121,7
25122,2
25165,6
25180,4
25197,4
25214,0
25258,9
25274,1
25297,6
25309,2
25313,4
25317,6
25319,7
25323,9
25343,9
25371,9
25375,9
25381,2
25442,2
25507,2
25526,2
25551,2
25554,7
25581,7
25589,9
25610,7
25612,4
25647,8
25652,9
25666,1
25670,4
25672,2
25676,0
25686,8
25699,9
25714,0
25723,5
25734,1
25739,4
25748,7
25772,4
25794,1
25823,0
25844,4
25864,1
25881,9
25882,3
25961,1
25986,8
26004,7
26027,0
26032,6
26049,7
26065,6
26124,6
26128,4
26133,1
26134,5
26143,5
26154,3
26165,3
26166,4
26195,5
26199,9
26204,5
26209,3
26237,2
26261,0
26291,3
26302,9
26314,9
26339,0
26340,2
26345,6
26390,1
26425,6
26426,9
26441,7
26461,2
26468,2
26473,1
26475,0
26534,3
26564,4
26610,1
26613,2
26669,2
26688,2
26729,6
26734,7
26764,9
26777,6
26778,7
26812,1
26818,0
26832,0
26841,6
26900,6
26939,1
26953,8
26988,6
27001,4
27002,5
27004,9
27042,5
27044,4
27066,9
27144,7
27147,8
27149,6
27163,9
27207,1
27219,7
27248,3
27259,5
27267,4
27279,3
27319,6
27320,6
27391,9
27394,0
27424,4
27480,3
27507,7
27527,3
27578,1
27591,4
27613,8
27653,6
27657,1
27676,4
27678,8
27710,9
27730,9
27748,9
27769,6
27771,9
27787,2
27801,5
27830,7
27837,7
27878,2
27879,1
27886,1
27887,6
27888,2
27906,7
27912,7
27970,7
28007,9
28015,1
28023,8
28072,0
28076,0
28078,2
28127,6
28137,3
28154,2
28192,9
28208,1
28215,9
28219,7
28236,7
28237,4
28261,5
28291,1
28313,9
28333,6
28359,3
28362,7
28375,5
28427,0
28487,4
28503,8
28568,1
28577,2
28642,7
28686,2
28701,2
28767,4
28769,1
28886,5
28916,3
28920,2
28923,0
28928,9
28944,2
28980,4
29066,5
29088,1
29099,7
29125,1
29130,4
29146,3
29150,5
29161,9
29172,8
29179,8
29192,8
29201,9
29210,7
29221,6
29225,3
29235,0
29256,4
29283,0
29285,1
29304,3
29326,7
29328,9
29329,5
29349,9
29354,5
29429,4
29476,3
29487,5
29493,8
29507,6
29522,1
29557,3
29561,4
29568,6
29604,8
29611,2
29629,8
29630,6
29655,9
29682,6
29692,4
29711,8
29712,5
29713,0
29749,5
29778,9
29812,1
29821,9
29826,7
29845,5
29877,8
29881,6
29890,5
29921,8
29939,1
29964,7
29965,8
29966,6
29970,6
29990,2
29991,3
30038,8
30048,3
30052,4
30063,6
30068,1
30122,2
30206,3
30229,3
30249,6
30255,0
30257,9
30258,3
30264,7
30277,9
30294,7
30310,7
30317,2
30324,8
30335,1
30367,4
30418,8
30435,8
30461,3
30495,7
30567,1
30578,0
30583,9
30610,7
30618,0
30622,5
30633,9
30639,1
30680,6
30721,1
30747,3
30764,7
30868,4
30869,1
30900,5
30927,4
31002,2
31023,8
31070,2
31099,5
31102,4
31121,4
31156,7
31159,4
31177,2
31193,6
31248,8
31324,4
31337,9
31340,4
31378,4
31379,3
31396,7
31398,7
31414,8
31441,8
31456,9
31462,2
31481,6
31492,2
31499,5
31521,6
31599,8
31607,8
31615,5
31631,3
31652,9
31659,9
31660,4
31667,3
31670,6
31685,1
31691,3
31734,5
31752,6
31797,6
31799,7
31831,3
31832,8
31960,3
31966,1
31968,8
31996,7
32003,6
32016,9
32018,8
32048,7
32065,2
32098,0
32115,3
32130,0
32134,5
32152,9
32181,8
32188,4
32220,7
32250,2
32271,9
32272,4
32277,5
32279,8
32292,2
32323,5
32328,4
32329,8
32335,1
32351,9
32378,1
32473,8
32475,2
32478,8
32480,8
32487,4
32492,5
32549,6
32627,2
32630,2
32643,7
32650,2
32665,3
32671,5
32679,9
32680,3
32701,6
32716,7
32724,5
32767,9
32772,4
32773,1
32801,4
32807,1
32809,2
32812,7
32821,9
32827,3
32852,1
32866,6
32871,1
32887,1
32944,3
32968,8
32995,8
33014,9
33026,8
33039,8
33046,5
33100,6
33121,5
33176,1
33185,2
33216,5
33227,6
33301,4
33340,5
33396,1
33422,9
33514,8
33535,1
33588,6
33624,3
33635,7
33672,2
33673,0
33788,7
33802,8
33815,5
33833,4
33860,9
33867,7
33890,8
33906,2
33917,3
33942,1
33950,7
33973,5
33982,2
33988,7
33994,4
34025,0
34060,6
34062,2
34079,7
34153,7
34180,3
34195,9
34212,8
34220,6
34235,3
34249,4
34251,0
34318,3
34320,8
34322,8
34323,2
34334,1
34347,9
34361,4
34367,4
34387,3
34440,0
34457,0
34466,6
34476,9
34502,0
34504,9
34512,1
34545,4
34550,4
34560,7
34591,9
34604,2
34626,5
34644,3
34653,0
34670,7
34686,6
34692,5
34698,6
34705,1
34706,0
34720,5
34730,0
34789,2
34818,9
34878,9
34882,5
34904,0
34917,2
34934,7
34940,9
34966,8
35015,3
35073,3
35076,2
35103,8
35117,5
35118,9
35131,6
35136,4
35191,9
35196,7
35201,4
35235,2
35240,2
35254,4
35278,1
35291,7
35307,8
35333,3
35343,0
35409,0
35426,6
35429,4
35437,2
35459,3
35490,4
35512,7
35514,1
35528,3
35538,1
35573,7
35593,9
35604,8
35616,6
35625,7
35627,6
35669,1
35674,5
35677,9
35678,2
35745,7
35764,8
35786,9
35824,9
35828,6
35849,4
35861,6
35872,2
35884,4
35885,2
35911,3
35928,8
35970,2
35975,5
35985,1
36009,2
36012,7
36013,9
36017,4
36097,4
36129,6
36134,7
36152,7
36173,5
36189,3
36212,4
36218,4
36284,7
36295,3
36303,5
36326,2
36341,5
36344,6
36394,4
36420,9
36427,3
36444,6
36471,3
36497,9
36565,8
36569,0
36629,9
36672,8
36701,6
36703,6
36704,2
36721,2
36734,0
36762,7
36770,8
36820,8
36841,6
36883,5
36886,9
36894,0
36912,3
36918,5
36948,0
36972,7
36979,2
36993,9
37004,5
37011,1
37031,5
37037,6
37163,3
37240,8
37250,3
37290,1
37303,0
37348,7
37379,5
37383,3
37392,4
37414,5
37428,8
37432,0
37444,8
37523,6
37524,3
37536,7
37560,2
37586,9
37589,5
37590,5
37596,7
37615,2
37630,2
37640,4
37650,1
37670,1
37691,3
37749,5
37753,7
37766,2
37794,4
37797,3
37810,8
37854,0
37887,9
37899,4
37911,1
37938,1
37970,0
37980,0
37996,3
38007,1
38012,4
38013,6
38036,2
38054,0
38059,5
38065,8
38072,4
38073,5
38092,8
38094,2
38115,6
38116,3
38133,7
38183,9
38186,7
38201,4
38211,0
38242,7
38264,1
38265,9
38275,2
38294,3
38298,5
38347,6
38414,5
38420,8
38426,9
38432,1
38437,7
38440,0
38444,6
38445,3
38498,4
38548,6
38579,0
38584,6
38645,4
38656,5
38682,1
38776,7
38800,2
38801,5
38818,5
38841,8
38854,6
38887,9
38895,6
38975,1
38988,6
38989,3
38995,9
39004,6
39015,5
39023,0
39164,6
39168,2
39170,2
39192,9
39195,9
39228,2
39229,9
39237,1
39239,4
39242,8
39253,5
39297,1
39298,4
39300,1
39322,8
39328,1
39335,5
39383,6
39387,7
39412,3
39427,5
39450,8
39457,0
39490,7
39511,4
39521,9
39551,4
39608,8
39612,0
39617,3
39628,0
39647,8
39651,7
39696,3
39728,3
39730,4
39737,1
39772,2
39811,0
39827,8
39830,1
39843,1
39849,1
39859,0
39860,2
39870,6
39898,0
39948,8
39968,0
39978,5
40111,8
40112,4
40133,5
40155,2
40197,9
40212,2
40233,8
40286,0
40302,9
40308,7
40325,9
40335,0
40358,7
40362,1
40388,2
40415,7
40420,2
40461,2
40486,0
40556,2
40589,2
40591,6
40603,7
40616,6
40656,9
40669,5
40699,2
40710,7
40716,1
40726,8
40764,9
40820,0
40827,4
40840,5
40853,2
40871,6
40923,4
40926,3
40948,2
40971,1
41009,7
41027,0
41037,2
41078,8
41093,4
41106,8
41117,0
41121,2
41122,0
41126,0
41134,6
41166,4
41208,5
41211,0
41233,3
41279,9
41284,2
41301,2
41306,9
41319,4
41352,0
41355,4
41391,3
41404,3
41464,8
41491,3
41515,3
41534,0
41593,2
41614,0
41649,1
41665,9
41688,6
41690,6
41751,8
41772,5
41784,1
41788,7
41828,6
41856,0
41894,1
41905,9
41906,4
42001,2
42029,8
42031,7
42047,5
42057,7
42058,1
42072,6
42083,3
42091,0
42105,7
42132,1
42136,0
42149,9
42163,7
42165,9
42224,0
42227,0
42236,4
42249,4
42266,8
42282,7
42341,2
42353,2
42388,8
42391,3
42403,7
42445,3
42482,9
42498,6
42565,3
42574,4
42587,4
42610,0
42615,8
42621,7
42629,7
42663,5
42729,6
42759,0
42765,1
42768,1
42782,7
42797,0
42804,3
42810,2
42827,5
42851,9
42852,1
42853,9
42855,9
42860,9
42863,5
42864,5
42967,1
42983,5
43024,7
43044,1
43065,3
43154,6
43163,7
43167,9
43188,0
43191,2
43202,7
43229,0
43238,7
43283,0
43328,5
43334,8
43337,7
43340,7
43346,7
43359,6
43364,4
43373,3
43377,5
43389,1
43492,3
43500,1
43563,3
43579,8
43607,7
43642,2
43681,2
43686,7
43696,5
43740,4
43749,8
43751,9
43791,1
43812,4
43843,8
43869,3
43922,3
43967,3
43989,1
43992,9
43993,8
43994,2
43999,9
44022,9
44039,7
44072,8
44142,3
44152,5
44231,3
44235,5
44264,4
44275,4
44282,3
44294,4
44299,8
44322,7
44337,6
44357,9
44381,5
44385,3
44409,7
44412,2
44413,0
44484,8
44503,6
44523,4
44525,2
44554,5
44561,1
44579,8
44626,7
44632,4
44636,4
44642,5
44654,8
44668,4
44676,8
44687,9
44695,8
44709,3
44748,8
44833,8
44870,6
44882,9
44891,1
44892,9
44902,2
44924,5
44947,9
44964,5
44966,1
44970,5
44997,8
45007,9
45030,6
45059,7
45073,2
45078,1
45104,6
45149,2
45156,8
45175,5
45178,9
45180,7
45203,2
45208,8
45240,1
45293,8
45310,7
45409,6
45414,2
45416,8
45418,0
45432,5
45436,3
45442,0
45445,9
45452,5
45473,3
45486,2
45539,0
45555,9
45556,1
45578,4
45585,8
45592,7
45606,7
45633,6
45640,6
45647,8
45650,1
45717,8
45724,4
45745,2
45760,0
45827,4
45869,9
45872,5
45887,6
45900,1
45908,0
45931,1
45965,6
45967,7
46011,2
46034,8
46049,6
46083,2
46084,7
46133,7
46140,4
46168,9
46194,4
46233,8
46234,4
46252,8
46309,6
46319,2
46336,9
46342,1
46427,3
46519,8
46521,6
46635,5
46648,7
46657,8
46678,2
46681,3
46684,6
46694,2
46713,5
46740,0
46746,0
46766,4
46782,1
46798,4
46822,0
46826,0
46849,2
46910,2
46968,5
46970,9
46972,9
46983,3
47005,0
47006,6
47014,6
47020,5
47039,5
47053,8
47069,0
47100,8
47147,6
47166,0
47211,4
47218,8
47236,1
47238,2
47253,7
47293,4
47347,4
47351,7
47386,0
47446,1
47477,4
47484,8
47545,1
47566,4
47581,0
47597,8
47622,5
47628,3
47659,9
47676,3
47678,3
47686,2
47725,3
47739,0
47742,3
47743,2
47744,4
47796,1
47797,0
47952,5
47972,5
47982,1
47983,5
48063,2
48090,6
48094,5
48096,7
48099,1
48104,8
48121,0
48148,9
48165,7
48166,7
48184,1
48197,5
48202,4
48203,8
48208,7
48213,3
48221,7
48225,9
48230,5
48232,1
48261,1
48269,5
48277,2
48287,0
48292,2
48333,7
48365,4
48446,2
48470,4
48477,9
48481,1
48491,6
48511,0
48514,4
48565,6
48568,6
48612,0
48632,6
48655,8
48658,8
48664,1
48673,6
48736,7
48772,6
48774,5
48777,5
48778,6
48789,9
48796,8
48814,5
48820,2
48844,1
48884,2
48928,4
48977,1
48988,7
49050,4
49059,0
49066,6
49074,2
49076,1
49082,3
49085,0
49086,0
49089,2
49094,5
49102,4
49139,6
49183,3
49227,9
49234,3
49240,7
49243,0
49272,9
49296,6
49307,3
49334,5
49341,4
49362,1
49404,3
49416,2
49430,2
49437,1
49450,3
49454,2
49458,7
49460,5
49478,6
49480,4
49506,9
49512,1
49583,0
49592,1
49630,8
49632,5
49675,0
49691,7
49717,1
49718,6
49725,3
49758,7
49776,2
49783,5
49789,3
49805,2
49806,7
49823,4
49846,7
49848,0
49897,4
49899,1
49902,1
49933,7
49945,9
49956,9
49959,6
49960,6
50006,5
50030,9
50050,4
50075,7
50116,8
50192,0
50249,1
50272,8
50283,8
50316,5
50321,5
50339,4
50352,5
50399,5
50409,5
50457,2
50504,2
50535,8
50546,2
50563,2
50587,4
50614,7
50619,6
50620,7
50649,5
50668,7
50675,5
50676,2
50690,5
50732,7
50733,2
50738,8
50743,7
50749,0
50774,0
50784,9
50791,8
50807,9
50822,7
50834,3
50867,9
50869,8
50879,4
50884,7
50909,0
50937,4
50942,7
50975,3
51001,2
51008,8
51036,9
51039,5
51048,1
51071,4
51103,7
51105,8
51106,3
51115,6
51127,0
51146,4
51163,8
51171,2
51201,3
51203,7
51211,3
51261,4
51281,9
51302,8
51321,3
51327,0
51348,0
51350,4
51359,2
51406,6
51430,9
51440,8
51461,5
51508,6
51511,5
51513,8
51522,3
51572,5
51588,8
51652,4
51663,7
51685,0
51692,5
51693,4
51716,9
51748,2
51771,3
51786,2
51793,5
51825,7
51898,2
51912,6
51913,9
51921,4
51929,4
51969,8
51971,7
51975,1
51982,9
51983,2
51997,0
52017,9
52033,8
52050,8
52094,9
52106,5
52126,0
52152,2
52167,1
52209,3
52213,5
52247,0
52248,1
52286,9
52306,8
52320,0
52343,4
52375,3
52380,6
52386,3
52388,5
52407,7
52409,0
52431,1
52436,7
52457,4
52473,4
52485,8
52510,9
52513,6
52525,7
52534,6
52550,2
52582,2
52618,9
52641,6
52660,2
52662,8
52677,2
52688,6
52692,3
52721,4
52729,4
52758,1
52772,9
52775,8
52787,7
52788,6
52801,2
52828,3
52841,2
52855,4
52866,7
52884,8
52895,5
52909,4
52966,3
52992,7
53018,1
53044,9
53069,5
53076,2
53083,3
53123,3
53137,7
53141,4
53162,1
53183,7
53191,8
53214,7
53225,3
53295,4
53303,2
53326,1
53329,5
53358,3
53364,4
53376,3
53396,9
53447,3
53452,4
53462,8
53473,2
53475,3
53498,1
53511,9
53538,5
53541,2
53561,9
53573,0
53586,3
53623,9
53630,3
53633,4
53634,5
53637,2
53706,6
53712,3
53740,3
53747,0
53761,1
53831,9
53878,2
53885,8
53895,9
53899,1
53924,0
53967,2
53991,6
54038,9
54059,1
54079,1
54081,9
54089,0
54108,0
54118,7
54136,8
54151,5
54153,6
54168,2
54181,9
54191,3
54196,6
54227,6
54229,0
54250,3
54287,7
54289,5
54322,3
54340,1
54358,4
54428,1
54432,2
54449,9
54469,8
54525,5
54533,1
54537,6
54570,6
54586,9
54599,9
54614,1
54617,4
54689,0
54713,9
54778,4
54780,3
54800,0
54815,2
54820,6
54841,6
54857,2
54865,0
54870,8
54884,8
54899,4
54921,4
54941,0
54948,6
54961,9
55018,6
55019,6
55049,2
55051,3
55057,6
55066,6
55067,1
55079,7
55124,4
55136,4
55139,3
55141,4
55153,8
55173,1
55176,2
55257,3
55299,1
55313,9
55315,0
55350,6
55356,5
55392,8
55396,5
55418,4
55440,3
55456,6
55476,7
55487,0
55525,2
55529,4
55532,4
55618,8
55630,4
55659,7
55672,5
55677,3
55700,7
55707,1
55726,3
55737,3
55765,0
55804,5
55814,9
55830,0
55836,2
55860,4
55881,3
55907,0
55925,4
55939,1
55977,6
56037,7
56055,2
56082,8
56083,2
56111,7
56117,1
56138,1
56153,6
56157,9
56192,1
56217,0
56230,9
56241,1
56251,6
56334,4
56349,1
56365,1
56382,7
56391,3
56415,0
56432,7
56472,7
56500,7
56507,9
56513,2
56537,1
56543,7
56544,8
56572,1
56585,3
56686,0
56697,3
56745,5
56747,6
56761,3
56769,7
56794,7
56797,4
56804,5
56808,4
56847,2
56860,5
56867,8
56888,7
56902,1
56916,6
56970,4
56982,5
56986,1
56988,6
56993,2
57006,9
57015,6
57023,6
57028,5
57032,7
57071,7
57085,9
57119,7
57147,6
57154,0
57157,6
57163,2
57164,8
57179,8
57209,4
57221,0
57230,7
57237,8
57240,5
57259,9
57264,3
57331,2
57356,0
57362,1
57421,9
57427,2
57439,2
57504,7
57534,7
57591,6
57615,2
57631,1
57632,2
57658,2
57661,1
57662,5
57687,4
57691,6
57702,7
57720,0
57739,3
57740,1
57767,8
57778,1
57835,4
57848,5
57876,2
57896,9
57900,5
57913,9
57920,3
57932,3
57965,4
57995,0
57998,1
58002,0
58012,0
58044,2
58076,9
58108,0
58115,6
58141,5
58145,5
58158,8
58169,9
58193,5
58211,4
58245,9
58259,6
58261,5
58262,5
58321,5
58346,7
58373,2
58409,2
58415,6
58471,5
58489,0
58490,7
58493,1
58507,7
58522,6
58546,0
58556,8
58560,0
58592,6
58620,3
58628,2
58639,9
58655,5
58676,7
58721,3
58722,4
58728,2
58747,3
58790,5
58796,9
58818,9
58857,2
58872,5
58883,6
58887,1
58911,6
58984,4
58985,1
58987,4
59019,7
59052,1
59117,6
59131,9
59152,2
59169,4
59171,6
59190,5
59196,5
59200,1
59204,7
59225,0
59234,5
59240,4
59303,8
59310,6
59315,3
59336,0
59345,6
59358,5
59370,7
59375,3
59385,9
59405,7
59426,5
59437,6
59446,5
59451,4
59516,7
59530,1
59567,6
59574,5
59575,2
59639,0
59655,2
59669,5
59676,5
59688,1
59756,9
59786,0
59802,7
59859,0
59893,4
59905,4
59913,2
59930,3
59938,7
59958,1
59967,8
59972,0
59987,0
