17,8
18,6
51,0
80,9
137,8
145,5
147,6
170,9
185,7
194,4
197,8
217,4
274,6
277,2
278,5
279,3
315,1
324,7
386,8
420,5
430,6
445,8
458,0
481,4
493,2
495,3
539,8
557,3
597,6
606,4
616,4
648,1
678,1
693,2
730,7
755,9
761,8
766,8
783,1
819,7
848,4
849,0
862,2
863,2
881,6
915,5
944,6
948,7
956,5
981,7
1004,4
1043,7
1047,2
1051,1
1098,4
1141,8
1152,0
1156,7
1162,5
1163,4
1206,5
1229,7
1274,9
1284,9
1300,7
1323,6
1326,7
1328,5
1369,1
1384,8
1394,1
1405,1
1465,9
1498,4
1520,6
1528,1
1540,6
1569,9
1613,4
1645,0
1653,4
1689,3
1770,7
1797,0
1808,4
1813,5
1835,6
1843,3
1845,4
1850,9
1878,9
1906,6
1908,3
1932,4
1961,5
1999,0
2003,4
2005,6
2013,8
2039,1
2061,6
2068,8
2075,2
2095,7
2175,8
2177,1
2183,3
2209,5
2221,9
2232,3
2236,4
2318,1
2344,7
2361,4
2394,8
2409,2
2440,0
2468,3
2576,7
2655,5
2692,1
2697,9
2715,4
2718,0
2724,4
2746,0
2748,2
2755,5
2760,3
2769,2
2784,1
2797,9
2803,3
2835,7
2841,8
2893,4
2923,6
2989,9
3000,9
3014,8
3021,0
3047,3
3069,9
3100,4
3175,0
3183,4
3213,0
3222,4
3227,9
3234,1
3260,4
3262,0
3294,6
3320,3
3338,8
3378,5
3388,4
3415,3
3428,7
3432,8
3433,5
3450,4
3463,7
3489,8
3491,3
3497,8
3506,9
3524,6
3542,3
3584,8
3604,1
3610,0
3640,7
3773,9
3812,3
3814,6
3882,0
3890,2
3970,9
4007,5
4024,7
4055,4
4061,7
4062,5
4091,9
4092,9
4098,9
4128,1
4141,7
4172,4
4176,8
4190,1
4214,6
4234,3
4256,3
4263,3
4280,7
4283,4
4313,9
4350,9
4354,7
4360,6
4364,6
4368,9
4382,4
4384,8
4432,7
4460,4
4461,3
4471,3
4480,5
4490,3
4501,8
4511,3
4554,1
4566,1
4570,3
4604,7
4673,6
4695,5
4714,2
4715,1
4731,1
4749,0
4756,0
4837,4
4872,1
4885,5
4887,8
4929,9
4930,6
4979,1
4994,0
5012,1
5014,7
5040,6
5050,8
5059,7
5109,5
5134,4
5138,4
5161,7
5168,1
5190,3
5201,9
5267,6
5335,8
5350,9
5358,3
5417,5
5427,7
5444,4
5475,0
5546,7
5561,6
5620,5
5623,4
5638,2
5641,0
5673,4
5691,1
5700,2
5750,6
5756,1
5758,2
5788,3
5789,1
5802,6
5820,3
5840,1
5885,2
5913,6
5927,0
5931,6
5962,6
5980,3
5983,1
5984,5
6038,2
6040,3
6086,5
6098,3
6150,6
6160,4
6193,4
6204,2
6230,3
6253,4
6254,1
6278,7
6285,9
6297,3
6301,9
6365,1
6384,1
6389,5
6393,6
6439,9
6502,0
6513,5
6515,2
6516,3
6540,2
6582,8
6583,8
6584,3
6589,9
6590,7
6635,6
6636,5
6702,1
6706,3
6710,3
6723,0
6743,2
6758,0
6762,3
6764,2
6772,5
6779,9
6791,0
6795,8
6799,6
6800,6
6815,2
6840,5
6894,3
6896,8
6909,6
6950,9
7036,4
7055,0
7124,4
7128,0
7132,3
7139,2
7156,3
7166,4
7192,3
7217,9
7235,5
7246,5
7251,9
7254,0
7279,5
7282,4
7291,6
7322,3
7361,6
7401,6
7423,7
7468,9
7533,1
7560,4
7583,5
7599,1
7600,3
7601,2
7645,8
7648,0
7668,1
7675,3
7721,3
7739,5
7750,8
7781,7
7797,8
7802,5
7808,7
7809,7
7850,1
7852,7
7889,7
7894,0
7898,1
7922,9
7932,0
7944,0
7946,9
7988,5
7995,8
8019,0
8026,4
8031,8
8054,3
8083,1
8108,0
8119,5
8135,3
8154,2
8157,0
8212,2
8237,7
8248,7
8262,0
8281,4
8282,6
8286,7
8288,0
8296,1
8308,9
8309,0
8317,4
8331,1
8405,3
8437,7
8453,2
8494,3
8522,8
8543,1
8587,4
8609,2
8622,4
8662,8
8682,0
8699,7
8703,0
8739,0
8759,8
8784,2
8819,5
8840,4
8887,4
8939,2
8948,3
8952,2
8971,9
8991,7
9047,0
9053,3
9067,0
9078,3
9106,1
9113,6
9147,4
9150,9
9170,5
9180,3
9195,0
9213,8
9227,1
9230,3
9255,3
9268,3
9275,9
9283,7
9323,5
9324,3
9326,5
9332,1
9334,8
9341,6
9348,4
9355,3
9375,4
9423,1
9425,9
9435,0
9459,0
9471,2
9522,7
9569,2
9580,6
9601,8
9623,3
9634,4
9693,1
9729,9
9743,5
9772,2
9814,5
9826,2
9853,2
9854,7
9892,6
9901,7
9916,3
9951,5
9996,8
10033,4
10042,3
10064,8
10089,6
10092,5
10109,9
10120,0
10132,9
10167,0
10175,4
10177,4
10192,5
10211,5
10213,6
10225,4
10331,4
10391,4
10406,2
10417,2
10438,9
10442,6
10443,9
10445,9
10486,8
10507,9
10520,3
10529,9
10534,6
10557,6
10570,2
10582,2
10583,2
10594,4
10596,8
10611,8
10649,8
10672,6
10677,3
10753,8
10798,5
10801,0
10911,7
10965,7
11001,9
11026,0
11032,2
11058,1
11110,2
11121,8
11143,1
11148,4
11153,4
11158,6
11163,2
11172,0
11187,0
11195,6
11197,3
11291,1
11332,7
11343,4
11355,8
11376,9
11388,9
11415,9
11429,0
11434,4
11442,9
11445,1
11491,2
11505,5
11541,0
11551,6
11573,7
11629,4
11651,3
11672,8
11673,6
11696,5
11699,6
11706,5
11731,6
11752,3
11764,4
11772,2
11811,2
11830,9
11832,6
11853,9
11854,7
11877,7
11900,9
11919,7
11961,2
11963,5
11973,0
11987,7
12025,7
12030,1
12033,4
12074,9
12094,3
12100,3
12106,1
12116,7
12155,6
12156,2
12172,9
12175,9
12186,3
12206,7
12231,6
12233,7
12287,7
12321,0
12352,2
12383,1
12392,3
12396,4
12416,3
12452,6
12493,8
12508,1
12509,6
12513,8
12541,6
12563,9
12575,0
12576,7
12582,2
12609,8
12690,0
12720,3
12734,1
12756,5
12759,6
12762,6
12789,9
12822,2
12829,5
12848,8
12869,0
12871,2
12881,3
12909,1
12916,2
12921,7
12943,8
12961,7
13055,8
13072,9
13086,2
13088,9
13120,5
13134,3
13155,0
13173,9
13182,5
13216,0
13220,6
13268,0
13271,4
13295,2
13315,1
13327,8
13336,5
13337,7
13356,9
13361,9
13363,4
13364,6
13371,0
13376,3
13383,3
13391,7
13424,8
13450,0
13486,2
13544,0
13550,2
13552,2
13583,0
13635,6
13641,0
13664,4
13681,5
13755,7
13768,9
13773,3
13786,7
13787,3
13792,8
13816,0
13833,0
13835,1
13837,2
13840,1
13846,6
13860,6
13894,3
13917,8
13918,0
13923,1
13936,9
13972,2
13994,2
14005,2
14034,0
14046,7
14073,7
14099,3
14100,5
14128,8
14129,6
14154,1
14204,5
14244,2
14260,4
14381,2
14393,0
14404,5
14442,9
14443,9
14468,2
14475,7
14509,1
14511,0
14521,1
14522,7
14523,2
14529,3
14573,7
14578,4
14616,4
14620,4
14625,8
14637,4
14689,5
14700,4
14707,5
14733,8
14741,7
14761,3
14770,7
14798,2
14831,8
14839,5
14856,3
14883,3
14909,6
14924,1
14929,1
14960,6
14994,5
15017,0
15030,2
15038,4
15043,6
15046,0
15068,1
15072,9
15095,1
15099,1
15133,0
15135,1
15151,9
15154,1
15167,9
15199,7
15201,3
15227,3
15246,3
15251,3
15257,6
15298,4
15329,0
15418,2
15469,7
15485,7
15514,4
15530,0
15537,2
15568,4
15588,2
15596,2
15615,4
15649,1
15656,3
15661,5
15675,0
15723,8
15724,8
15732,5
15757,8
15765,0
15798,0
15842,3
15844,9
15860,9
15864,0
15890,0
15891,4
15933,1
15960,6
15986,3
16002,6
16019,3
16020,9
16055,9
16078,3
16081,0
16153,1
16181,1
16196,2
16217,0
16225,4
16229,3
16231,8
16235,2
16238,0
16292,1
16325,1
16355,0
16399,4
16490,5
16492,3
16500,8
16517,8
16551,4
16592,5
16612,4
16630,7
16635,9
16644,7
16672,7
16687,7
16692,5
16713,1
16728,6
16775,9
16776,9
16796,6
16821,6
16835,1
16836,7
16864,8
16882,7
16903,0
16986,7
16992,9
16997,0
17005,1
17012,1
17092,9
17123,2
17124,0
17130,1
17134,0
17148,3
17161,6
17169,0
17192,3
17237,8
17263,2
17296,9
17300,4
17303,7
17308,3
17313,4
17320,3
17324,3
17338,5
17394,1
17397,6
17434,2
17448,2
17495,5
17524,6
17612,9
17636,6
17651,5
17652,6
17679,8
17681,8
17688,8
17697,2
17727,1
17732,5
17753,3
17793,9
17802,1
17848,9
17927,2
17980,6
17997,3
18005,5
18006,7
18012,8
18024,9
18061,3
18064,0
18078,8
18094,6
18098,4
18100,7
18105,6
18147,2
18161,7
18176,1
18186,5
18268,3
18287,3
18294,4
18335,8
18340,5
18344,6
18350,9
18376,6
18383,8
18388,6
18390,3
18401,9
18416,5
18446,5
18466,8
18506,9
18516,1
18521,8
18550,5
18560,4
18586,0
18591,5
18600,5
18624,9
18627,3
18630,3
18640,1
18647,1
18655,6
18664,1
18685,8
18698,9
18709,9
18727,3
18740,8
18764,2
18773,7
18793,7
18808,5
18893,0
18930,2
18931,8
18952,8
18986,3
19033,4
19038,0
19131,8
19173,5
19174,5
19263,3
19302,3
19307,3
19313,8
19322,9
19328,5
19329,6
19402,2
19416,7
19420,1
19443,2
19460,8
19468,2
19490,0
19493,7
19497,5
19510,1
19520,4
19525,7
19534,7
19558,9
19572,7
19589,5
19594,0
19606,2
19612,0
19634,4
19647,6
19699,5
19730,9
19751,1
19755,2
19756,8
19790,8
19794,4
19835,8
19843,2
19871,0
19874,5
19875,4
19880,1
19891,2
19906,8
19942,5
19964,6
19993,6
20040,4
20051,3
20057,6
20072,3
20107,8
20135,1
20148,6
20196,9
20225,0
20228,9
20263,1
20275,1
20280,7
20316,9
20323,6
20325,5
20333,9
20340,1
20343,6
20346,4
20362,3
20371,0
20434,9
20441,2
20454,2
20493,2
20521,8
20523,6
20596,6
20604,1
20607,8
20608,0
20619,7
20624,2
20639,8
20644,9
20646,7
20718,5
20726,4
20729,7
20735,9
20760,1
20827,0
20894,4
20905,8
20915,9
20943,9
20972,4
20976,5
20997,9
21001,3
21006,2
21020,9
21036,6
21088,1
21095,7
21153,3
21171,1
21195,6
21197,2
21211,8
21217,7
21229,2
21262,4
21271,0
21274,2
21275,5
21309,5
21319,0
21328,3
21333,7
21347,6
21348,6
21356,9
21365,5
21366,2
21393,4
21449,9
21461,4
21472,4
21487,3
21519,5
21531,3
21548,5
21561,4
21562,9
21572,7
21577,2
21579,3
21608,0
21639,9
21695,3
21698,1
21707,5
21716,1
21759,0
21782,5
21789,0
21831,3
21846,4
21853,3
21863,8
21865,5
21901,6
21912,6
21921,1
21928,1
21933,0
21949,7
22024,3
22026,2
22121,6
22127,9
22192,1
22211,5
22216,9
22232,2
22235,5
22236,2
22298,6
22300,7
22317,0
22329,5
22349,1
22360,6
22370,1
22413,3
22431,5
22466,1
22484,8
22493,3
22557,8
22567,3
22601,0
22615,6
22670,4
22695,3
22700,1
22715,3
22731,2
22732,5
22781,7
22822,5
22836,7
22837,8
22870,7
22871,7
22901,2
22913,8
22939,6
22997,4
23059,1
23089,2
23097,1
23116,3
23136,0
23158,5
23166,9
23191,5
23200,5
23202,3
23218,3
23220,7
23244,6
23248,7
23259,7
23261,6
23273,0
23280,1
23284,6
23329,9
23371,2
23374,9
23376,8
23427,7
23430,7
23501,1
23515,9
23533,6
23539,9
23551,7
23596,4
23687,6
23758,6
23776,2
23792,5
23841,1
23876,9
23877,3
23891,0
23904,4
23952,2
23969,7
24036,2
24073,8
24088,7
24107,5
24123,8
24125,3
24152,2
24158,6
24162,6
24185,9
24202,5
24213,2
24240,8
24255,5
24277,6
24279,1
24284,3
24320,0
24345,0
24405,1
24412,7
24415,7
24416,8
24421,5
24483,1
24489,9
24490,5
24504,5
24514,4
24530,4
24543,4
24574,5
24576,6
24587,8
24643,9
24656,6
24677,8
24709,7
24755,0
24780,3
24830,7
24836,2
24840,0
24876,2
24906,3
24944,6
24956,9
24959,8
25049,1
25050,4
25065,0
25067,1
25068,6
25091,3
25103,1
25121,7
25128,7
25164,3
25182,4
25221,2
25265,2
25277,9
25293,4
25309,2
25329,2
25352,1
25375,9
25427,0
25460,0
25551,2
25568,8
25574,2
25649,7
25652,9
25662,4
25668,4
25676,0
25697,1
25778,5
25789,3
25794,1
25856,4
25869,4
25895,7
25927,2
25954,5
25957,0
25963,6
25968,8
25993,3
26001,7
26006,2
26022,8
26052,6
26080,7
26099,1
26145,8
26179,9
26189,7
26195,5
26215,9
26237,2
26265,2
26289,8
26290,5
26298,0
26320,5
26353,9
26436,0
26456,4
26459,1
26467,5
26477,2
26498,6
26516,6
26532,8
26569,8
26616,8
26628,8
26649,2
26694,3
26734,7
26742,7
26761,0
26770,2
26798,4
26838,7
26850,2
26857,5
26877,9
26892,1
26953,8
26976,5
27002,5
27005,7
27012,1
27014,4
27036,4
27065,5
27069,0
27147,8
27185,8
27196,4
27223,2
27233,2
27282,3
27299,8
27302,7
27324,8
27349,3
27395,0
27405,6
27420,3
27423,3
27435,3
27461,1
27471,5
27478,3
27535,2
27539,5
27595,6
27609,0
27619,1
27645,3
27661,9
27677,1
27682,6
27732,9
27800,4
27809,4
27928,2
27935,2
27944,7
27953,9
27993,9
28015,1
28025,7
28065,8
28080,5
28093,8
28096,4
28133,1
28145,7
28164,4
28178,5
28179,7
28208,1
28219,7
28324,2
28341,8
28344,3
28375,5
28397,6
28465,5
28470,8
28487,4
28488,1
28535,7
28537,2
28556,4
28571,3
28603,2
28623,8
28640,2
28659,6
28693,3
28728,6
28732,5
28735,3
28745,7
28752,3
28811,2
28812,7
28841,3
28871,8
28895,0
28918,5
28950,2
28971,0
29062,1
29112,5
29135,4
29188,2
29205,0
29211,0
29225,3
29233,1
29262,0
29294,3
29302,9
29331,6
29344,5
29345,0
29375,1
29387,8
29394,0
29403,1
29423,7
29431,8
29437,6
29451,1
29499,1
29505,5
29518,1
29529,7
29538,4
29555,5
29557,3
29559,0
29571,5
29598,1
29609,1
29652,7
29723,5
29726,2
29733,7
29745,8
29749,5
29770,2
29838,6
29859,7
29887,0
29895,0
29928,6
29935,9
29937,0
30001,7
30029,8
30041,3
30095,9
30122,2
30141,0
30152,6
30164,4
30169,4
30200,1
30239,8
30248,8
30258,3
30262,5
30269,4
30270,1
30285,5
30339,7
30398,3
30406,9
30429,2
30460,8
30461,3
30483,3
30521,8
30524,1
30560,7
30566,5
30568,8
30656,8
30660,9
30664,7
30750,9
30758,9
30764,7
30786,7
30791,2
30814,9
30823,8
30825,9
30877,9
30890,4
30914,8
30917,7
30934,3
31029,4
31031,5
31035,8
31039,8
31055,7
31116,0
31119,8
31127,0
31136,3
31137,7
31142,9
31169,1
31171,0
31270,6
31277,0
31282,1
31308,8
31312,9
31417,9
31418,5
31430,0
31459,7
31463,0
31484,4
31521,6
31534,1
31589,7
31590,5
31599,8
31603,2
31617,2
31630,8
31634,2
31635,2
31653,9
31663,1
31724,3
31740,2
31741,6
31757,2
31779,5
31828,9
31839,1
31840,9
31843,1
31844,7
31856,6
31894,1
31897,3
31914,7
31918,9
31981,6
31983,7
32018,8
32044,3
32077,2
32078,8
32094,4
32095,7
32165,0
32179,1
32180,6
32211,6
32218,8
32221,0
32302,6
32321,4
32324,5
32332,1
32415,5
32436,6
32461,0
32515,7
32534,1
32604,7
32606,2
32607,8
32632,1
32667,8
32669,4
32708,0
32722,8
32750,5
32767,9
32778,0
32779,2
32782,6
32798,4
32810,0
32813,4
32835,7
32842,1
32871,1
32875,5
32893,7
32904,9
32927,6
32933,3
32936,8
32949,2
32955,7
32966,0
32972,9
32977,6
32997,4
33016,2
33018,8
33031,4
33035,6
33046,5
33068,2
33100,6
33109,7
33116,6
33144,9
33174,9
33189,3
33227,6
33252,9
33263,3
33270,8
33274,2
33296,2
33300,9
33305,6
33313,9
33315,7
33318,6
33367,0
33374,1
33399,3
33440,1
33495,5
33504,7
33545,4
33616,7
33635,7
33646,1
33647,0
33692,6
33693,6
33696,9
33698,2
33712,9
33748,5
33755,8
33766,8
33776,0
33781,1
33801,8
33804,2
33829,6
33851,7
33864,0
33885,7
33919,6
33937,1
33957,7
33959,8
33993,5
34008,1
34012,6
34013,9
34031,9
34040,8
34045,0
34051,0
34056,2
34073,0
34074,1
34132,7
34139,5
34163,9
34179,1
34203,3
34204,3
34208,3
34237,0
34260,6
34290,4
34291,1
34323,2
34346,4
34348,4
34365,5
34379,4
34386,7
34401,0
34411,5
34431,5
34446,7
34452,8
34456,6
34463,5
34489,9
34500,8
34525,3
34541,0
34555,0
34561,5
34562,0
34630,3
34643,2
34675,2
34685,3
34686,6
34709,4
34718,2
34747,2
34750,4
34790,9
34845,3
34882,5
34887,0
34914,7
34951,7
34952,5
34962,9
35041,5
35048,1
35051,2
35054,9
35085,9
35102,7
35104,2
35134,2
35149,1
35164,5
35177,7
35216,2
35251,8
35259,4
35264,8
35279,2
35294,0
35334,7
35367,1
35386,1
35403,2
35406,5
35408,0
35410,2
35433,6
35436,1
35452,6
35510,2
35526,8
35541,8
35567,5
35619,8
35629,8
35677,9
35707,5
35713,8
35720,0
35755,9
35757,0
35776,8
35779,2
35798,1
35813,4
35835,2
35848,8
35851,6
35875,4
35882,2
35884,4
35890,3
35916,8
35928,8
35962,6
36027,7
36053,4
36081,2
36129,6
36177,7
36193,5
36196,9
36217,5
36223,0
36224,8
36227,3
36241,0
36293,6
36300,8
36302,7
36309,5
36314,4
36316,7
36350,4
36361,5
36366,5
36373,1
36376,0
36384,4
36394,4
36418,9
36437,5
36498,7
36536,1
36566,3
36572,3
36609,5
36631,2
36711,1
36764,0
36805,2
36828,8
36841,6
36871,0
36874,0
36889,7
36894,0
36895,6
36918,5
36946,3
36996,6
37042,3
37103,2
37106,8
37111,9
37122,8
37153,0
37161,3
37175,6
37200,1
37212,7
37239,4
37241,2
37260,3
37288,7
37345,6
37346,6
37363,8
37391,9
37454,3
37467,0
37506,0
37532,2
37549,6
37553,9
37560,2
37581,6
37607,1
37652,3
37655,2
37683,4
37719,1
37735,8
37751,6
37754,9
37772,9
37774,8
37785,4
37811,7
37833,7
37848,3
37852,5
37878,7
37880,2
37888,6
37891,8
37921,0
37922,7
37926,1
37929,5
37966,6
38051,9
38057,0
38075,7
38123,0
38128,0
38155,0
38157,0
38168,4
38173,4
38188,4
38191,7
38198,0
38203,4
38256,2
38260,6
38262,4
38287,5
38323,4
38353,9
38357,1
38368,3
38385,4
38419,9
38423,8
38476,8
38486,5
38513,5
38524,4
38552,9
38568,4
38579,0
38587,8
38597,9
38643,6
38713,1
38726,5
38752,3
38756,5
38774,1
38778,8
38785,2
38803,4
38868,1
38877,9
38897,1
38901,2
38951,1
38995,9
38999,9
39019,6
39041,1
39060,7
39071,8
39116,3
39141,8
39147,2
39150,7
39169,1
39173,1
39174,9
39180,6
39215,3
39278,6
39296,2
39316,7
39375,4
39379,6
39461,3
39468,5
39484,1
39486,4
39496,6
39531,0
39568,1
39570,0
39577,6
39602,8
39628,0
39647,8
39659,7
39675,3
39680,4
39718,9
39727,6
39760,7
39780,5
39801,0
39807,5
39819,1
39824,6
39859,0
39891,4
39924,9
39927,9
39951,8
39960,0
39992,0
40022,8
40029,7
40032,5
40038,0
40101,1
40122,0
40133,5
40141,6
40159,5
40185,3
40200,0
40205,3
40208,0
40242,7
40252,8
40255,5
40261,8
40279,2
40292,9
40300,9
40345,2
40385,3
40394,6
40403,8
40429,4
40495,4
40511,5
40538,6
40547,8
40562,2
40564,6
40584,9
40586,0
40640,5
40659,5
40674,5
40687,8
40690,0
40700,7
40703,4
40711,5
40713,5
40727,8
40742,7
40753,9
40755,9
40763,3
40764,9
40806,4
40821,0
40833,0
40837,7
40851,2
40857,9
40858,3
40859,0
40862,6
40869,5
40870,2
40886,2
40890,9
40920,5
40951,2
40958,0
40970,4
40996,3
41007,3
41016,5
41019,1
41023,5
41024,7
41032,5
41043,4
41057,8
41088,7
41168,7
41170,6
41175,8
41204,2
41234,2
41269,1
41276,2
41321,5
41325,7
41336,7
41345,7
41478,2
41503,9
41544,8
41584,7
41592,8
41610,5
41627,0
41704,3
41714,4
41719,5
41728,1
41743,0
41763,9
41770,0
41782,6
41783,9
41823,1
41842,6
41880,0
41883,3
41904,5
41922,0
41928,7
41977,4
41985,2
42051,8
42056,3
42118,9
42125,7
42139,4
42187,4
42199,3
42214,9
42248,3
42262,0
42265,7
42270,0
42272,4
42286,4
42303,3
42319,2
42339,1
42343,3
42369,0
42402,0
42420,6
42432,3
42463,1
42498,6
42500,9
42506,1
42513,2
42583,2
42598,2
42614,0
42620,4
42641,5
42652,5
42664,0
42689,6
42690,1
42746,2
42749,8
42755,3
42826,9
42830,2
42863,5
42865,0
42870,9
42889,5
42896,0
42897,7
42898,3
42919,6
42947,1
43010,4
43021,5
43056,5
43091,8
43112,4
43132,3
43139,5
43146,9
43170,0
43188,0
43212,5
43220,2
43225,6
43227,1
43264,6
43267,1
43281,6
43343,9
43345,2
43363,8
43364,4
43380,3
43386,6
43392,9
43417,3
43441,2
43445,0
43459,5
43460,3
43479,2
43480,1
43484,1
43507,4
43524,8
43557,3
43591,5
43592,6
43599,3
43668,6
43695,8
43698,8
43750,9
43766,5
43770,1
43777,9
43804,6
43812,4
43814,9
43822,6
43841,7
43843,8
43844,1
43855,5
43881,4
43892,6
43903,9
43907,8
43933,1
43936,5
43941,0
43996,2
43999,9
44012,1
44015,7
44025,9
44029,0
44041,8
44048,9
44053,4
44062,7
44074,9
44096,0
44099,5
44117,7
44122,8
44141,7
44150,7
44161,0
44169,7
44174,3
44177,9
44189,6
44198,1
44232,4
44244,9
44260,2
44289,8
44294,4
44317,1
44346,6
44371,2
44404,5
44490,2
44517,6
44524,1
44568,8
44569,1
44578,0
44579,8
44596,3
44621,5
44626,7
44633,1
44661,1
44701,9
44704,0
44711,4
44720,0
44778,9
44793,5
44804,5
44805,7
44827,3
44838,0
44932,6
44961,8
44999,5
45029,1
45040,7
45041,2
45042,0
45084,9
45133,2
45141,6
45143,7
45166,5
45184,4
45211,5
45213,4
45240,1
45248,6
45253,1
45262,6
45291,6
45340,3
45344,5
45441,3
45453,2
45459,2
45461,9
45473,3
45507,4
45521,7
45522,0
45528,9
45530,7
45547,5
45568,2
45590,4
45614,6
45640,6
45642,3
45692,8
45726,5
45733,6
45743,1
45757,6
45818,2
45835,7
45858,1
45861,1
45866,8
45883,5
45927,1
45949,6
46011,2
46019,5
46021,9
46060,5
46061,3
46086,5
46094,2
46104,4
46125,0
46141,1
46171,7
46228,3
46238,9
46313,8
46315,9
46341,7
46345,2
46350,3
46352,4
46369,5
46454,3
46460,4
46515,7
46535,0
46549,3
46567,6
46569,9
46573,8
46657,8
46669,6
46679,1
46712,4
46715,6
46722,1
46732,6
46759,5
46786,4
46788,6
46794,8
46797,0
46803,3
46828,9
46838,3
46877,4
46912,2
46971,3
47000,0
47010,9
47021,5
47048,9
47051,8
47063,1
47076,8
47123,3
47147,6
47153,1
47155,2
47158,1
47174,0
47184,7
47193,5
47200,1
47323,9
47339,5
47342,2
47358,6
47414,5
47415,6
47421,8
47462,8
47478,8
47480,0
47496,3
47499,2
47522,2
47523,4
47542,1
47554,5
47558,4
47575,2
47584,6
47638,1
47645,9
47656,8
47660,8
47665,4
47666,7
47671,9
47679,9
47697,1
47720,3
47753,8
47759,2
47784,1
47791,0
47816,0
47818,3
47819,2
47833,9
47839,2
47863,9
47878,9
47911,6
47930,3
47940,5
47959,8
47973,2
47975,3
47989,8
47991,1
47994,1
48023,0
48060,8
48068,4
48075,8
48077,9
48108,7
48117,6
48120,4
48133,6
48154,9
48164,3
48218,0
48230,5
48231,2
48241,7
48242,7
48247,7
48262,6
48315,7
48320,2
48341,7
48343,7
48349,2
48350,0
48398,6
48433,6
48449,5
48487,4
48493,6
48504,9
48536,2
48554,0
48597,9
48630,6
48634,9
48641,0
48689,6
48691,7
48715,0
48723,8
48736,7
48739,8
48747,9
48748,2
48756,8
48777,5
48841,2
48847,5
48890,4
48934,2
48950,5
48954,2
48981,3
48982,2
48984,4
48985,5
48994,6
49021,2
49035,1
49053,7
49092,4
49094,5
49104,6
49105,4
49107,5
49115,2
49125,7
49128,9
49138,4
49157,3
49164,2
49171,0
49175,6
49195,4
49279,8
49309,4
49311,0
49325,4
49360,5
49370,0
49377,8
49407,8
49421,2
49435,3
49439,8
49445,5
49448,6
49450,3
49482,1
49545,8
49552,4
49582,2
49593,6
49605,2
49606,1
49637,8
49648,3
49714,9
49730,9
49743,6
49763,3
49778,2
49797,5
49825,5
49831,8
49847,6
49879,6
49883,0
49918,7
49922,5
49941,1
49947,8
49957,5
49996,0
50006,5
50039,6
50041,9
50042,0
50059,6
50081,0
50129,7
50138,5
50145,9
50176,8
50180,8
50182,4
50187,5
50214,3
50269,7
50287,2
50309,9
50333,1
50368,2
50405,4
50407,0
50438,7
50463,0
50503,6
50506,6
50508,2
50522,9
50531,4
50538,2
50552,8
50569,5
50618,6
50630,0
50636,4
50644,3
50648,7
50673,4
50678,1
50734,5
50738,8
50745,8
50748,2
50750,0
50778,5
50779,5
50787,9
50806,9
50811,6
50816,9
50823,6
50840,2
50841,4
50915,3
50942,7
50977,2
51009,8
51013,8
51027,5
51029,0
51058,8
51076,4
51085,3
51091,3
51097,5
51099,9
51112,1
51131,2
51152,6
51154,3
51175,4
51179,6
51186,0
51215,0
51263,4
51368,4
51380,5
51397,1
51431,8
51436,1
51447,1
51470,9
51471,3
51507,6
51522,3
51537,7
51552,9
51553,5
51568,7
51576,8
51600,4
51652,4
51671,1
51678,4
51745,6
51788,6
51830,8
51911,7
51913,9
51975,1
51996,7
52026,5
52051,1
52069,6
52098,3
52105,0
52106,5
52110,7
52140,4
52145,6
52216,7
52218,8
52229,4
52232,9
52267,4
52273,6
52313,0
52354,0
52359,1
52401,8
52415,3
52416,1
52448,4
52474,5
52479,3
52496,8
52527,5
52569,1
52583,8
52601,3
52607,3
52616,1
52617,0
52642,4
52663,4
52749,6
52754,6
52761,9
52768,6
52777,1
52832,0
52847,0
52851,2
52855,4
52890,8
52905,8
52909,4
52935,4
53021,7
53024,5
53028,8
53032,4
53052,4
53057,6
53063,5
53109,4
53158,3
53165,3
53179,6
53236,8
53254,4
53256,0
53260,4
53263,4
53287,3
53299,0
53337,9
53346,4
53347,4
53357,3
53359,6
53398,6
53405,1
53442,9
53457,3
53464,8
53477,4
53504,2
53509,0
53543,6
53550,9
53591,3
53608,2
53634,5
53661,9
53692,2
53726,1
53766,7
53781,7
53789,0
53798,6
53806,8
53859,5
53875,3
53904,1
53913,8
53935,9
53952,8
53962,7
53970,8
54024,5
54043,2
54046,4
54062,3
54064,9
54069,9
54082,8
54093,8
54105,2
54143,1
54164,1
54171,4
54220,2
54228,3
54256,7
54260,5
54307,9
54314,2
54371,0
54387,8
54390,6
54395,2
54403,6
54453,7
54457,2
54487,3
54503,6
54504,9
54507,5
54510,5
54523,6
54542,7
54561,7
54567,4
54617,4
54633,2
54639,5
54698,9
54719,1
54736,3
54747,8
54765,2
54793,9
54812,0
54861,4
54885,6
54887,7
54889,8
54890,7
54896,8
54946,1
54966,7
55017,3
55025,4
55027,0
55028,3
55036,1
55061,8
55071,3
55075,5
55084,7
55092,9
55100,2
55123,6
55203,2
55227,0
55256,8
55259,0
55276,7
55282,4
55283,3
55286,1
55297,0
55310,1
55337,4
55343,3
55348,0
55364,9
55415,1
55422,7
55504,2
55509,3
55511,4
55535,7
55540,2
55547,3
55548,3
55551,6
55567,1
55698,3
55702,9
55710,1
55711,9
55745,0
55750,7
55754,6
55759,7
55784,1
55836,2
55853,8
55857,2
55888,1
55910,5
55911,0
55923,3
55947,3
55958,5
55961,1
55979,8
55985,2
56020,1
56031,4
56033,5
56073,3
56102,9
56103,0
56137,0
56152,9
56163,0
56181,0
56190,4
56224,5
56253,7
56267,4
56282,2
56293,4
56298,2
56319,4
56379,4
56384,1
56410,7
56427,2
56436,0
56453,7
56503,7
56533,0
56559,1
56589,5
56590,2
56626,0
56633,1
56681,9
56735,0
56768,1
56833,4
56841,7
56875,3
56886,4
56902,1
56930,9
56948,9
57024,9
57029,6
57035,4
57077,8
57082,4
57084,8
57095,1
57102,4
57122,6
57144,4
57163,2
57167,5
57216,8
57253,6
57260,6
57272,1
57279,4
57285,7
57357,7
57381,1
57386,7
57402,3
57405,7
57421,9
57442,2
57443,4
57504,7
57514,6
57535,7
57538,4
57552,1
57597,2
57623,9
57629,0
57636,9
57667,9
57718,7
57737,8
57738,1
57748,7
57755,2
57762,3
57773,8
57782,9
57787,5
57795,0
57865,1
57876,2
57895,9
57900,5
57925,7
57952,3
57961,1
57971,6
57988,8
57998,1
58027,6
58069,9
58102,0
58121,0
58131,8
58148,1
58175,5
58177,7
58231,4
58266,1
58313,0
58339,3
58345,6
58374,8
58380,4
58388,2
58409,2
58436,4
58449,3
58459,1
58469,9
58478,4
58482,4
58512,2
58531,4
58555,4
58559,4
58564,3
58573,8
58577,9
58578,6
58648,7
58650,4
58682,6
58694,0
58766,6
58806,1
58818,9
58862,5
58880,8
58886,1
58892,3
58964,2
59020,4
59030,2
59090,8
59095,0
59115,7
59133,5
59193,5
59205,9
59206,6
59211,9
59214,9
59233,1
59264,7
59272,0
59326,2
59338,5
59342,0
59351,5
59355,2
59362,9
59364,1
59377,5
59401,4
59441,7
59447,8
59454,1
59466,8
59490,3
59526,7
59581,8
59611,7
59613,0
59619,1
59672,2
59680,0
59690,4
59725,3
59764,8
59771,9
59778,3
59832,1
59860,3
59877,6
59891,3
59894,7
59981,6
59984,1
59991,2
