17,8
32,6
50,3
61,4
82,2
93,6
94,8
148,7
163,4
173,5
188,8
200,1
206,0
208,1
226,9
257,4
285,9
351,1
373,4
400,2
415,8
433,3
448,2
468,7
493,2
506,6
549,3
559,8
576,4
577,0
588,2
590,4
593,1
632,7
635,5
648,1
658,6
705,8
713,2
733,0
781,0
786,7
810,6
908,7
964,5
973,6
985,5
1015,0
1021,3
1030,4
1044,1
1053,2
1093,0
1099,4
1104,5
1135,5
1231,7
1259,1
1280,4
1299,2
1311,5
1349,0
1373,4
1384,8
1450,1
1487,4
1517,0
1518,9
1522,9
1529,3
1557,6
1558,2
1588,3
1602,2
1618,7
1634,3
1650,5
1653,4
1677,3
1776,8
1790,8
1791,3
1792,6
1804,8
1825,7
1853,8
1857,0
1858,7
1872,3
1881,2
1893,8
1894,2
1908,3
1927,0
1961,5
1965,5
1994,3
2044,6
2060,9
2087,3
2104,2
2112,0
2123,1
2132,3
2185,4
2198,1
2203,3
2237,8
2258,5
2293,6
2300,6
2327,0
2338,4
2346,2
2347,7
2356,1
2361,4
2370,9
2384,8
2409,2
2412,5
2434,9
2450,2
2459,6
2529,3
2589,4
2603,3
2650,7
2684,2
2697,9
2709,0
2737,4
2782,0
2793,9
2815,9
2838,2
2840,2
2848,7
2860,9
2863,6
2874,4
2957,1
2991,8
2997,9
3010,7
3035,0
3075,3
3094,8
3186,9
3194,4
3285,5
3297,6
3301,5
3305,2
3314,3
3330,6
3411,1
3418,1
3447,9
3467,5
3475,4
3498,7
3504,4
3512,8
3535,5
3542,3
3554,8
3648,5
3685,5
3697,4
3699,3
3714,1
3738,4
3742,9
3771,1
3778,0
3790,7
3797,1
3800,1
3801,5
3805,7
3826,2
3875,5
3951,7
3957,4
3992,7
4022,3
4030,6
4052,8
4055,4
4105,1
4121,3
4124,9
4130,7
4132,4
4138,3
4162,1
4195,4
4223,3
4224,4
4225,1
4228,4
4229,9
4231,6
4265,0
4306,9
4332,7
4333,1
4335,3
4371,2
4376,5
4377,9
4419,8
4427,2
4432,7
4450,5
4452,7
4500,0
4510,3
4582,8
4632,3
4642,0
4652,8
4663,9
4729,0
4761,8
4762,3
4766,1
4771,9
4827,6
4836,3
4838,4
4906,0
4942,1
4943,6
4974,5
4984,7
4991,7
5057,7
5058,1
5059,7
5101,4
5124,4
5127,3
5145,6
5152,3
5160,3
5161,7
5169,1
5188,5
5256,1
5339,9
5387,7
5404,9
5436,2
5446,7
5458,3
5486,6
5496,7
5539,9
5546,7
5566,6
5588,3
5589,9
5610,1
5640,3
5662,0
5725,8
5735,4
5746,9
5773,0
5795,7
5808,0
5815,2
5816,2
5821,7
5857,5
5904,5
5928,2
5946,7
5976,7
6003,1
6037,4
6045,0
6054,7
6115,7
6125,2
6135,1
6159,6
6190,2
6192,1
6225,9
6235,4
6241,7
6254,1
6264,5
6281,6
6294,9
6310,9
6335,8
6337,0
6342,3
6352,5
6359,5
6380,1
6431,5
6456,6
6472,5
6557,5
6583,8
6601,3
6604,8
6605,2
6679,9
6698,1
6757,0
6758,0
6763,0
6772,5
6779,9
6814,8
7013,9
7021,8
7042,8
7061,9
7078,1
7086,6
7107,2
7130,0
7157,9
7209,3
7236,7
7267,0
7271,0
7284,7
7286,0
7289,6
7337,2
7374,5
7389,6
7407,9
7408,2
7456,6
7457,5
7460,6
7480,5
7532,1
7536,1
7544,6
7552,0
7574,1
7610,7
7641,6
7647,9
7659,5
7676,9
7685,0
7693,1
7711,6
7736,2
7786,0
7840,5
7847,6
7874,0
7876,1
7880,6
7946,9
7966,3
7997,6
7999,4
8012,3
8022,5
8094,3
8099,3
8145,6
8164,3
8169,3
8178,5
8181,8
8209,5
8239,4
8241,3
8254,3
8259,3
8268,7
8294,0
8320,5
8323,0
8331,1
8362,7
8372,2
8378,8
8387,0
8398,6
8401,7
8407,6
8419,5
8444,7
8503,9
8512,1
8513,1
8523,6
8524,3
8528,3
8593,2
8597,3
8622,4
8672,3
8685,6
8702,9
8704,1
8739,0
8751,9
8764,8
8784,2
8793,2
8797,6
8812,0
8817,6
8818,3
8829,6
8851,9
8862,6
8925,4
8938,5
8956,4
8971,9
8986,5
8999,9
9015,6
9026,4
9059,3
9063,6
9074,3
9118,9
9132,9
9160,5
9169,2
9201,6
9226,3
9248,2
9258,2
9306,9
9308,9
9320,5
9344,5
9369,8
9388,4
9408,8
9419,5
9469,9
9473,0
9494,7
9534,6
9544,0
9548,7
9549,7
9629,6
9633,9
9673,9
9701,4
9725,2
9739,3
9745,6
9763,5
9794,8
9821,4
9842,1
9851,3
9863,6
9864,3
9891,2
9894,2
9901,7
9945,5
9948,8
9959,3
9966,0
9997,6
10003,9
10009,2
10029,2
10068,1
10071,0
10110,1
10135,6
10184,9
10197,8
10224,6
10237,0
10312,2
10348,0
10385,5
10392,7
10417,2
10422,8
10457,7
10487,7
10497,2
10513,8
10515,8
10522,7
10529,9
10549,4
10563,0
10568,1
10571,4
10585,3
10596,8
10598,5
10610,5
10639,4
10648,7
10683,4
10692,1
10735,7
10740,5
10812,4
10846,2
10853,6
10874,0
10881,8
10884,5
10889,8
10898,2
10924,0
10933,1
10955,9
10960,4
10964,4
10970,9
10981,8
10995,5
11018,2
11077,0
11080,7
11094,5
11099,7
11121,8
11139,9
11177,9
11185,7
11193,2
11195,6
11225,9
11231,0
11235,7
11264,4
11284,3
11305,5
11307,6
11343,4
11385,9
11415,9
11419,4
11423,9
11432,1
11452,9
11468,4
11489,3
11494,4
11517,7
11522,1
11553,7
11571,6
11572,5
11574,0
11581,2
11605,0
11696,5
11705,3
11755,3
11802,5
11806,5
11818,4
11822,7
11855,1
11871,6
11899,2
11914,0
11961,2
11997,2
12008,0
12039,5
12055,4
12058,4
12062,7
12072,1
12096,9
12105,4
12132,1
12143,7
12155,6
12193,0
12244,3
12254,2
12255,8
12271,6
12281,2
12282,8
12283,6
12320,9
12332,4
12339,0
12341,5
12361,2
12368,9
12374,0
12407,1
12437,3
12465,4
12481,2
12489,6
12511,7
12523,6
12550,0
12558,7
12571,7
12581,4
12589,4
12660,8
12662,0
12665,0
12677,3
12679,2
12702,3
12716,0
12719,8
12740,2
12750,3
12752,2
12808,2
12837,0
12911,2
12927,0
12933,3
12948,4
12957,5
12958,8
12977,6
13000,7
13049,9
13103,8
13108,9
13121,2
13154,1
13180,7
13199,7
13211,0
13234,5
13239,3
13240,0
13279,5
13310,2
13341,8
13359,9
13364,6
13383,3
13401,2
13430,4
13433,1
13435,9
13437,9
13442,3
13456,9
13462,9
13467,0
13483,0
13505,5
13610,1
13613,2
13633,5
13638,7
13715,6
13746,7
13772,6
13822,0
13855,1
13863,5
13870,4
13874,0
13891,9
13899,8
13915,7
13930,2
13934,8
13979,8
13993,3
14009,5
14029,5
14053,7
14078,5
14095,7
14147,6
14153,0
14183,5
14211,8
14212,1
14231,7
14272,4
14273,2
14292,6
14367,3
14376,5
14408,1
14418,6
14433,4
14434,9
14438,8
14454,3
14468,2
14501,4
14510,2
14564,0
14568,9
14623,5
14648,8
14652,4
14683,4
14686,3
14704,3
14705,0
14737,5
14754,8
14763,2
14836,2
14878,3
14889,6
14927,4
14949,0
14977,9
14989,6
15027,4
15051,6
15052,3
15054,5
15061,6
15062,7
15068,1
15087,7
15090,3
15104,8
15124,9
15126,5
15154,1
15155,5
15165,9
15175,1
15221,8
15324,6
15331,7
15335,3
15354,9
15463,6
15494,7
15525,4
15554,7
15558,5
15570,7
15595,8
15615,4
15634,6
15636,8
15640,8
15642,2
15664,8
15685,5
15748,2
15749,8
15765,0
15766,8
15875,6
15879,8
15887,2
15919,8
15932,7
15969,5
15973,8
16021,1
16027,2
16060,2
16080,1
16082,9
16087,1
16129,5
16150,7
16199,7
16205,7
16218,1
16228,1
16256,9
16278,1
16319,7
16322,8
16342,9
16367,1
16418,1
16445,8
16448,4
16464,4
16472,2
16525,1
16545,1
16566,4
16571,4
16664,2
16685,4
16693,3
16765,4
16783,3
16787,0
16796,6
16802,4
16805,1
16861,3
16862,5
16881,9
16894,6
16914,1
16952,2
16964,8
16984,7
16994,8
16996,4
17003,0
17011,6
17019,9
17025,0
17042,1
17112,8
17123,2
17131,3
17174,6
17179,8
17204,6
17224,5
17255,3
17275,8
17285,0
17331,1
17341,3
17363,9
17378,1
17438,1
17474,4
17501,9
17505,1
17571,9
17579,2
17587,1
17592,4
17608,5
17614,8
17618,1
17625,0
17627,1
17673,3
17674,9
17696,7
17740,4
17754,3
17769,4
17775,1
17783,6
17807,7
17846,1
17847,1
17865,4
17893,3
17899,9
17943,1
17958,9
17974,7
17993,3
18054,4
18065,2
18080,5
18146,9
18160,7
18169,3
18177,6
18195,8
18261,1
18296,9
18305,8
18352,1
18372,1
18401,9
18413,2
18437,9
18467,8
18475,9
18548,6
18635,8
18690,8
18730,4
18742,3
18774,8
18777,9
18838,6
18890,8
18913,4
18941,4
18953,1
18969,7
18985,9
19009,0
19015,3
19079,8
19116,3
19117,0
19122,1
19136,1
19158,1
19167,1
19179,0
19227,1
19229,2
19232,2
19241,0
19261,0
19294,4
19303,0
19379,7
19433,7
19444,2
19459,0
19477,9
19497,5
19542,0
19554,0
19570,8
19578,5
19579,3
19588,0
19596,9
19599,4
19606,2
19617,6
19640,1
19653,2
19663,7
19701,6
19713,3
19720,8
19733,7
19753,1
19759,5
19783,8
19786,0
19805,6
19820,5
19827,4
19845,0
19861,0
19878,3
19899,0
19910,9
19911,8
19919,2
19938,9
20006,5
20013,6
20044,5
20048,7
20074,4
20125,5
20129,9
20136,6
20164,9
20171,5
20183,4
20188,9
20196,9
20211,4
20224,2
20226,7
20237,1
20325,5
20409,1
20414,2
20445,9
20491,8
20515,2
20524,8
20527,4
20546,9
20555,6
20566,7
20607,8
20628,5
20633,4
20654,1
20676,9
20728,3
20730,4
20758,8
20779,2
20843,0
20853,5
20922,5
20947,0
21034,5
21103,6
21119,4
21133,7
21135,2
21158,9
21257,6
21271,0
21301,1
21335,7
21359,3
21386,7
21391,1
21402,1
21416,5
21450,2
21454,0
21495,9
21496,3
21512,3
21523,0
21530,5
21532,5
21534,0
21596,3
21633,2
21664,4
21693,7
21725,7
21737,1
21743,4
21751,1
21760,2
21774,9
21800,0
21819,5
21821,6
21838,6
21855,8
21857,2
21861,3
21886,4
21910,0
21913,8
21916,4
21934,6
21940,4
21960,0
21999,4
22015,5
22025,1
22058,3
22118,8
22148,9
22154,3
22156,5
22183,7
22208,0
22211,5
22224,0
22258,6
22279,7
22288,0
22325,1
22332,9
22362,0
22399,7
22418,4
22453,0
22472,4
22477,3
22492,3
22511,0
22520,6
22521,9
22527,7
22531,4
22553,4
22555,1
22601,0
22609,6
22625,3
22639,1
22687,9
22689,1
22701,2
22704,5
22705,1
22709,6
22710,0
22717,3
22748,1
22768,4
22770,3
22783,5
22785,1
22789,6
22826,7
22827,5
22830,6
22850,1
22885,4
22903,3
22908,6
22928,1
23042,9
23069,2
23070,7
23136,0
23159,9
23162,2
23165,3
23168,6
23178,7
23184,8
23187,4
23211,5
23229,2
23262,9
23288,8
23295,1
23311,9
23314,9
23322,3
23326,4
23342,1
23382,1
23383,8
23434,5
23478,4
23482,3
23511,1
23518,5
23529,4
23633,5
23642,2
23648,4
23651,5
23664,4
23670,4
23677,2
23717,8
23741,0
23774,6
23776,2
23785,6
23815,7
23824,5
23883,7
23892,1
23912,5
23926,0
23942,2
23963,6
23976,9
23977,3
24002,8
24017,3
24043,5
24050,2
24065,8
24113,4
24192,4
24268,0
24275,5
24276,0
24281,3
24283,5
24302,4
24332,5
24378,4
24387,9
24410,8
24458,6
24493,4
24521,8
24539,3
24561,7
24563,1
24574,5
24592,6
24613,9
24643,9
24685,6
24686,8
24691,8
24714,1
24717,0
24736,9
24759,9
24785,6
24788,7
24802,6
24827,6
24848,1
24862,2
24874,4
24898,9
24927,9
24940,0
24944,6
24957,6
24992,4
25014,4
25022,0
25026,7
25038,2
25039,0
25072,8
25107,3
25108,6
25111,5
25117,8
25119,9
25134,9
25135,6
25147,2
25155,7
25235,1
25243,0
25276,8
25286,7
25296,3
25307,1
25327,1
25340,6
25347,4
25369,2
25372,9
25374,6
25409,3
25429,8
25438,4
25447,1
25454,3
25464,8
25502,9
25504,1
25506,7
25512,0
25515,9
25522,7
25538,3
25550,4
25557,5
25637,9
25654,5
25685,3
25783,0
25800,1
25825,1
25850,7
25887,4
25937,1
25969,9
25970,1
25984,8
26028,8
26051,7
26064,9
26067,4
26078,8
26092,6
26104,1
26129,6
26137,4
26148,3
26172,4
26193,4
26217,4
26239,5
26246,4
26259,9
26282,9
26294,8
26304,7
26309,4
26310,1
26329,2
26345,6
26391,3
26393,6
26397,8
26403,3
26404,5
26467,5
26482,6
26557,8
26560,7
26573,4
26609,9
26624,2
26648,5
26655,5
26661,8
26686,0
26714,7
26715,3
26726,1
26744,3
26783,3
26784,0
26787,5
26788,2
26794,2
26827,1
26842,5
26848,6
26908,8
26918,5
26919,8
26932,2
26936,8
26942,3
26959,1
26974,2
26979,0
26998,3
27006,6
27010,2
27062,5
27123,1
27132,3
27156,6
27161,6
27184,7
27235,7
27251,8
27306,6
27309,1
27370,9
27383,9
27417,5
27422,5
27425,8
27428,6
27429,0
27435,3
27443,3
27459,8
27470,2
27471,5
27472,2
27495,4
27556,6
27563,8
27575,4
27584,4
27613,8
27618,2
27634,1
27640,3
27651,3
27665,1
27672,2
27678,8
27705,9
27750,6
27754,2
27776,4
27820,0
27829,0
27841,0
27856,3
27857,4
27860,2
27864,2
27872,7
27882,4
27885,1
27886,1
27891,8
27898,2
27902,9
27949,9
27958,8
27982,0
28000,1
28007,9
28021,2
28031,3
28032,3
28035,1
28052,2
28065,8
28128,4
28130,1
28134,1
28150,6
28158,7
28189,2
28195,9
28202,0
28225,4
28245,1
28251,6
28257,0
28259,5
28260,9
28263,3
28284,2
28297,8
28300,1
28302,6
28329,9
28330,9
28332,5
28340,5
28347,2
28352,8
28359,3
28363,4
28378,1
28396,9
28417,7
28441,3
28481,9
28496,6
28504,5
28517,4
28520,7
28524,1
28555,2
28569,1
28614,4
28637,5
28647,0
28656,1
28685,2
28688,7
28703,4
28729,8
28730,7
28744,2
28745,7
28750,9
28760,3
28778,3
28898,6
28911,9
28926,7
28928,9
29021,5
29026,8
29030,1
29033,1
29045,3
29058,5
29064,2
29079,6
29095,8
29101,0
29115,4
29150,5
29174,5
29185,3
29254,8
29283,0
29294,3
29303,8
29314,2
29326,7
29331,6
29379,9
29396,1
29415,3
29420,0
29437,6
29481,2
29491,7
29561,4
29590,4
29595,7
29619,2
29621,0
29622,6
29627,8
29630,6
29670,3
29692,4
29708,5
29756,7
29769,6
29792,4
29813,6
29864,4
29873,0
29886,8
29907,0
29912,5
29935,9
29951,7
29973,9
29984,7
30028,5
30094,2
30116,8
30134,4
30215,4
30241,3
30284,3
30295,6
30305,1
30307,7
30325,8
30333,5
30347,8
30398,3
30458,4
30486,1
30491,9
30517,9
30518,6
30526,6
30530,2
30531,7
30567,1
30626,5
30638,6
30665,0
30682,4
30697,5
30705,2
30708,4
30744,6
30773,4
30807,0
30863,4
30893,9
30928,5
30932,0
30938,1
30952,7
30955,0
30979,7
30982,7
30993,2
31018,9
31020,0
31039,8
31040,6
31082,0
31112,0
31126,4
31127,0
31137,7
31143,6
31144,1
31146,2
31160,7
31177,2
31196,7
31203,6
31235,4
31239,7
31247,2
31277,0
31279,1
31294,6
31312,9
31326,9
31345,3
31400,9
31432,1
31489,5
31494,1
31542,7
31556,1
31573,9
31576,7
31601,4
31621,9
31624,9
31649,5
31650,5
31655,8
31663,1
31677,0
31687,5
31707,9
31751,1
31772,5
31794,2
31839,1
31845,8
31854,9
31872,4
31891,5
31916,1
31918,9
31973,2
32020,4
32092,0
32147,8
32160,0
32161,8
32172,4
32200,5
32203,3
32206,8
32242,6
32271,9
32278,4
32350,9
32376,3
32394,5
32405,2
32427,0
32459,0
32464,6
32484,3
32498,4
32507,5
32525,2
32541,0
32580,7
32607,8
32630,2
32668,9
32673,4
32724,5
32726,2
32738,7
32775,3
32779,2
32806,8
32848,9
32873,7
32900,3
32912,6
32961,5
32962,8
32972,9
32999,6
33011,4
33027,2
33030,6
33076,6
33106,4
33127,4
33132,3
33138,5
33156,9
33181,8
33184,2
33197,2
33223,3
33247,5
33260,5
33286,9
33287,7
33317,4
33372,9
33373,2
33409,5
33463,2
33509,4
33524,7
33527,7
33539,8
33552,4
33561,4
33600,1
33611,8
33624,3
33637,4
33644,2
33667,1
33723,0
33748,5
33782,6
33786,3
33787,4
33831,0
33877,3
33891,9
33894,4
33919,6
33999,9
34043,4
34099,0
34104,9
34111,7
34118,7
34125,6
34176,9
34213,0
34230,7
34233,7
34242,5
34267,7
34270,5
34321,9
34324,6
34336,6
34369,0
34376,8
34383,1
34405,2
34431,5
34434,7
34476,9
34482,9
34492,6
34500,8
34501,7
34554,8
34566,1
34644,3
34646,3
34660,3
34685,3
34725,1
34727,5
34737,0
34742,4
34748,6
34757,1
34765,6
34784,4
34804,8
34811,5
34869,1
34937,1
34945,1
34992,1
35001,1
35014,2
35031,2
35057,5
35059,9
35066,3
35079,6
35081,7
35099,6
35152,4
35180,3
35213,6
35251,8
35286,1
35295,8
35319,4
35326,5
35330,9
35342,6
35348,0
35365,8
35366,3
35375,8
35395,1
35409,0
35432,0
35460,8
35463,0
35539,7
35546,4
35553,7
35578,6
35579,6
35588,6
35591,8
35596,1
35646,0
35660,0
35685,2
35690,2
35696,7
35716,4
35718,6
35724,9
35743,5
35767,8
35785,2
35803,3
35821,0
35828,6
35866,4
35899,7
35905,0
35914,3
35964,4
35976,5
35981,8
36047,0
36050,9
36109,9
36157,7
36160,4
36166,2
36176,6
36189,3
36215,1
36236,5
36245,5
36251,0
36264,1
36272,0
36318,0
36343,6
36372,6
36396,2
36400,4
36410,1
36508,5
36551,1
36573,2
36575,3
36603,7
36606,9
36612,7
36634,4
36637,6
36641,4
36654,7
36683,5
36730,7
36735,9
36814,1
36841,6
36883,5
36931,3
36934,9
36967,7
36975,0
36989,5
36993,9
36996,6
37006,5
37023,1
37035,3
37068,7
37083,2
37093,7
37094,8
37098,7
37147,7
37157,2
37161,3
37162,9
37169,3
37181,5
37249,5
37251,4
37259,9
37284,3
37311,4
37312,8
37326,9
37330,1
37345,6
37361,3
37375,5
37398,8
37415,0
37427,2
37432,0
37521,5
37562,4
37576,6
37591,7
37592,5
37602,7
37628,8
37639,6
37657,7
37661,1
37681,9
37691,3
37697,0
37710,8
37712,4
37722,4
37742,1
37754,9
37755,8
37808,8
37825,2
37848,3
37852,5
37870,8
37876,7
37880,2
37911,1
37931,6
37939,1
37951,9
37962,8
37971,7
37984,7
37985,2
37988,4
37989,2
37997,1
38023,5
38080,2
38083,3
38095,1
38113,5
38137,9
38168,4
38205,9
38223,3
38258,6
38320,7
38335,0
38340,1
38344,9
38348,6
38378,5
38382,8
38396,2
38452,8
38472,6
38540,0
38559,0
38563,2
38567,4
38586,7
38598,7
38606,8
38609,2
38642,6
38677,1
38691,0
38693,0
38712,3
38722,0
38752,3
38763,7
38774,1
38776,7
38777,4
38778,8
38792,5
38804,3
38810,7
38849,8
38855,4
38861,6
38870,8
38893,0
38899,9
38907,5
38909,1
38910,9
38921,7
38926,0
38948,8
38969,9
38972,7
38973,4
38974,1
39012,1
39026,7
39030,9
39130,6
39234,9
39246,7
39313,6
39314,7
39340,6
39370,9
39371,7
39373,8
39386,4
39390,7
39403,1
39412,3
39433,4
39452,3
39462,1
39469,3
39470,2
39495,6
39557,7
39571,9
39594,1
39627,2
39688,2
39701,0
39712,7
39739,2
39751,8
39839,0
39890,0
39891,4
39912,1
39914,2
39918,2
39943,4
39982,3
40012,8
40057,5
40080,7
40099,0
40123,4
40155,2
40159,5
40250,9
40260,0
40273,1
40285,4
40345,2
40389,0
40405,2
40428,0
40459,1
40468,1
40476,7
40477,9
40480,3
40486,0
40501,6
40592,2
40628,9
40634,9
40643,7
40656,9
40673,8
40682,1
40706,8
40708,8
40771,6
40793,4
40807,7
40817,0
40819,1
40834,4
40852,8
40865,3
40929,2
40965,0
40993,5
41013,8
41018,6
41027,0
41059,6
41065,9
41068,4
41076,1
41088,7
41166,4
41167,6
41175,8
41217,2
41218,8
41223,5
41225,3
41226,1
41296,0
41307,4
41310,7
41312,5
41317,3
41339,7
41348,2
41361,6
41389,5
41435,5
41452,6
41480,9
41485,0
41490,0
41509,5
41515,3
41537,3
41587,5
41599,9
41627,0
41652,8
41654,6
41657,5
41666,6
41673,5
41692,7
41695,6
41718,8
41730,2
41753,3
41772,5
41774,4
41797,6
41823,1
41830,2
41913,4
41950,4
41952,8
41977,4
41993,4
42056,3
42079,8
42096,8
42101,5
42148,7
42167,4
42182,1
42262,0
42267,5
42275,0
42290,7
42332,1
42409,6
42434,3
42446,0
42462,1
42470,8
42477,3
42502,1
42524,9
42525,6
42531,1
42541,6
42543,5
42559,0
42562,2
42590,5
42596,2
42671,2
42678,3
42685,6
42701,1
42706,8
42752,0
42774,4
42796,9
42804,3
42832,8
42863,5
42895,4
42902,3
42903,9
42913,0
42954,3
42963,9
42975,6
42980,0
42988,8
42995,4
43016,1
43018,8
43027,3
43052,7
43069,8
43079,2
43099,8
43112,4
43122,2
43135,3
43136,5
43148,5
43184,2
43206,5
43232,1
43241,2
43299,8
43335,8
43345,2
43360,2
43396,6
43402,5
43403,8
43411,1
43422,0
43455,8
43509,3
43526,9
43572,6
43603,5
43634,4
43651,5
43718,9
43724,8
43725,7
43734,9
43738,9
43744,6
43826,2
43829,1
43895,2
43916,9
43923,7
43930,8
43967,3
44013,4
44023,0
44067,7
44093,1
44101,3
44103,0
44104,9
44113,1
44133,2
44138,3
44157,3
44160,7
44227,1
44242,1
44244,9
44266,0
44281,1
44298,2
44328,9
44329,5
44346,6
44351,9
44363,0
44423,9
44452,6
44463,6
44465,7
44487,8
44509,9
44511,1
44542,1
44553,9
44587,4
44596,3
44616,8
44629,0
44650,1
44652,8
44772,7
44784,2
44847,2
44926,9
44942,4
44972,7
44982,9
44997,8
45016,8
45036,5
45039,9
45043,3
45052,5
45076,1
45095,4
45110,8
45133,2
45134,5
45154,6
45157,6
45172,4
45175,5
45183,9
45191,4
45249,8
45310,7
45314,7
45331,1
45335,6
45347,2
45351,8
45374,7
45399,8
45404,4
45416,8
45446,7
45454,8
45464,2
45533,7
45542,6
45562,5
45568,2
45578,4
45637,7
45638,2
45639,8
45672,2
45704,3
45753,5
45795,1
45804,7
45966,0
45987,5
46022,4
46025,8
46030,9
46059,4
46078,7
46082,2
46102,5
46149,5
46186,6
46220,4
46258,8
46294,0
46315,9
46342,1
46349,7
46362,9
46371,0
46401,4
46405,8
46407,1
46436,0
46442,3
46458,5
46474,9
46480,3
46491,6
46505,8
46511,6
46532,3
46600,3
46663,2
46681,3
46722,1
46738,8
46793,8
46795,4
46841,2
46842,1
46891,5
46911,3
46914,5
46936,1
46938,7
46943,6
46956,2
46963,0
46996,5
46998,8
47032,6
47080,8
47102,2
47120,9
47131,2
47151,8
47157,3
47181,7
47185,9
47199,2
47207,3
47220,6
47227,9
47248,7
47311,3
47335,0
47371,0
47387,8
47394,1
47419,0
47470,0
47479,0
47494,5
47542,1
47562,6
47564,6
47573,2
47612,2
47614,2
47621,1
47645,9
47647,0
47654,3
47725,3
47740,0
47743,2
47749,3
47751,1
47752,0
47762,9
47769,5
47770,1
47771,4
47868,1
47876,3
47896,8
47917,0
47993,1
48006,6
48014,3
48029,2
48048,4
48087,4
48093,7
48095,7
48105,7
48122,7
48230,5
48249,5
48261,1
48307,5
48335,1
48340,6
48342,4
48362,6
48376,4
48378,2
48396,3
48439,0
48468,1
48482,3
48489,5
48493,6
48512,5
48529,0
48548,9
48563,3
48576,5
48578,0
48580,9
48595,4
48602,0
48613,0
48620,6
48669,4
48676,0
48687,5
48706,6
48729,0
48735,3
48741,1
48747,9
48766,9
48785,4
48786,4
48791,0
48799,2
48808,0
48821,6
48830,0
48834,0
48851,1
48877,2
48884,2
48889,7
48907,6
48926,2
48929,0
48945,6
48961,4
48971,5
48977,1
48992,7
49005,4
49044,8
49049,6
49059,0
49083,6
49104,6
49116,7
49128,9
49132,5
49156,3
49159,7
49181,2
49212,7
49219,9
49223,9
49229,0
49241,5
49244,0
49256,4
49268,0
49276,8
49278,0
49312,3
49343,5
49348,5
49412,7
49460,5
49466,9
49469,9
49470,5
49477,3
49493,8
49497,0
49516,7
49521,1
49525,8
49528,0
49576,0
49580,2
49588,1
49600,1
49601,0
49605,2
49620,8
49655,5
49659,6
49715,8
49746,3
49791,3
49804,8
49835,0
49836,9
49858,4
49864,3
49943,1
49977,6
49991,5
49993,2
50034,6
50042,0
50066,7
50073,6
50108,6
50137,7
50169,9
50184,3
50196,2
50202,5
50227,7
50260,3
50266,6
50307,8
50317,3
50327,8
50334,2
50344,0
50363,8
50400,1
50422,5
50434,0
50447,1
50451,5
50505,8
50513,8
50547,4
50551,6
50560,3
50568,2
50617,0
50625,8
50657,6
50672,3
50674,2
50683,3
50686,9
50713,3
50722,2
50778,5
50788,1
50790,8
50831,5
50839,0
50864,1
50872,7
50912,6
50922,3
50942,7
51002,0
51047,4
51054,3
51056,4
51092,3
51118,2
51156,9
51164,8
51191,6
51219,6
51241,2
51248,9
51260,3
51267,9
51281,9
51299,0
51306,7
51327,0
51368,4
51443,2
51456,6
51495,5
51512,9
51513,8
51532,7
51540,1
51546,0
51548,1
51559,5
51561,3
51582,9
51609,9
51662,6
51707,7
51720,8
51728,6
51754,8
51785,8
51787,2
51849,2
51852,5
51861,8
51884,2
51890,3
51901,1
51956,9
52016,2
52034,9
52066,6
52072,8
52089,7
52095,0
52100,6
52106,5
52113,7
52128,4
52137,7
52155,4
52168,3
52187,1
52192,5
52193,4
52208,2
52209,3
52218,8
52246,4
52259,3
52260,4
52307,3
52311,9
52327,3
52383,9
52395,1
52405,7
52455,3
52462,9
52466,7
52473,4
52522,4
52537,1
52558,0
52581,6
52594,7
52597,0
52636,3
52655,0
52676,3
52725,6
52736,7
52745,1
52768,6
52786,7
52827,9
52847,0
52884,8
52887,1
52902,5
52908,6
52965,1
52976,6
52981,5
53002,8
53011,8
53014,0
53052,4
53069,5
53095,6
53104,3
53118,0
53119,1
53121,2
53165,3
53195,0
53217,9
53237,2
53239,2
53252,3
53299,0
53305,3
53311,6
53327,4
53329,5
53345,3
53367,2
53415,7
53443,5
53465,7
53490,7
53506,8
53519,4
53546,4
53573,0
53582,4
53616,9
53632,0
53637,2
53654,4
53670,0
53671,3
53691,3
53704,3
53707,1
53719,7
53741,5
53749,3
53757,3
53773,2
53802,5
53814,0
53819,2
53856,4
53860,8
53872,8
53935,9
53951,9
53955,4
53972,2
53980,1
53982,0
54020,3
54021,9
54022,7
54058,2
54077,3
54083,0
54116,4
54128,2
54134,2
54194,7
54211,6
54218,7
54283,5
54286,2
54311,9
54324,4
54326,2
54332,6
54337,8
54375,2
54401,5
54469,8
54470,5
54474,0
54499,3
54528,5
54541,2
54575,9
54576,1
54577,5
54612,8
54613,2
54628,4
54638,7
54684,8
54696,7
54788,6
54834,2
54837,2
54844,0
54856,3
54858,3
54900,0
54911,4
54925,7
54936,4
54948,6
54950,8
54995,7
55010,5
55021,7
55033,2
55042,5
55069,2
55076,5
55081,8
55094,7
55115,0
55123,6
55157,2
55167,7
55182,8
55234,8
55290,0
55298,5
55309,7
55315,0
55323,4
55336,3
55351,4
55374,7
55378,3
55381,2
55384,7
55386,1
55400,0
55417,1
55432,3
55507,2
55522,4
55525,2
55573,9
55583,1
55627,6
55668,7
55726,3
55861,6
55878,5
55880,8
55881,3
55889,9
55895,7
55899,2
55926,3
55928,7
55933,2
55989,8
55991,0
56010,1
56040,2
56043,3
56068,8
56081,1
56096,7
56141,8
56165,3
56212,9
56218,7
56253,7
56254,8
56274,7
56279,9
56295,8
56329,7
56330,4
56368,5
56370,5
56402,8
56407,5
56432,7
56474,3
56486,9
56520,6
56529,5
56541,1
56559,1
56568,6
56589,5
56607,9
56642,4
56651,0
56684,9
56691,2
56692,6
56698,4
56704,0
56748,5
56773,9
56797,4
56821,2
56867,8
56871,3
56881,8
56906,9
56907,8
56936,6
56938,5
56969,0
57027,0
57029,6
57041,0
57058,1
57107,3
57138,6
57139,2
57170,1
57171,3
57190,1
57203,1
57231,5
57251,5
57263,8
57286,7
57331,2
57344,7
57350,7
57364,0
57392,8
57408,0
57435,0
57467,8
57477,3
57520,2
57557,6
57565,6
57604,2
57606,2
57617,8
57640,8
57643,7
57711,1
57723,7
57744,9
57774,7
57806,3
57818,5
57824,5
57830,1
57859,2
57869,8
57871,2
57886,3
57898,8
57940,4
57944,5
57954,6
57981,2
57994,6
58014,0
58025,5
58028,8
58046,8
58047,4
58068,2
58078,7
58111,6
58138,8
58139,1
58256,0
58288,3
58295,6
58298,3
58314,2
58317,2
58325,4
58335,1
58401,9
58415,6
58424,8
58426,9
58430,6
58435,6
58444,7
58480,7
58505,5
58521,0
58523,0
58529,9
58550,3
58563,2
58568,2
58591,1
58593,8
58629,6
58631,7
58663,5
58691,1
58694,0
58712,4
58746,9
58756,5
58798,6
58799,5
58804,9
58843,4
58851,2
58863,6
58880,8
58898,9
58911,6
58926,1
58936,2
58969,8
59048,7
59049,8
59093,2
59109,9
59120,3
59123,8
59173,8
59201,5
59212,5
59217,6
59219,4
59231,2
59254,7
59257,6
59313,0
59321,4
59344,9
59361,8
59373,1
59383,3
59428,1
59446,5
59452,0
59463,6
59531,6
59534,4
59547,0
59566,9
59582,4
59586,1
59605,0
59638,7
59646,7
59660,3
59671,1
59682,7
59690,4
59695,9
59727,4
59738,1
59742,2
59926,8
59928,6
59998,6
