3,1
23,1
37,0
73,6
79,7
116,9
135,3
197,8
220,2
227,9
231,1
247,9
255,3
259,5
284,5
296,0
350,9
351,1
357,1
359,0
369,4
377,7
397,1
437,5
440,0
444,2
491,1
549,3
592,6
626,9
631,9
646,2
648,1
701,6
702,0
719,5
725,8
746,4
783,1
792,8
809,1
822,9
894,4
908,7
912,5
970,5
971,7
987,4
989,2
990,4
1000,0
1061,9
1089,5
1098,4
1101,8
1129,2
1133,4
1164,4
1169,9
1188,2
1196,4
1200,1
1212,4
1263,5
1310,0
1376,7
1386,0
1388,8
1396,9
1408,4
1434,8
1435,6
1447,2
1464,8
1469,3
1482,5
1490,5
1503,6
1506,6
1527,1
1540,6
1591,9
1617,6
1644,3
1679,2
1682,0
1711,2
1725,0
1733,9
1744,4
1799,3
1821,7
1822,1
1833,7
1858,7
1875,9
1893,8
1896,2
1913,5
1935,3
1953,7
1960,9
1991,5
2010,2
2018,7
2026,8
2045,1
2055,7
2058,0
2066,0
2095,7
2117,8
2119,9
2148,6
2156,6
2198,1
2211,5
2214,6
2378,8
2385,9
2558,7
2610,8
2631,6
2645,1
2673,7
2695,1
2745,0
2774,3
2778,7
2795,9
2803,3
2820,3
2860,9
2878,1
2882,0
2892,2
2900,5
2921,5
2922,4
2972,8
3002,8
3005,3
3013,3
3055,9
3082,8
3115,6
3153,8
3207,6
3225,8
3228,7
3231,0
3241,0
3272,1
3289,5
3300,2
3320,3
3333,2
3337,0
3341,2
3352,4
3391,0
3394,1
3395,2
3421,6
3433,5
3480,8
3481,9
3488,1
3538,7
3543,6
3565,0
3602,1
3607,2
3611,4
3618,7
3633,7
3639,4
3662,9
3685,5
3691,0
3701,4
3704,9
3726,6
3732,4
3750,7
3755,1
3774,6
3776,0
3782,7
3789,6
3795,7
3831,1
3835,3
3858,6
3892,8
3914,7
3931,8
3970,9
3972,5
3973,4
3984,4
3991,9
4002,0
4006,8
4007,5
4008,0
4049,1
4057,5
4068,3
4075,4
4080,2
4092,9
4124,9
4138,3
4161,9
4170,6
4210,6
4217,7
4234,3
4240,4
4281,3
4288,0
4294,1
4301,6
4351,1
4378,9
4379,4
4388,8
4414,2
4417,4
4425,9
4432,7
4437,2
4501,8
4512,3
4522,4
4536,6
4632,3
4636,4
4746,4
4779,4
4783,3
4795,3
4842,7
4850,3
4890,4
4895,9
4909,8
4918,0
4947,8
4985,0
5003,6
5012,1
5026,6
5043,8
5044,9
5067,3
5084,6
5139,3
5159,6
5185,9
5208,9
5241,2
5248,8
5286,0
5347,7
5410,4
5412,3
5449,2
5494,1
5504,7
5533,4
5534,8
5540,7
5571,1
5616,3
5631,4
5650,7
5736,3
5768,7
5846,6
5859,1
5868,9
5874,9
5878,9
5879,6
5892,9
5893,9
5923,3
5951,6
5973,6
5974,3
5982,4
6018,5
6027,5
6044,2
6068,5
6086,5
6094,0
6110,1
6127,4
6150,6
6154,4
6163,8
6199,8
6206,1
6227,0
6231,2
6268,4
6284,8
6293,3
6315,7
6395,1
6398,3
6421,0
6453,6
6454,4
6459,9
6465,2
6481,7
6487,7
6502,0
6529,5
6547,2
6594,3
6598,4
6617,1
6648,0
6670,6
6680,5
6689,4
6694,9
6724,4
6725,2
6737,0
6789,6
6791,0
6793,1
6808,8
6817,4
6823,0
6856,3
6865,4
6898,3
6964,9
6965,7
6969,9
6971,6
6982,6
6987,0
6988,5
7024,5
7109,6
7132,3
7162,3
7165,5
7193,5
7197,7
7209,3
7217,9
7232,5
7234,1
7266,2
7293,3
7318,0
7321,5
7336,3
7340,7
7343,4
7345,1
7350,4
7373,0
7385,6
7425,8
7427,0
7432,2
7446,7
7485,0
7531,5
7532,1
7587,2
7597,0
7613,3
7635,3
7645,8
7674,8
7687,0
7697,7
7707,0
7709,0
7744,6
7763,8
7764,1
7791,9
7816,0
7830,0
7858,0
7895,2
7907,5
7911,0
7928,8
7961,7
7964,5
8002,2
8020,7
8029,8
8053,1
8141,9
8145,6
8176,1
8214,7
8250,0
8253,0
8297,7
8337,5
8355,0
8376,6
8399,4
8403,2
8421,5
8430,1
8435,5
8438,4
8460,2
8484,9
8507,8
8512,1
8523,6
8524,3
8529,1
8541,3
8551,3
8581,9
8614,2
8647,7
8658,6
8698,7
8717,7
8721,9
8734,5
8785,8
8822,6
8831,2
8840,4
8903,1
8909,5
8951,8
8957,3
8986,5
8995,4
9023,7
9040,4
9045,1
9058,6
9075,6
9119,9
9159,5
9171,5
9176,9
9181,1
9185,8
9189,4
9193,2
9281,6
9352,5
9382,7
9399,1
9407,9
9409,6
9451,0
9486,6
9490,8
9538,7
9541,4
9542,2
9565,5
9633,9
9650,8
9673,9
9709,4
9711,7
9741,4
9749,8
9754,9
9760,6
9762,8
9789,8
9795,4
9800,5
9801,5
9810,9
9834,0
9838,9
9848,3
9854,7
9856,1
9865,0
9870,9
9876,9
9879,3
9887,4
9908,7
9914,0
9922,0
9926,6
9935,8
9945,5
9971,0
9988,7
10015,5
10016,2
10037,6
10038,9
10054,8
10073,2
10099,3
10144,3
10146,5
10160,7
10172,4
10218,6
10238,3
10243,7
10272,0
10313,4
10351,4
10358,8
10366,0
10367,2
10407,0
10428,9
10438,9
10471,0
10478,9
10535,2
10544,7
10553,6
10579,0
10619,8
10643,4
10665,5
10686,1
10711,8
10719,1
10726,8
10737,4
10758,4
10762,3
10766,2
10784,9
10792,6
10818,8
10831,5
10842,1
10843,6
10854,4
10877,5
10880,3
10900,3
10907,1
10908,4
10922,1
10947,1
10955,9
10970,9
10973,8
10993,3
11030,2
11046,4
11052,0
11077,0
11109,2
11145,4
11154,5
11157,1
11185,7
11190,9
11209,4
11216,3
11234,3
11247,7
11249,1
11255,4
11256,4
11259,3
11285,3
11307,6
11334,7
11344,2
11357,6
11371,1
11402,5
11445,1
11454,3
11456,5
11459,4
11505,5
11559,0
11562,0
11564,7
11613,8
11638,5
11640,7
11648,2
11705,3
11712,0
11713,4
11742,0
11751,8
11768,7
11773,9
11806,5
11830,9
11838,7
11841,2
11875,6
11879,4
11885,8
11886,4
11898,7
11903,9
11911,0
11979,3
11984,8
12087,5
12099,8
12144,0
12145,1
12194,4
12197,4
12201,6
12208,7
12228,3
12251,6
12259,0
12321,0
12326,3
12354,6
12393,6
12420,7
12425,9
12453,7
12472,4
12505,4
12534,8
12552,6
12560,2
12573,0
12595,4
12597,7
12635,0
12695,5
12743,1
12765,0
12823,2
12839,0
12866,6
12871,2
12872,0
12878,1
12897,0
12924,3
13030,0
13116,9
13151,8
13191,9
13205,7
13219,8
13232,5
13257,2
13259,1
13277,2
13287,2
13290,6
13293,3
13337,7
13340,4
13375,6
13422,8
13444,6
13458,4
13519,3
13542,1
13548,4
13618,8
13642,5
13648,1
13686,6
13697,1
13732,5
13748,1
13766,4
13768,9
13778,3
13788,1
13797,9
13799,0
13812,8
13836,3
13854,0
13869,8
13881,6
13889,0
13927,6
13948,5
13969,3
13996,9
14027,4
14033,7
14043,2
14102,0
14134,4
14157,0
14165,0
14197,7
14203,8
14210,3
14225,8
14347,6
14371,1
14374,6
14378,2
14381,2
14389,5
14413,8
14415,4
14418,6
14439,7
14476,3
14482,4
14483,5
14523,2
14544,5
14558,3
14561,1
14572,4
14583,6
14631,1
14652,4
14667,9
14701,1
14713,5
14725,1
14743,9
14757,7
14760,2
14785,4
14788,4
14790,9
14825,3
14845,8
14883,3
14889,6
14894,5
14917,5
14934,9
14948,1
14962,2
14965,0
14989,6
15011,4
15018,9
15028,0
15044,1
15050,8
15065,0
15125,3
15134,6
15164,1
15165,9
15229,7
15251,3
15300,1
15304,5
15316,1
15326,9
15338,6
15340,7
15344,0
15352,4
15357,9
15361,1
15377,3
15386,6
15387,9
15395,9
15407,0
15436,8
15453,3
15473,1
15487,8
15525,4
15561,1
15578,1
15592,9
15614,2
15615,4
15645,8
15648,0
15677,1
15691,8
15759,0
15763,1
15780,6
15786,1
15792,7
15801,7
15812,5
15817,8
15823,2
15848,3
15870,6
15879,8
15887,2
15918,5
15942,4
16009,4
16014,1
16022,8
16078,3
16081,0
16083,0
16087,1
16095,5
16106,9
16127,4
16176,2
16181,1
16203,1
16227,0
16242,5
16248,7
16275,8
16281,2
16362,1
16385,1
16391,4
16401,7
16411,3
16445,8
16461,2
16483,1
16511,5
16522,9
16528,7
16537,7
16555,6
16598,0
16600,4
16603,5
16610,1
16622,9
16629,5
16630,7
16647,5
16648,6
16667,6
16744,2
16750,8
16758,0
16760,2
16774,3
16791,2
16834,5
16941,0
16957,6
16979,8
17015,4
17053,7
17054,7
17148,3
17170,8
17201,5
17202,2
17218,4
17234,9
17247,5
17248,7
17249,6
17257,3
17258,3
17298,5
17330,3
17332,6
17348,8
17364,8
17396,6
17424,7
17450,4
17474,4
17489,2
17533,7
17543,5
17545,8
17556,6
17605,1
17618,1
17639,1
17682,9
17686,6
17710,3
17711,1
17712,3
17713,2
17743,8
17746,4
17767,4
17769,4
17772,7
17797,0
17815,1
17818,8
17840,2
17841,2
17878,8
17899,9
17923,0
17932,0
17938,1
17941,0
17983,9
17988,3
17994,9
17995,2
18030,3
18040,2
18085,6
18092,4
18111,9
18173,7
18238,6
18243,3
18246,4
18251,9
18272,8
18285,3
18286,1
18300,2
18309,7
18377,9
18392,7
18451,1
18469,7
18481,5
18484,4
18492,1
18500,9
18530,6
18559,8
18593,6
18602,9
18604,4
18658,0
18661,2
18663,1
18693,2
18707,1
18708,4
18721,6
18735,3
18792,1
18793,7
18811,8
18835,8
18849,6
18871,7
18927,2
18929,5
18945,8
18953,1
18964,3
18992,3
19011,1
19019,5
19095,6
19097,2
19098,9
19099,1
19124,8
19169,3
19171,0
19185,9
19203,0
19207,5
19223,8
19224,8
19226,7
19282,1
19344,7
19374,5
19443,2
19453,7
19483,4
19491,0
19493,7
19548,3
19561,4
19567,9
19573,4
19608,4
19610,5
19639,1
19654,2
19684,6
19740,7
19790,8
19795,4
19828,6
19836,3
19838,7
19885,9
19896,6
19923,4
19936,4
19946,6
19954,6
19957,4
19979,0
20029,2
20068,8
20075,9
20154,6
20168,6
20183,4
20217,8
20248,9
20252,3
20264,9
20286,6
20298,1
20316,9
20330,9
20348,1
20371,0
20378,3
20382,2
20385,7
20399,4
20421,9
20426,3
20449,7
20493,2
20500,3
20514,2
20528,5
20566,7
20571,9
20597,3
20618,8
20619,7
20644,9
20649,3
20704,6
20754,5
20763,9
20811,9
20818,9
20823,8
20958,0
20979,0
20990,1
21000,7
21005,5
21022,4
21025,6
21034,5
21057,4
21059,5
21070,1
21099,3
21105,8
21125,8
21160,7
21162,9
21174,2
21178,1
21194,2
21222,7
21250,3
21251,2
21255,2
21263,4
21299,0
21329,5
21352,7
21372,0
21385,5
21390,3
21401,1
21403,0
21435,2
21464,7
21469,0
21490,4
21504,2
21506,0
21507,2
21560,0
21568,1
21597,2
21603,7
21604,5
21610,3
21620,0
21629,5
21637,3
21661,5
21752,6
21753,6
21769,0
21802,2
21831,3
21859,9
21861,3
21867,4
21913,8
21996,0
22000,3
22033,5
22054,8
22069,3
22086,9
22113,3
22132,2
22147,5
22158,1
22182,3
22199,2
22236,2
22242,4
22249,2
22251,3
22253,4
22276,4
22334,9
22338,9
22380,5
22383,6
22402,4
22414,2
22415,3
22417,3
22424,6
22426,5
22432,0
22440,0
22463,5
22479,4
22497,7
22544,4
22545,1
22573,2
22621,1
22669,0
22670,4
22677,4
22678,9
22705,1
22718,6
22786,4
22789,6
22797,7
22810,8
22816,0
22817,7
22829,0
22872,6
22908,6
22918,5
22925,9
22933,4
22957,3
22977,3
22983,5
23002,7
23008,8
23013,0
23020,2
23033,4
23039,2
23044,0
23131,0
23134,1
23148,6
23156,3
23161,8
23172,0
23173,7
23196,4
23200,5
23203,1
23225,3
23233,6
23252,5
23297,0
23304,3
23311,9
23319,2
23349,9
23356,6
23372,0
23412,3
23461,8
23468,2
23482,3
23483,3
23510,8
23528,4
23530,1
23574,9
23666,7
23700,3
23707,6
23716,2
23718,2
23740,1
23758,6
23770,2
23794,2
23798,7
23811,7
23833,8
23840,7
23866,3
23871,4
23878,4
23927,5
23935,8
23969,7
23981,5
23997,3
24007,8
24008,7
24041,7
24051,8
24091,6
24099,3
24109,4
24156,9
24163,1
24183,1
24224,6
24253,4
24268,0
24274,4
24322,1
24332,5
24420,9
24447,1
24513,2
24539,3
24540,7
24568,7
24584,3
24610,3
24613,9
24637,4
24659,9
24660,5
24718,5
24720,8
24752,2
24778,5
24862,2
24905,6
24935,7
24951,5
24957,6
24976,4
24988,0
24990,7
25015,8
25025,5
25028,3
25100,4
25147,2
25168,9
25200,7
25251,8
25252,0
25279,4
25292,4
25293,4
25295,5
25307,1
25322,1
25331,3
25410,4
25424,6
25427,0
25448,1
25468,5
25480,3
25487,2
25489,6
25491,7
25510,2
25518,0
25531,1
25543,7
25549,1
25554,7
25567,0
25601,3
25612,4
25615,7
25632,2
25635,4
25650,0
25687,1
25702,1
25735,2
25771,6
25786,1
25789,3
25794,1
25811,4
25884,4
25924,3
25934,1
25952,0
25997,5
26018,5
26020,5
26031,2
26061,8
26084,3
26098,5
26114,6
26121,2
26136,8
26138,8
26171,3
26174,1
26186,6
26229,5
26248,8
26273,8
26277,0
26322,7
26337,7
26343,0
26349,9
26359,9
26366,0
26387,5
26388,1
26391,3
26452,6
26462,9
26474,8
26526,3
26552,5
26558,9
26568,7
26590,5
26602,7
26613,2
26627,4
26630,2
26661,8
26676,5
26683,9
26693,4
26785,6
26804,8
26830,3
26834,9
26841,6
26870,9
26882,7
26908,8
26955,6
26957,7
26959,1
26963,4
26986,1
27003,1
27028,1
27039,7
27046,6
27070,0
27078,3
27089,0
27118,8
27169,6
27223,2
27256,1
27288,5
27308,4
27313,3
27336,1
27346,4
27355,6
27364,4
27372,8
27387,9
27423,3
27429,0
27438,6
27444,2
27508,8
27535,2
27553,3
27589,3
27652,2
27659,0
27685,6
27693,1
27696,2
27727,5
27732,9
27733,8
27769,6
27787,2
27799,6
27813,5
27829,0
27846,9
27853,7
27871,1
27901,4
27921,5
27994,8
28002,0
28021,2
28024,0
28038,1
28110,1
28119,3
28152,6
28159,4
28175,5
28223,1
28238,1
28241,8
28246,1
28266,2
28283,9
28303,3
28307,8
28311,4
28342,8
28359,3
28364,8
28422,9
28491,5
28495,8
28531,1
28560,2
28593,0
28619,6
28634,7
28643,8
28678,6
28715,9
28719,8
28720,5
28727,6
28759,3
28778,3
28794,1
28795,2
28808,9
28818,0
28819,1
28833,9
28888,0
28914,4
28931,8
28932,2
28934,6
28949,5
28950,2
28985,2
28993,0
28998,2
29000,2
29003,9
29033,1
29065,5
29073,3
29103,7
29159,7
29170,9
29180,9
29211,0
29242,1
29254,8
29260,1
29264,5
29292,9
29297,7
29326,7
29327,6
29341,0
29343,5
29377,1
29428,1
29431,8
29459,3
29479,1
29487,5
29488,0
29489,6
29514,1
29531,8
29535,8
29611,2
29630,6
29637,5
29671,3
29690,4
29711,8
29727,7
29728,6
29799,7
29813,6
29816,3
29820,4
29852,5
29855,7
29866,4
29890,5
29898,4
29901,1
29917,6
29924,5
29925,0
29932,2
29942,4
29948,7
30012,5
30013,8
30020,5
30047,1
30062,3
30064,2
30104,1
30119,0
30140,1
30145,1
30151,4
30156,0
30167,4
30185,8
30200,1
30216,5
30238,1
30255,0
30256,3
30291,2
30307,7
30322,8
30349,2
30392,6
30398,3
30403,5
30406,9
30411,3
30439,0
30457,1
30460,8
30461,3
30518,6
30529,4
30530,2
30567,1
30588,4
30591,3
30599,7
30636,9
30662,3
30663,2
30700,0
30758,9
30774,3
30794,2
30797,5
30827,0
30834,9
30850,9
30853,5
30861,4
30900,5
30929,0
30977,9
31015,0
31019,1
31028,5
31039,8
31105,6
31135,8
31137,7
31139,8
31165,0
31175,6
31178,3
31185,2
31190,5
31197,2
31202,0
31258,2
31266,5
31280,1
31284,7
31287,5
31299,9
31339,6
31367,0
31379,3
31444,8
31456,9
31464,6
31466,0
31473,5
31480,9
31529,1
31591,8
31627,3
31629,6
31635,2
31653,9
31670,6
31698,7
31708,6
31737,9
31752,6
31763,5
31764,1
31768,5
31788,3
31831,3
31855,0
31893,9
31902,7
31907,6
31958,2
31960,3
31965,4
32024,2
32046,8
32057,2
32105,8
32117,7
32151,0
32187,1
32189,1
32190,7
32198,5
32204,1
32286,4
32295,1
32338,1
32349,8
32362,5
32365,1
32385,3
32399,0
32408,2
32436,6
32486,1
32498,4
32503,8
32533,5
32571,7
32574,0
32599,7
32603,5
32616,5
32622,8
32624,6
32625,0
32632,1
32707,5
32714,9
32775,3
32786,3
32812,7
32842,1
32870,5
32920,7
32922,6
32925,0
32929,6
32936,8
32938,6
32969,6
32983,9
32987,5
32993,4
32997,4
33065,2
33071,5
33073,6
33075,2
33089,8
33090,2
33094,2
33100,6
33121,5
33131,7
33145,3
33230,0
33238,0
33262,4
33272,6
33305,6
33317,4
33355,4
33366,9
33391,4
33402,9
33406,7
33421,3
33439,8
33451,8
33455,7
33510,3
33517,8
33558,1
33564,6
33595,6
33637,4
33660,7
33662,2
33664,8
33696,9
33735,6
33742,6
33749,5
33757,9
33782,6
33818,3
33821,2
33844,0
33847,0
33851,7
33890,8
33896,3
33903,5
33931,9
33984,6
34012,6
34029,8
34042,8
34048,3
34065,5
34069,7
34083,1
34098,8
34107,8
34196,9
34203,3
34230,7
34275,4
34287,2
34321,9
34329,1
34341,9
34349,4
34352,0
34373,1
34376,8
34377,9
34387,3
34390,3
34394,0
34441,2
34476,9
34509,5
34528,7
34543,6
34545,4
34547,3
34552,3
34556,3
34581,5
34584,5
34615,9
34660,3
34689,7
34742,4
34758,8
34763,8
34774,7
34800,5
34827,6
34835,7
34890,7
34901,8
34910,8
34972,7
35001,1
35024,9
35038,8
35050,0
35073,3
35095,4
35114,5
35116,1
35124,2
35128,2
35144,4
35173,3
35199,7
35212,1
35215,2
35220,2
35291,7
35299,1
35307,8
35316,7
35336,3
35398,8
35443,2
35511,3
35536,0
35541,8
35587,1
35622,3
35652,2
35668,7
35674,5
35689,2
35713,8
35720,0
35722,1
35734,6
35744,3
35745,7
35768,6
35770,2
35772,8
35828,6
35829,1
35881,3
35882,2
35892,9
35918,6
35922,3
35926,4
35969,3
35986,3
36023,3
36030,1
36044,9
36119,3
36172,9
36232,6
36277,0
36288,1
36293,6
36361,5
36374,2
36406,3
36422,1
36469,1
36494,4
36534,7
36535,1
36538,9
36611,7
36646,0
36676,4
36680,2
36737,0
36778,1
36813,2
36825,8
36875,2
36883,5
36908,1
36949,2
36967,7
36994,0
37025,9
37070,5
37085,3
37090,7
37104,4
37111,9
37115,9
37127,9
37182,1
37212,7
37214,2
37239,4
37300,5
37305,1
37327,7
37333,9
37348,7
37375,5
37415,0
37424,9
37444,8
37453,5
37468,3
37471,7
37544,6
37548,5
37574,5
37586,9
37589,5
37596,7
37599,6
37604,3
37618,1
37619,0
37647,0
37650,1
37682,9
37706,7
37730,3
37735,8
37737,9
37741,1
37745,3
37753,7
37771,8
37779,9
37802,1
37815,4
37840,4
37843,1
37906,9
37912,3
37922,7
37933,8
37949,8
37959,3
38000,8
38001,7
38018,7
38021,4
38030,9
38082,9
38102,0
38107,2
38148,2
38202,5
38208,2
38255,7
38286,4
38290,6
38299,6
38301,4
38337,1
38365,5
38372,4
38404,0
38410,3
38423,8
38469,2
38491,6
38494,0
38496,4
38497,0
38513,5
38530,2
38559,0
38580,3
38617,2
38622,4
38624,5
38628,5
38647,9
38654,4
38660,0
38680,9
38683,1
38716,4
38742,8
38791,8
38797,3
38830,5
38855,4
38866,8
38872,4
38913,7
38918,1
38925,6
38942,8
38969,9
38985,1
39007,1
39013,7
39015,5
39021,5
39039,0
39048,7
39054,0
39055,0
39065,5
39091,8
39098,6
39117,4
39121,6
39129,4
39192,9
39261,7
39309,0
39313,6
39324,4
39330,2
39368,4
39377,9
39391,8
39413,4
39436,5
39473,5
39480,9
39539,5
39548,4
39562,5
39583,6
39585,8
39661,1
39669,2
39673,2
39696,3
39709,6
39725,5
39736,6
39832,8
39843,1
39860,2
39867,4
39885,3
39892,2
39893,6
39953,9
39957,1
39980,1
40004,1
40014,5
40039,0
40045,1
40096,2
40117,7
40127,5
40147,1
40157,6
40190,1
40219,1
40233,8
40237,0
40246,0
40250,9
40263,1
40271,6
40283,9
40288,4
40290,5
40371,9
40396,0
40414,0
40428,0
40494,0
40508,9
40521,0
40544,0
40551,1
40582,0
40594,6
40599,5
40619,3
40620,3
40677,4
40678,5
40691,3
40718,2
40745,3
40747,2
40767,8
40817,0
40822,7
40824,5
40840,5
40850,0
40858,3
40863,2
40885,4
40901,3
40920,5
40931,3
40960,8
40974,1
41012,0
41070,9
41084,9
41111,6
41124,8
41186,5
41187,0
41200,8
41223,5
41246,6
41264,2
41267,3
41301,2
41329,9
41354,4
41356,3
41363,8
41376,0
41410,6
41417,2
41430,6
41440,4
41456,4
41457,5
41475,5
41541,2
41546,6
41549,7
41558,7
41571,7
41575,8
41576,4
41577,6
41579,2
41582,5
41618,5
41637,1
41649,1
41670,5
41677,7
41712,8
41715,1
41718,8
41742,3
41777,1
41781,3
41787,9
41792,9
41797,6
41824,1
41828,6
41835,2
41858,1
41954,1
42026,1
42031,7
42136,0
42153,0
42201,3
42244,5
42268,1
42277,0
42320,7
42338,5
42349,0
42360,9
42371,1
42387,5
42392,5
42402,0
42411,4
42459,9
42474,2
42522,2
42549,7
42551,9
42590,5
42621,7
42678,3
42692,2
42705,5
42720,0
42738,9
42742,4
42773,9
42778,8
42784,7
42829,6
42843,6
42853,9
42855,9
42875,1
42892,7
42896,0
42901,7
42931,3
42946,9
42953,4
42982,2
43020,0
43026,4
43037,9
43042,8
43047,2
43070,3
43195,0
43210,9
43225,6
43260,6
43263,6
43297,1
43305,6
43318,5
43328,5
43329,8
43352,7
43384,7
43392,9
43413,6
43419,9
43449,2
43482,3
43511,8
43513,2
43520,7
43580,8
43582,6
43584,7
43677,3
43695,8
43699,5
43705,1
43800,6
43806,2
43818,2
43819,4
43831,2
43837,5
43856,5
43864,9
43935,2
43958,8
43961,0
43974,2
43991,3
44010,9
44017,6
44025,9
44037,4
44041,8
44048,9
44051,3
44060,0
44092,2
44123,8
44126,1
44131,1
44166,2
44168,6
44200,8
44216,3
44262,5
44301,4
44307,5
44314,0
44320,8
44321,8
44323,7
44340,9
44380,3
44405,4
44443,7
44449,0
44478,3
44486,9
44502,2
44531,0
44556,1
44558,0
44588,7
44596,3
44627,1
44635,6
44644,6
44661,1
44677,1
44691,5
44722,6
44723,0
44755,6
44795,7
44803,7
44825,9
44835,7
44851,9
44877,4
44878,9
44911,7
44961,8
44963,6
44971,7
44976,5
45014,7
45027,8
45038,4
45060,7
45068,7
45115,0
45120,9
45150,3
45166,5
45203,2
45243,4
45271,3
45292,5
45324,6
45343,9
45402,0
45434,0
45460,6
45465,9
45474,3
45507,4
45525,9
45535,7
45564,4
45566,6
45617,0
45629,5
45634,6
45649,8
45667,5
45680,7
45701,0
45717,8
45729,4
45749,4
45758,3
45771,6
45774,3
45799,2
45833,0
45859,8
45873,9
45891,8
45926,1
45928,4
45929,2
45948,8
45950,4
45959,3
45966,0
46003,6
46049,6
46052,4
46091,5
46139,0
46193,9
46253,7
46259,2
46261,9
46271,9
46284,9
46299,8
46315,9
46321,7
46352,4
46394,2
46439,0
46470,1
46503,4
46513,5
46535,0
46538,6
46546,2
46562,0
46567,6
46579,0
46624,4
46655,9
46658,8
46659,9
46730,8
46736,3
46770,7
46796,0
46798,4
46863,2
46871,0
46880,1
46883,8
46961,9
47021,5
47030,8
47054,1
47060,5
47062,7
47067,7
47076,8
47114,2
47162,6
47164,2
47165,9
47168,7
47218,8
47240,4
47250,5
47254,2
47264,9
47306,2
47337,7
47394,1
47404,6
47425,8
47433,5
47434,1
47454,6
47487,7
47538,8
47559,7
47604,7
47608,4
47618,3
47631,6
47633,7
47637,9
47658,2
47704,0
47746,3
47762,9
47769,5
47788,9
47816,0
47838,3
47852,7
47866,5
47874,9
47876,3
47888,8
47907,2
47918,9
47924,2
47934,5
47945,2
47953,0
47980,6
48002,8
48039,0
48060,8
48079,1
48181,2
48186,9
48189,1
48223,8
48290,9
48343,7
48378,2
48413,9
48428,8
48432,7
48449,5
48472,8
48483,2
48497,2
48517,1
48523,0
48541,5
48580,9
48596,4
48642,3
48671,5
48689,6
48690,4
48692,6
48694,7
48695,0
48711,8
48719,0
48745,4
48749,6
48800,5
48835,4
48845,1
48856,5
48877,2
48880,4
48909,7
48946,2
48991,2
49008,1
49014,0
49019,6
49033,8
49062,5
49112,9
49118,1
49129,8
49153,6
49172,4
49185,0
49203,5
49247,2
49275,6
49291,5
49306,0
49318,3
49332,8
49340,2
49386,9
49404,3
49410,3
49418,6
49490,5
49498,2
49502,8
49696,9
49710,9
49729,3
49735,2
49742,7
49756,8
49757,2
49776,2
49785,5
49827,6
49853,0
49937,4
49944,9
49955,3
49973,9
49999,8
50007,3
50028,2
50046,7
50048,8
50129,7
50130,1
50162,7
50182,4
50210,3
50220,6
50242,6
50265,3
50274,8
50281,0
50287,2
50306,8
50349,9
50370,7
50416,4
50417,3
50452,2
50453,1
50550,1
50574,5
50588,6
50593,9
50594,6
50634,8
50685,1
50687,8
50730,7
50753,2
50766,5
50775,3
50878,7
50895,5
50901,2
50903,7
50915,3
50935,3
50967,9
51007,8
51022,9
51025,7
51034,7
51086,5
51091,3
51103,7
51106,3
51119,2
51140,9
51157,5
51192,9
51235,0
51261,4
51312,4
51321,3
51329,9
51345,5
51346,7
51348,0
51360,4
51365,0
51404,0
51423,4
51425,5
51443,2
51467,8
51483,1
51488,8
51489,7
51528,6
51539,1
51550,2
51575,2
51605,5
51650,7
51738,2
51809,0
51862,7
51875,5
51890,3
51906,8
51920,6
51925,0
51944,4
51949,1
51974,7
51998,3
52045,0
52094,9
52109,2
52138,9
52146,7
52195,5
52224,2
52244,1
52267,4
52275,6
52298,3
52325,1
52377,4
52379,3
52381,1
52429,0
52432,3
52451,1
52463,7
52506,9
52564,4
52574,2
52578,6
52585,3
52616,1
52637,2
52657,1
52675,1
52694,2
52707,7
52784,2
52803,7
52834,2
52842,7
52891,3
52898,2
52900,8
52921,0
52929,9
52930,0
52935,4
52976,6
52997,7
52999,5
53012,1
53016,1
53021,7
53055,9
53146,9
53155,8
53232,7
53317,9
53348,1
53386,9
53413,5
53421,4
53438,9
53497,5
53512,2
53518,1
53556,8
53579,7
53599,1
53629,7
53634,5
53646,6
53650,2
53657,0
53670,0
53695,5
53701,8
53704,3
53721,8
53727,2
53739,4
53742,2
53755,3
53807,4
53825,2
53850,4
53955,4
53974,4
53981,6
53993,6
54015,5
54046,4
54084,3
54093,8
54129,4
54158,4
54177,1
54210,1
54216,8
54227,6
54265,6
54272,0
54282,5
54286,2
54320,0
54359,4
54379,4
54401,5
54418,1
54517,9
54525,5
54526,3
54527,2
54529,7
54543,1
54544,1
54556,2
54559,3
54565,7
54567,4
54602,6
54654,8
54688,7
54710,4
54728,0
54744,5
54749,8
54755,0
54771,6
54801,4
54830,6
54832,0
54835,0
54841,6
54844,0
54912,7
54921,4
54924,2
54951,2
54961,9
54972,3
54975,5
54983,3
54984,9
55010,5
55045,0
55057,6
55119,7
55122,8
55126,9
55158,2
55179,3
55191,4
55211,8
55218,8
55239,4
55247,9
55252,6
55261,5
55340,4
55346,7
55373,2
55380,1
55391,2
55424,4
55430,8
55434,5
55442,5
55475,6
55480,7
55485,3
55501,0
55578,8
55605,4
55609,1
55613,7
55638,6
55676,4
55711,9
55723,2
55743,3
55757,6
55789,2
55825,1
55828,4
55829,7
55837,0
55846,1
55852,8
55853,8
55864,3
55875,5
55898,4
55901,1
55904,6
55912,2
55923,3
55929,8
55938,9
55944,4
55945,7
56017,7
56022,6
56049,2
56050,0
56056,8
56061,5
56062,9
56079,2
56090,9
56141,8
56161,0
56179,6
56193,8
56200,5
56217,0
56232,6
56255,8
56293,4
56301,2
56334,4
56339,5
56340,2
56365,1
56422,4
56466,9
56485,8
56487,9
56500,7
56501,6
56520,6
56536,8
56540,2
56590,2
56608,0
56628,8
56644,1
56663,5
56673,6
56725,5
56727,6
56735,0
56756,7
56793,4
56795,2
56821,2
56875,3
56881,8
56922,2
56926,2
56936,6
56940,0
56969,0
56994,3
57008,9
57020,0
57132,5
57186,0
57231,5
57275,6
57280,7
57287,1
57296,0
57325,7
57330,5
57348,8
57357,7
57391,3
57426,3
57470,5
57477,3
57482,4
57539,9
57542,0
57574,2
57579,1
57588,2
57602,8
57627,9
57656,6
57666,8
57669,2
57697,8
57722,1
57733,4
57765,3
57815,2
57830,1
57845,4
57846,6
57882,0
57889,2
57925,7
57932,3
57964,2
57974,3
57976,2
57978,7
57988,8
58018,4
58025,5
58042,7
58128,7
58162,2
58179,9
58191,6
58205,7
58217,5
58223,0
58278,3
58284,9
58305,8
58316,0
58359,5
58418,2
58474,4
58484,9
58491,3
58519,9
58543,8
58569,5
58577,9
58581,2
58587,3
58622,5
58631,7
58636,8
58637,9
58658,0
58705,2
58708,7
58724,6
58727,1
58761,9
58807,6
58812,3
58815,6
58848,7
58855,3
58859,9
58881,3
58893,8
58916,0
58937,3
58948,5
58951,8
58968,9
58996,8
58999,4
59004,2
59015,8
59042,4
59076,2
59097,8
59107,7
59137,3
59143,0
59171,6
59215,8
59220,8
59232,4
59251,6
59277,8
59297,1
59305,5
59309,8
59311,5
59338,5
59374,2
59419,1
59445,6
59455,9
59457,0
59467,3
59515,4
59552,7
59583,6
59609,5
59613,0
59639,0
59642,6
59644,9
59763,8
59775,6
59791,6
59830,7
59831,2
59842,7
59854,1
59871,7
59873,6
59902,1
59910,9
59925,7
59934,0
59974,2
59976,6
