148.70131659507751 0.9835
122.97645616531372 0.9861
122.97225618362427 0.9865
123.09008741378784 0.9852
123.04574990272522 0.9843
122.976313829422 0.9833
123.08925986289978 0.9796
123.03716707229614 0.973
122.90892100334167 0.979
122.94662237167358 0.984
123.04072093963623 0.9805
122.94189620018005 0.9812
123.05660033226013 0.9851
123.034024477005 0.9757
123.00964069366455 0.9829
123.03831815719604 0.9872
123.06003046035767 0.9718
122.97189354896545 0.984
122.99678063392639 0.9848
123.09699821472168 0.9857
123.07670593261719 0.9829
122.9001898765564 0.9849
122.98002409934998 0.9802
122.98471450805664 0.9861
123.06661295890808 0.9813
122.91072726249695 0.9787
122.88835740089417 0.9841
122.96650409698486 0.9857
122.98681926727295 0.9839
122.92173767089844 0.9833
123.02733945846558 0.9865
122.85988116264343 0.9812
123.04193115234375 0.984
123.05026459693909 0.9821
123.03809809684753 0.9851
122.80062580108643 0.9826
122.84714007377625 0.982
123.10619688034058 0.9794
122.96118640899658 0.9831
122.97408628463745 0.9784
