229.02140283584595 0.9853
199.16509079933167 0.9846
200.77079796791077 0.9841
200.01054430007935 0.9748
200.57292819023132 0.9878
200.37519764900208 0.9816
199.65077185630798 0.9842
200.57500553131104 0.9835
199.22553825378418 0.986
198.89733409881592 0.9806
200.44122171401978 0.9857
199.05597686767578 0.9796
199.5226445198059 0.9761
200.73718690872192 0.983
199.97361946105957 0.9828
199.34739351272583 0.9866
200.29961800575256 0.9847
200.30927681922913 0.987
199.51261115074158 0.9828
199.6568775177002 0.9787
202.7408320903778 0.9828
203.73141479492188 0.984
200.5522849559784 0.9751
199.67980813980103 0.9788
199.2711579799652 0.9852
198.25052094459534 0.9845
200.46601104736328 0.9789
200.53231811523438 0.9811
199.22429990768433 0.9766
200.056254863739 0.9833
198.81596636772156 0.9775
199.51263976097107 0.9849
199.69476008415222 0.9799
200.02679824829102 0.9754
198.91030597686768 0.9811
199.19333624839783 0.9798
199.26087188720703 0.9826
200.0034520626068 0.9772
199.04045367240906 0.9799
198.3984398841858 0.9814
