5,2
73,6
76,2
97,8
145,5
150,4
185,7
200,1
202,8
217,4
219,5
269,1
286,6
287,5
372,4
461,4
464,0
467,7
474,5
484,1
499,8
519,0
532,8
571,8
594,8
606,4
613,3
617,7
620,5
623,6
631,9
645,3
678,1
698,1
699,5
705,8
732,2
736,8
749,4
763,9
798,7
891,1
939,6
944,6
947,5
951,1
960,5
1018,0
1069,1
1075,7
1092,6
1128,0
1129,2
1132,1
1145,3
1147,9
1152,0
1162,5
1172,4
1208,7
1215,4
1219,8
1234,3
1253,4
1265,5
1273,4
1280,4
1301,2
1308,4
1339,8
1381,7
1412,7
1423,0
1432,3
1446,4
1455,9
1467,5
1476,3
1485,5
1498,4
1522,9
1533,3
1540,6
1557,6
1581,3
1582,6
1605,0
1614,2
1621,8
1679,2
1704,4
1713,8
1748,9
1770,7
1780,8
1781,6
1794,9
1832,7
1852,2
1854,4
1868,0
1891,7
1902,6
1942,1
1946,7
1950,9
1961,5
1969,0
1975,7
1993,5
1994,3
1996,5
2004,2
2007,7
2028,5
2033,9
2053,2
2060,9
2074,3
2114,3
2156,6
2178,6
2189,2
2244,7
2247,9
2314,2
2324,6
2350,3
2431,7
2455,7
2477,7
2488,7
2506,3
2538,0
2563,1
2589,4
2624,0
2629,0
2687,8
2699,8
2754,7
2781,8
2799,4
2812,2
2825,7
2831,1
2849,6
2869,5
2873,0
2882,0
2888,4
2893,4
2909,7
2923,6
2925,6
2934,9
2951,8
2955,0
2961,3
3024,0
3041,1
3064,2
3083,9
3119,8
3146,9
3147,2
3161,2
3167,7
3186,9
3205,5
3233,3
3249,7
3258,3
3331,1
3337,0
3416,5
3421,6
3465,9
3471,3
3475,4
3503,4
3504,4
3509,1
3534,0
3539,5
3594,9
3654,6
3666,4
3675,1
3762,8
3798,7
3804,7
3809,0
3829,0
3849,0
3862,4
3879,2
3886,2
3898,1
3906,0
3940,7
3968,8
3978,4
3986,8
3993,6
3995,3
3997,3
4002,0
4003,1
4020,7
4025,9
4054,6
4055,4
4064,1
4087,6
4103,8
4112,6
4140,1
4157,2
4188,6
4196,3
4201,0
4211,7
4215,8
4216,0
4217,7
4223,3
4255,7
4267,1
4278,2
4299,5
4312,5
4333,1
4338,7
4371,2
4380,2
4393,7
4420,1
4428,2
4457,2
4463,6
4498,4
4504,1
4509,2
4529,5
4568,9
4573,5
4596,5
4609,8
4627,9
4631,6
4655,0
4697,2
4757,4
4758,4
4776,0
4803,8
4805,2
4820,5
4824,9
4849,0
4855,0
4894,9
4896,4
4916,9
4926,0
4936,9
4942,1
4946,7
4947,8
4952,4
4969,5
5007,0
5039,6
5042,8
5049,7
5115,0
5145,6
5169,1
5175,4
5183,8
5206,7
5244,0
5259,2
5282,9
5284,3
5311,6
5315,3
5357,2
5384,6
5399,3
5412,3
5416,7
5426,9
5493,3
5509,2
5515,5
5556,6
5570,1
5574,8
5581,4
5640,3
5646,0
5683,3
5714,1
5721,6
5730,0
5737,5
5777,4
5788,3
5796,4
5800,8
5834,1
5855,7
5856,5
5872,5
5886,0
5905,0
5929,0
5933,1
5938,0
5963,1
5993,6
6009,4
6024,6
6067,9
6072,8
6110,1
6197,1
6201,6
6264,5
6285,9
6318,1
6338,6
6346,5
6349,2
6353,8
6367,0
6371,1
6385,5
6402,6
6410,3
6426,5
6468,0
6496,0
6497,3
6513,5
6523,8
6526,6
6543,3
6544,8
6571,6
6619,0
6642,2
6650,7
6701,1
6702,1
6727,6
6728,8
6768,0
6776,5
6784,3
6786,5
6792,8
6876,6
6899,2
6906,3
6962,8
6964,9
6980,5
7031,3
7058,3
7100,4
7126,6
7140,2
7153,2
7175,1
7205,1
7208,9
7245,9
7249,5
7315,1
7323,5
7390,5
7411,1
7412,3
7414,2
7417,4
7422,3
7443,5
7481,5
7491,1
7510,2
7527,7
7533,1
7578,4
7579,4
7584,3
7593,6
7601,2
7609,1
7622,1
7643,7
7650,1
7651,1
7652,4
7654,2
7669,0
7679,7
7694,7
7707,0
7756,9
7797,8
7808,7
7815,6
7830,0
7837,1
7847,6
7851,8
7856,8
7891,8
7894,0
7895,2
7896,1
7907,5
7920,2
7946,9
7955,4
7959,7
7969,0
7971,1
7982,3
8027,5
8099,3
8118,8
8136,8
8137,7
8150,6
8158,0
8201,2
8233,0
8234,8
8241,3
8262,0
8279,3
8303,8
8311,6
8334,2
8353,7
8392,5
8405,3
8462,6
8481,6
8535,8
8536,8
8561,6
8593,2
8603,4
8620,9
8660,1
8667,6
8680,8
8739,0
8763,0
8772,1
8807,6
8823,1
8853,2
8873,1
8878,2
8951,8
8987,1
8995,4
9022,7
9027,0
9066,9
9097,7
9102,7
9104,2
9122,9
9148,4
9157,7
9188,7
9199,1
9214,7
9232,5
9237,6
9245,4
9246,2
9247,9
9252,2
9293,3
9341,6
9345,8
9373,7
9420,3
9441,0
9480,1
9501,8
9516,3
9523,0
9526,6
9543,8
9564,8
9579,1
9599,1
9600,2
9633,9
9638,3
9640,8
9673,9
9701,4
9709,4
9720,0
9754,9
9812,3
9822,0
9824,5
9848,3
9856,1
9869,0
9897,2
9906,1
9919,5
9921,6
9942,1
9958,5
9966,0
9983,0
10005,0
10017,6
10028,9
10032,6
10048,1
10066,8
10075,2
10097,3
10103,4
10107,0
10110,1
10114,4
10119,0
10172,4
10186,9
10192,5
10270,6
10299,6
10305,9
10317,2
10332,6
10360,3
10382,9
10424,3
10475,6
10486,8
10491,4
10493,3
10516,9
10530,0
10588,9
10589,5
10621,9
10623,9
10629,2
10641,4
10654,6
10665,5
10694,8
10702,7
10714,2
10720,8
10797,8
10853,6
10858,4
10869,4
10875,9
10896,3
10935,7
10949,2
10967,4
10971,1
10974,0
10978,2
11019,0
11025,5
11051,1
11105,0
11234,3
11302,8
11309,7
11311,8
11334,7
11340,0
11344,2
11363,6
11423,9
11424,4
11428,0
11434,4
11442,9
11474,9
11489,3
11492,5
11498,7
11536,9
11539,3
11542,5
11571,6
11588,0
11608,1
11619,3
11668,9
11669,9
11690,4
11710,3
11716,7
11727,2
11736,7
11781,3
11828,6
11832,6
11911,0
11943,1
11965,4
11969,0
11988,4
12002,6
12038,1
12048,7
12056,1
12059,9
12079,2
12081,7
12082,5
12094,3
12101,6
12102,4
12108,3
12133,1
12135,2
12155,6
12174,8
12261,1
12268,8
12292,7
12313,0
12318,1
12380,9
12520,6
12578,1
12618,4
12626,5
12701,5
12709,3
12745,2
12751,7
12764,0
12877,3
12901,3
12924,3
12990,3
12997,4
13004,8
13023,2
13036,5
13046,6
13051,8
13070,5
13077,0
13081,0
13092,5
13111,9
13119,7
13143,4
13151,8
13176,8
13186,8
13189,8
13199,7
13204,8
13250,3
13254,1
13280,0
13303,6
13311,7
13316,8
13321,5
13351,6
13374,2
13410,7
13420,8
13432,2
13434,2
13435,9
13441,4
13448,3
13452,2
13491,2
13531,3
13539,4
13547,0
13561,7
13564,4
13566,7
13573,9
13580,5
13595,6
13600,7
13604,1
13654,2
13668,9
13683,4
13747,5
13770,6
13784,5
13817,4
13823,4
13827,3
13857,2
13864,4
13879,3
13885,8
13892,1
13910,2
13948,5
13967,1
14010,9
14041,1
14081,2
14108,2
14111,7
14121,2
14125,2
14140,8
14145,7
14195,5
14202,0
14225,8
14233,5
14251,5
14316,5
14358,9
14376,5
14379,7
14431,3
14451,5
14464,1
14467,3
14472,0
14481,0
14513,0
14516,1
14524,6
14531,7
14539,4
14546,4
14554,9
14564,0
14575,1
14594,7
14595,1
14603,2
14626,8
14665,8
14754,8
14779,8
14806,5
14816,9
14871,7
14878,3
14879,1
14884,9
14924,1
14932,2
14966,4
14973,6
14991,0
15050,8
15090,3
15099,1
15119,0
15132,2
15217,2
15218,4
15231,1
15232,5
15255,1
15275,0
15280,6
15284,5
15301,5
15302,9
15310,4
15327,7
15338,6
15362,5
15381,9
15387,9
15414,9
15428,1
15434,2
15461,2
15469,7
15478,6
15504,0
15517,9
15522,8
15561,1
15622,4
15625,6
15658,9
15675,0
15685,5
15690,7
15706,6
15708,6
15755,9
15756,6
15764,3
15778,5
15787,4
15788,6
15796,2
15808,7
15809,1
15822,4
15858,9
15893,5
15896,6
15912,9
15929,1
15971,0
15974,1
16006,9
16025,2
16046,2
16048,4
16049,7
16086,1
16114,8
16117,9
16135,8
16148,1
16155,4
16157,5
16165,5
16243,3
16245,6
16267,1
16272,7
16273,6
16277,8
16296,3
16326,0
16413,9
16416,8
16487,5
16498,0
16546,1
16566,4
16579,8
16619,0
16621,9
16632,6
16668,6
16685,4
16715,3
16745,5
16778,9
16791,2
16828,8
16837,2
16844,5
16865,4
16982,4
16986,7
17034,6
17102,4
17117,7
17156,5
17159,5
17169,0
17185,7
17187,0
17201,5
17232,1
17247,5
17254,1
17268,4
17275,8
17351,1
17393,8
17421,3
17438,1
17459,1
17463,9
17491,3
17507,2
17529,9
17533,7
17568,4
17583,5
17588,3
17589,6
17610,5
17618,1
17632,3
17670,6
17687,7
17693,0
17715,3
17719,7
17721,8
17752,3
17760,8
17779,0
17787,3
17806,1
17923,0
17924,8
17953,6
17992,2
18027,9
18061,3
18067,5
18084,2
18093,0
18124,0
18125,6
18145,4
18148,1
18151,5
18236,2
18238,6
18249,3
18251,9
18284,0
18297,4
18305,8
18333,7
18349,6
18369,8
18381,6
18384,1
18419,8
18454,2
18466,8
18507,0
18525,6
18526,2
18546,1
18585,2
18611,6
18636,4
18639,5
18682,7
18698,9
18726,4
18777,9
18782,5
18796,3
18862,3
18890,8
18894,7
18897,5
18906,1
18939,3
18970,0
18976,9
18981,4
18984,9
18988,4
18998,2
19004,0
19008,0
19015,3
19027,0
19049,0
19073,7
19087,2
19114,3
19125,6
19126,9
19129,2
19134,6
19228,6
19236,5
19274,6
19282,1
19296,2
19308,0
19328,5
19363,6
19411,1
19447,4
19477,9
19505,2
19523,6
19557,8
19562,6
19576,9
19595,8
19655,3
19659,5
19667,9
19676,5
19722,6
19746,5
19760,0
19790,8
19801,0
19805,6
19839,5
19841,1
19848,6
19852,5
19856,0
19864,8
19892,5
19911,8
19942,5
19968,1
19970,6
19975,4
20010,0
20018,1
20044,5
20071,2
20125,5
20130,9
20141,0
20144,4
20158,7
20163,1
20181,3
20213,3
20247,2
20286,6
20289,2
20314,3
20351,0
20360,9
20377,3
20390,5
20408,8
20451,3
20489,6
20494,6
20533,0
20537,0
20559,8
20622,0
20623,9
20632,0
20633,4
20644,9
20649,3
20656,6
20663,6
20666,8
20708,3
20728,3
20802,1
20826,9
20837,5
20871,9
20888,1
20905,8
20907,4
20945,8
20960,2
20979,0
20984,6
20991,7
21006,2
21024,2
21028,0
21045,8
21061,6
21065,8
21127,1
21132,0
21149,3
21182,3
21184,5
21187,3
21195,6
21221,3
21261,3
21272,1
21320,3
21338,5
21353,0
21365,5
21397,5
21440,5
21451,2
21452,6
21461,4
21537,2
21540,9
21546,0
21562,9
21608,0
21609,5
21643,3
21650,8
21651,7
21663,8
21699,1
21707,5
21746,4
21761,7
21765,1
21806,5
21821,6
21834,7
21870,9
21874,0
21875,4
21939,3
21970,0
21992,4
22051,4
22060,8
22081,9
22092,3
22134,7
22165,9
22185,3
22210,6
22256,9
22259,7
22286,8
22295,4
22320,8
22326,7
22329,5
22334,9
22363,5
22378,0
22400,4
22423,9
22445,0
22446,2
22471,9
22485,9
22506,5
22518,4
22584,4
22616,6
22652,4
22813,8
22823,7
22824,9
22830,6
22873,8
22904,6
22907,5
22930,2
22949,0
22951,5
22957,3
22962,6
23001,2
23020,2
23022,3
23023,0
23028,2
23041,2
23065,5
23089,2
23146,5
23175,4
23178,7
23225,3
23258,6
23264,5
23275,9
23279,0
23286,4
23296,8
23304,3
23322,3
23347,8
23349,9
23372,0
23374,9
23393,4
23442,7
23486,4
23497,5
23520,2
23521,0
23567,5
23583,4
23589,0
23595,4
23599,4
23600,6
23601,0
23666,7
23701,2
23764,2
23765,6
23773,0
23777,2
23795,1
23834,4
23835,1
23878,4
23914,0
23919,9
23924,6
23936,4
23987,8
23990,9
24001,5
24037,6
24064,7
24068,5
24100,5
24152,2
24159,7
24165,6
24175,1
24211,9
24236,7
24305,9
24334,4
24352,1
24372,7
24387,9
24395,6
24426,5
24429,0
24437,4
24477,7
24496,9
24510,0
24573,3
24579,5
24607,4
24623,2
24668,4
24687,6
24691,8
24701,9
24733,3
24753,6
24765,5
24827,6
24845,8
24856,0
24926,8
24961,2
25002,5
25098,6
25135,6
25158,5
25253,1
25257,3
25291,3
25314,7
25336,1
25371,9
25394,1
25400,8
25407,5
25445,8
25486,8
25503,4
25516,2
25523,3
25525,7
25544,8
25554,7
25558,4
25567,0
25569,1
25583,8
25598,5
25615,7
25623,5
25660,4
25687,1
25740,3
25747,5
25750,0
25759,4
25764,1
25766,8
25775,7
25810,9
25818,0
25828,9
25858,1
25892,0
25894,4
25904,7
25962,6
25966,5
25980,0
26011,2
26014,3
26073,0
26085,8
26094,5
26134,5
26154,3
26183,0
26197,0
26207,4
26218,7
26236,5
26243,1
26255,7
26300,0
26372,6
26413,5
26422,0
26426,9
26454,2
26455,7
26481,5
26515,8
26517,5
26528,7
26535,1
26536,9
26545,0
26608,0
26623,0
26624,2
26626,2
26627,4
26724,3
26752,5
26763,4
26774,1
26779,2
26785,6
26790,4
26791,8
26855,4
26869,4
26884,6
26899,2
26911,4
26935,8
26947,8
27001,4
27054,7
27061,7
27069,0
27133,3
27149,6
27163,9
27171,2
27216,5
27220,7
27278,8
27281,0
27285,6
27289,0
27323,8
27332,0
27345,1
27350,6
27395,0
27400,5
27437,4
27441,5
27459,8
27483,6
27503,2
27522,7
27531,1
27535,2
27536,6
27567,0
27570,3
27582,1
27607,5
27685,6
27713,4
27716,7
27762,8
27790,1
27795,3
27823,7
27830,7
27839,9
27841,0
27856,3
27885,1
27971,7
27982,0
27986,7
28004,7
28007,9
28019,1
28023,8
28079,0
28144,8
28150,6
28151,0
28168,9
28199,3
28226,8
28231,5
28255,6
28260,9
28296,0
28303,3
28360,5
28367,1
28381,8
28382,6
28389,2
28390,8
28422,9
28445,9
28446,9
28471,2
28474,8
28490,8
28511,8
28525,2
28572,6
28573,4
28577,2
28584,4
28594,6
28608,5
28612,0
28627,0
28660,1
28701,2
28732,5
28733,6
28764,7
28773,3
28799,4
28820,3
28846,5
28871,8
28893,1
28894,1
28896,0
28902,8
28913,3
28933,7
28962,8
28964,1
29001,9
29014,3
29034,0
29042,3
29043,2
29065,5
29073,3
29081,2
29157,5
29186,7
29210,7
29224,3
29236,9
29250,0
29252,4
29258,4
29272,6
29276,8
29325,7
29350,6
29413,2
29438,0
29450,7
29455,6
29498,0
29518,1
29565,9
29578,0
29599,0
29631,4
29643,6
29644,6
29675,3
29680,8
29681,2
29692,4
29703,4
29744,4
29751,8
29840,1
29929,4
29931,7
29971,6
29996,9
30018,7
30022,9
30038,8
30055,2
30071,0
30077,3
30103,9
30107,2
30117,1
30131,3
30137,1
30180,4
30240,0
30256,3
30262,5
30285,5
30318,8
30333,5
30334,9
30340,0
30362,3
30368,1
30400,3
30428,7
30433,7
30440,6
30469,9
30488,5
30532,7
30593,4
30599,7
30666,4
30679,3
30680,6
30687,6
30690,2
30720,3
30732,8
30757,1
30779,4
30788,6
30816,2
30824,3
30849,0
30878,6
30898,1
30967,8
30984,3
30986,3
30987,9
31006,4
31022,5
31056,2
31057,9
31098,3
31136,3
31139,8
31161,9
31177,2
31197,2
31200,9
31214,5
31224,4
31232,6
31246,4
31248,8
31271,7
31278,1
31285,4
31301,5
31311,3
31336,9
31356,0
31358,9
31360,2
31394,9
31403,4
31412,4
31437,6
31463,0
31477,7
31489,5
31552,4
31556,1
31560,7
31587,3
31599,8
31604,0
31613,6
31622,8
31653,9
31668,4
31670,6
31685,1
31690,7
31694,5
31737,9
31753,0
31789,2
31815,1
31818,9
31821,5
31880,8
31892,6
31898,6
31940,4
31963,1
31965,4
32026,5
32030,8
32035,2
32043,6
32061,8
32085,1
32100,9
32140,6
32165,0
32174,7
32186,4
32189,1
32216,2
32220,7
32257,6
32260,9
32275,3
32291,7
32294,7
32317,2
32324,5
32332,1
32337,2
32360,9
32361,2
32374,9
32388,0
32426,8
32486,1
32529,7
32532,9
32548,5
32552,9
32559,1
32565,4
32589,7
32628,4
32634,2
32638,8
32641,8
32661,4
32680,3
32685,3
32694,6
32724,5
32737,5
32820,7
32857,9
32864,8
32884,8
32901,2
32961,5
32964,3
32994,6
32997,4
33052,9
33053,5
33060,2
33068,2
33069,1
33092,1
33104,7
33114,3
33151,8
33167,6
33176,1
33180,2
33182,9
33211,9
33217,6
33238,0
33246,9
33248,4
33272,6
33318,6
33347,4
33360,9
33409,5
33441,1
33444,3
33491,3
33508,1
33531,9
33628,1
33638,4
33648,1
33675,1
33678,8
33679,4
33696,9
33709,3
33716,2
33726,4
33731,4
33748,5
33754,3
33756,9
33758,3
33779,6
33871,6
33874,0
33906,2
33942,1
34035,4
34040,8
34047,7
34050,5
34065,5
34199,1
34248,9
34264,1
34266,4
34335,9
34336,6
34342,6
34356,0
34366,3
34408,2
34443,2
34462,2
34523,0
34538,0
34604,2
34641,1
34673,7
34716,3
34740,3
34749,1
34802,3
34817,5
34818,9
34819,8
34821,5
34852,1
34881,7
34889,1
34896,6
34904,0
34911,1
34935,7
34957,9
34963,6
34978,8
34995,3
35047,6
35048,1
35111,2
35132,3
35192,0
35199,7
35202,2
35221,3
35256,4
35272,3
35297,6
35319,4
35331,2
35476,7
35504,3
35510,2
35561,8
35581,4
35595,1
35616,6
35618,5
35647,9
35672,9
35705,4
35767,8
35778,0
35794,3
35806,3
35815,0
35824,9
35867,5
35869,3
35883,6
35884,4
35940,8
35942,1
35964,4
35967,8
36011,5
36037,1
36085,1
36112,2
36115,7
36139,7
36173,5
36175,6
36233,8
36245,5
36258,7
36290,0
36301,3
36319,9
36340,7
36350,4
36353,1
36354,5
36361,5
36371,0
36412,0
36416,6
36418,9
36419,4
36431,0
36434,4
36437,5
36442,1
36450,2
36520,1
36574,6
36602,5
36603,7
36619,4
36669,1
36673,6
36684,3
36711,1
36811,1
36838,6
36889,7
36915,8
36942,2
36944,8
36953,0
36960,9
36994,0
36997,1
37032,8
37035,3
37040,2
37045,1
37046,9
37066,5
37083,2
37088,9
37111,9
37149,8
37156,4
37157,2
37169,3
37194,6
37204,3
37205,3
37226,5
37402,7
37407,5
37437,2
37467,0
37489,2
37528,4
37539,8
37558,5
37584,5
37587,9
37592,5
37596,7
37598,1
37601,2
37611,9
37620,8
37635,1
37645,4
37647,0
37676,6
37722,4
37772,9
37785,4
37824,9
37872,6
37878,7
37879,9
37885,8
37904,2
37905,6
37920,1
37961,4
37964,2
37992,5
38082,9
38101,6
38113,5
38132,4
38160,1
38176,6
38190,6
38218,3
38221,2
38223,3
38231,0
38234,5
38284,4
38303,1
38393,6
38399,3
38401,2
38493,9
38510,8
38549,3
38554,1
38555,6
38577,5
38613,8
38615,7
38626,5
38641,8
38657,3
38671,4
38713,1
38720,2
38762,5
38771,3
38775,9
38803,4
38804,3
38811,3
38817,5
38837,1
38854,6
38867,3
38875,6
38919,4
38928,1
38950,9
38964,7
38974,1
39011,8
39033,1
39043,6
39086,6
39089,7
39092,8
39095,1
39108,3
39111,9
39134,9
39152,1
39168,2
39212,6
39223,7
39228,2
39229,9
39232,1
39257,7
39266,8
39276,7
39287,4
39301,3
39314,7
39365,4
39378,8
39382,8
39391,8
39392,2
39407,0
39413,4
39437,1
39454,1
39455,6
39548,4
39568,1
39574,5
39614,9
39621,9
39629,5
39632,6
39643,7
39652,1
39670,4
39720,4
39731,8
39732,9
39733,9
39741,3
39747,6
39769,7
39780,5
39783,4
39788,0
39791,4
39842,9
39844,4
39853,2
39861,0
39889,9
39895,9
39898,0
39917,7
39954,4
39955,0
39961,3
39964,5
40033,1
40091,0
40095,2
40103,0
40106,8
40134,8
40149,8
40154,5
40161,3
40179,0
40224,4
40225,4
40239,7
40242,7
40249,0
40250,9
40263,1
40279,2
40283,9
40316,4
40343,4
40389,0
40392,4
40424,4
40430,7
40438,1
40446,9
40455,9
40482,1
40483,3
40484,6
40487,9
40489,5
40510,7
40535,5
40568,1
40573,4
40612,0
40629,8
40662,3
40663,7
40683,3
40702,4
40720,3
40743,3
40754,6
40815,2
40831,1
40860,1
40869,5
40936,2
40968,2
40969,0
40990,4
41005,9
41065,9
41084,9
41088,7
41098,4
41156,0
41236,7
41246,6
41265,0
41270,9
41313,7
41319,4
41363,8
41368,0
41442,6
41472,7
41475,5
41485,0
41513,3
41518,1
41523,5
41525,1
41530,7
41542,1
41550,8
41563,9
41578,8
41580,4
41598,8
41614,0
41630,7
41649,1
41666,6
41687,2
41692,7
41693,5
41713,0
41726,6
41760,7
41763,9
41765,3
41769,7
41812,1
41822,3
41853,8
41857,0
41865,4
41894,1
41920,7
41940,6
41987,0
42020,9
42062,7
42076,8
42145,7
42152,9
42154,6
42220,3
42249,4
42263,4
42265,7
42267,5
42273,2
42280,2
42305,6
42308,2
42319,2
42321,5
42328,2
42330,4
42352,7
42357,4
42364,8
42402,0
42426,9
42434,3
42468,7
42496,2
42540,8
42543,5
42555,5
42574,4
42580,8
42587,4
42588,3
42643,9
42654,2
42667,6
42704,8
42711,4
42784,7
42796,9
42797,0
42814,2
42841,3
42857,4
42902,3
42935,5
42980,0
42981,0
42996,6
43019,7
43025,1
43040,2
43055,5
43066,5
43100,3
43113,2
43121,8
43152,4
43222,7
43245,5
43260,6
43285,7
43318,5
43329,8
43345,2
43363,8
43432,5
43435,3
43444,1
43448,3
43494,3
43506,5
43513,2
43546,2
43569,6
43609,8
43652,1
43692,8
43717,3
43747,3
43798,7
43849,1
43896,9
43920,9
43921,8
43938,8
43964,2
43965,0
44010,9
44014,5
44015,7
44050,7
44068,4
44072,8
44095,2
44103,0
44104,9
44117,7
44146,3
44148,5
44213,4
44237,6
44276,0
44279,4
44294,4
44301,4
44309,6
44331,6
44385,3
44423,9
44447,4
44451,0
44473,1
44477,3
44494,5
44513,0
44565,2
44570,7
44588,7
44607,9
44627,1
44669,7
44684,3
44732,6
44761,4
44778,9
44793,5
44800,1
44829,1
44836,7
44857,1
44864,1
44865,7
44869,5
44890,9
44911,7
44917,0
44924,5
44936,9
44984,6
44995,9
45020,7
45075,1
45110,8
45135,3
45156,8
45158,2
45173,4
45201,9
45227,9
45228,6
45233,5
45256,5
45262,6
45268,2
45289,3
45315,0
45333,7
45351,8
45370,9
45406,2
45409,6
45418,0
45427,8
45429,4
45455,0
45481,8
45491,5
45505,2
45526,5
45540,0
45548,7
45562,5
45618,7
45636,3
45649,8
45670,4
45672,2
45686,6
45691,7
45696,3
45719,9
45726,5
45727,3
45733,6
45737,8
45748,0
45762,9
45785,9
45804,7
45806,7
45814,3
45851,6
45894,5
45895,7
45927,1
45928,4
45941,1
45956,8
45985,8
46024,6
46071,9
46089,1
46138,3
46146,9
46157,3
46169,5
46194,4
46196,1
46215,7
46222,8
46249,7
46288,2
46337,8
46338,8
46391,0
46416,1
46434,1
46439,0
46450,8
46464,2
46483,2
46505,8
46552,1
46589,9
46594,6
46600,3
46610,5
46635,5
46637,1
46718,1
46724,7
46767,8
46778,9
46819,7
46822,0
46838,3
46880,1
46895,5
46902,3
46903,6
46904,8
46912,2
46982,8
46993,4
47072,0
47080,8
47088,2
47132,2
47216,1
47231,2
47249,2
47256,5
47342,2
47364,7
47378,2
47411,3
47417,7
47427,9
47439,7
47459,9
47465,1
47481,3
47505,8
47516,1
47523,4
47543,5
47594,3
47608,4
47609,5
47614,2
47644,1
47652,2
47717,7
47789,6
47793,7
47845,5
47855,0
47876,3
47882,8
47894,9
47897,9
47905,1
47919,5
47926,8
47933,9
47953,0
47973,2
47994,1
48012,0
48017,2
48029,2
48030,9
48048,4
48089,9
48090,6
48137,3
48149,8
48150,8
48164,3
48169,6
48177,1
48179,3
48200,0
48208,7
48212,2
48258,3
48261,1
48273,1
48278,6
48286,4
48299,0
48317,6
48344,9
48368,1
48401,2
48407,8
48489,5
48506,2
48524,9
48530,9
48564,5
48596,4
48599,3
48619,7
48642,3
48661,0
48674,2
48680,5
48686,2
48725,3
48728,4
48770,3
48786,4
48808,0
48810,6
48815,0
48824,8
48826,5
48828,8
48846,4
48850,5
48868,3
48913,1
48923,7
48957,4
48988,7
49023,5
49053,7
49103,3
49110,0
49229,0
49250,8
49264,2
49310,0
49314,2
49320,7
49347,6
49375,5
49387,0
49395,1
49396,6
49416,2
49432,9
49451,9
49516,7
49519,1
49538,1
49563,8
49564,9
49618,8
49683,4
49691,7
49693,6
49714,9
49745,4
49765,6
49798,9
49805,2
49808,8
49841,3
49871,9
49900,6
49925,9
49929,2
50004,6
50060,5
50061,0
50071,5
50074,8
50075,7
50090,4
50130,1
50152,4
50154,4
50162,7
50170,8
50190,1
50205,0
50207,1
50218,2
50238,8
50252,5
50256,0
50259,2
50262,3
50287,2
50289,6
50330,3
50349,9
50402,6
50403,3
50439,9
50443,7
50458,9
50482,1
50483,7
50494,6
50495,2
50515,9
50516,3
50531,4
50539,0
50554,3
50595,6
50616,4
50645,6
50656,4
50684,0
50697,7
50708,7
50710,9
50766,5
50770,3
50771,1
50774,0
50835,4
50853,5
50873,8
50892,3
50929,0
50968,0
50979,1
51021,6
51058,8
51059,0
51062,7
51103,7
51112,1
51121,0
51133,3
51151,2
51172,8
51194,9
51207,8
51209,9
51216,2
51241,2
51279,7
51341,8
51363,7
51391,8
51423,4
51432,1
51479,0
51500,7
51502,7
51525,6
51527,9
51534,3
51536,3
51596,6
51614,2
51622,4
51647,9
51648,2
51656,8
51729,6
51738,2
51739,1
51781,1
51787,2
51793,5
51807,9
51846,8
51852,5
51856,7
51868,4
51903,3
51905,1
51976,2
51981,9
51989,5
52041,3
52045,0
52080,8
52114,0
52128,4
52157,8
52164,3
52176,7
52191,3
52193,4
52239,9
52259,3
52318,0
52339,7
52362,1
52365,6
52379,3
52403,2
52420,6
52427,9
52443,7
52453,2
52471,7
52472,6
52479,3
52487,3
52504,6
52516,6
52549,2
52553,9
52557,6
52558,0
52561,5
52563,3
52567,8
52681,4
52700,3
52742,6
52746,8
52774,2
52824,7
52836,0
52841,2
52858,6
52891,3
52900,8
52903,9
52915,6
52919,4
53057,6
53085,0
53096,5
53115,8
53145,4
53154,9
53164,7
53166,9
53236,8
53246,3
53251,9
53270,0
53273,1
53275,5
53278,4
53284,2
53325,3
53348,1
53395,1
53427,1
53428,5
53438,9
53460,0
53473,2
53493,3
53498,1
53515,9
53528,4
53542,3
53580,8
53595,3
53608,2
53641,5
53666,7
53688,3
53707,1
53732,5
53737,8
53749,3
53754,6
53771,7
53799,2
53802,5
53878,2
53888,4
53900,6
53926,2
53974,4
53996,8
54014,3
54023,1
54108,0
54120,8
54128,2
54161,2
54163,8
54195,8
54212,7
54218,7
54226,8
54229,0
54235,0
54236,1
54245,4
54256,7
54278,7
54316,6
54331,5
54332,6
54421,0
54429,5
54430,3
54528,5
54561,7
54587,3
54596,8
54600,0
54622,3
54638,7
54639,5
54653,2
54674,2
54676,2
54718,4
54720,1
54729,4
54801,4
54846,8
54861,4
54884,8
54890,7
54917,7
54922,0
54940,7
54946,1
54979,1
54984,9
55002,8
55010,5
55049,2
55069,2
55122,8
55140,1
55149,2
55166,6
55207,9
55220,2
55223,5
55242,0
55256,8
55271,1
55276,7
55303,4
55321,3
55364,9
55374,7
55417,1
55427,4
55431,7
55435,9
55436,8
55441,9
55453,5
55460,5
55476,7
55505,1
55511,4
55533,6
55559,2
55565,6
55578,8
55602,5
55615,6
55621,1
55646,0
55666,0
55670,6
55694,3
55755,5
55766,8
55810,4
55811,8
55858,3
55885,7
55888,1
55899,2
55906,2
55917,0
55951,6
55953,5
55964,4
55976,4
55993,0
55997,2
56028,7
56047,3
56055,2
56056,8
56125,2
56141,8
56147,4
56150,4
56193,8
56201,9
56206,5
56211,6
56214,5
56215,2
56229,5
56239,0
56243,2
56270,9
56286,8
56294,7
56313,8
56344,5
56348,9
56404,0
56419,0
56428,8
56446,6
56467,2
56480,9
56487,9
56496,4
56503,7
56519,6
56533,0
56573,0
56580,9
56587,5
56650,7
56652,7
56658,5
56664,2
56690,9
56706,6
56707,0
56752,2
56780,7
56801,0
56805,6
56814,7
56824,2
56828,7
56847,2
56899,6
56923,9
56934,3
56965,1
56982,5
56984,0
56989,0
56992,7
56997,4
57027,0
57067,0
57071,7
57083,7
57097,7
57116,8
57117,0
57148,9
57254,6
57258,9
57293,5
57300,3
57306,3
57308,3
57322,1
57338,2
57344,7
57353,6
57357,7
57360,6
57369,5
57433,1
57446,2
57455,2
57477,3
57498,6
57502,7
57508,6
57516,1
57520,2
57521,1
57562,8
57616,8
57628,2
57666,8
57706,4
57796,9
57797,1
57818,5
57836,7
57838,2
57865,1
57890,2
57912,0
57967,3
57969,1
58003,4
58026,2
58108,0
58125,7
58138,8
58145,5
58162,2
58164,4
58193,5
58237,3
58246,6
58293,8
58297,2
58339,3
58348,9
58361,1
58365,5
58420,4
58447,1
58467,8
58519,9
58550,3
58561,1
58566,9
58570,1
58601,2
58621,4
58623,6
58631,7
58652,6
58667,3
58671,7
58752,8
58804,9
58858,0
58867,4
58869,6
58911,6
58933,8
58938,4
58942,8
58983,3
59009,2
59058,9
59083,7
59084,9
59092,3
59118,7
59119,3
59136,5
59205,9
59225,0
59258,9
59308,3
59309,8
59323,7
59327,2
59341,9
59371,9
59380,8
59456,2
59493,6
59501,4
59511,8
59522,4
59562,9
59566,9
59580,4
59592,7
59618,5
59628,2
59641,2
59682,7
59690,4
59747,5
59765,9
59768,1
59798,3
59815,3
59824,2
59830,7
59854,1
59859,0
59867,5
59880,5
59904,3
59941,4
59948,9
59953,7
59966,6
