27,3
61,4
141,7
145,5
146,8
148,7
162,9
189,2
240,8
259,5
274,6
289,4
335,5
343,8
440,0
448,2
475,1
492,1
501,9
503,8
523,5
537,5
553,1
582,0
596,0
630,6
635,5
709,0
732,2
737,6
745,0
760,3
762,6
767,3
787,0
810,6
850,4
865,8
924,5
937,4
940,9
946,2
985,5
1020,6
1024,5
1043,7
1055,3
1063,8
1080,1
1131,1
1146,6
1202,6
1216,7
1233,3
1246,2
1258,4
1278,5
1305,9
1307,9
1312,3
1332,7
1375,1
1382,5
1390,2
1416,7
1424,6
1443,0
1455,9
1467,5
1497,1
1513,7
1514,5
1540,6
1547,7
1578,0
1610,9
1643,9
1691,5
1728,9
1740,9
1745,8
1747,7
1759,8
1781,6
1790,8
1804,8
1819,0
1848,7
1850,9
1854,4
1882,9
1885,4
1893,8
1894,2
1905,9
1913,5
1923,2
1930,0
1956,0
1958,7
1991,5
2002,8
2007,7
2043,8
2052,4
2091,5
2104,2
2111,5
2112,0
2138,6
2162,1
2167,6
2192,0
2229,7
2246,7
2248,5
2255,1
2316,1
2343,5
2351,9
2382,8
2391,7
2412,5
2468,3
2474,6
2475,8
2483,0
2484,4
2504,6
2551,5
2578,4
2599,1
2601,2
2652,3
2677,9
2686,4
2716,1
2726,3
2733,2
2759,7
2767,1
2770,0
2824,2
2827,4
2838,2
2840,2
2843,1
2845,8
2871,3
2874,4
2900,5
2959,2
2979,2
3002,8
3017,2
3040,8
3045,1
3055,9
3058,6
3083,9
3097,6
3116,7
3170,5
3173,9
3202,9
3248,0
3257,9
3262,0
3263,9
3329,2
3354,8
3362,2
3377,0
3388,4
3453,5
3456,1
3482,8
3508,9
3519,9
3527,5
3544,9
3571,3
3583,9
3598,9
3635,5
3680,2
3684,3
3692,7
3716,4
3722,2
3733,1
3759,8
3808,6
3814,6
3815,3
3834,9
3838,4
3899,7
3933,7
3961,8
3979,8
3990,4
3997,3
4113,5
4169,4
4175,7
4226,7
4227,7
4231,6
4236,3
4244,9
4253,8
4265,0
4348,8
4356,0
4377,9
4388,8
4397,5
4400,3
4405,1
4412,1
4414,2
4419,8
4426,6
4435,1
4464,4
4482,8
4492,1
4587,6
4600,5
4609,8
4623,1
4667,9
4685,1
4711,5
4778,6
4816,9
4822,4
4838,4
4849,0
4908,5
4916,9
4917,3
4925,7
4949,9
4964,7
4969,5
5024,9
5054,1
5057,7
5070,6
5126,6
5131,0
5157,5
5201,9
5212,9
5217,4
5233,9
5248,8
5261,9
5289,2
5293,4
5299,8
5303,5
5327,0
5404,9
5408,3
5478,9
5482,4
5495,6
5568,7
5584,7
5611,3
5622,0
5632,6
5638,2
5653,5
5671,6
5680,8
5715,2
5745,9
5778,7
5795,7
5824,1
5833,1
5835,4
5862,1
5930,1
5961,0
5981,0
5998,6
6006,8
6023,0
6027,5
6039,2
6046,7
6054,7
6074,9
6094,0
6110,1
6116,1
6119,6
6126,2
6153,8
6158,8
6179,0
6194,6
6218,4
6221,7
6231,2
6260,4
6262,1
6265,6
6273,2
6296,0
6305,5
6326,0
6344,2
6359,5
6419,1
6476,7
6509,6
6542,9
6567,6
6588,9
6646,5
6685,2
6723,0
6746,8
6775,1
6810,4
6815,2
6818,7
6829,5
6838,9
6840,5
6843,7
6858,3
6860,2
6879,4
6880,1
6897,8
6924,8
6949,4
6955,4
6963,6
6965,7
6987,0
7003,0
7017,7
7086,6
7108,9
7191,4
7192,3
7219,0
7227,4
7250,3
7272,0
7316,8
7341,6
7387,3
7397,3
7416,9
7430,9
7434,6
7492,9
7516,6
7536,1
7545,9
7546,5
7555,2
7563,1
7589,0
7591,5
7617,8
7629,0
7630,1
7658,1
7701,3
7792,2
7912,1
7926,6
7927,5
7929,2
7936,9
7964,5
7967,5
7982,3
7999,4
8006,4
8037,4
8041,4
8044,7
8046,0
8063,1
8073,9
8078,2
8081,4
8087,1
8117,4
8125,8
8127,9
8146,6
8148,8
8153,6
8210,8
8211,2
8226,2
8271,9
8298,4
8301,9
8319,1
8451,1
8457,4
8461,6
8477,4
8493,2
8515,0
8525,9
8534,4
8537,3
8571,7
8591,2
8614,2
8617,2
8638,6
8668,5
8689,1
8693,3
8702,9
8795,3
8892,8
8914,4
8995,4
9001,7
9015,6
9025,4
9027,0
9045,1
9056,0
9089,3
9139,4
9145,4
9177,6
9191,9
9192,3
9261,5
9281,6
9282,4
9307,7
9338,6
9373,7
9380,3
9391,4
9402,0
9439,0
9461,4
9486,6
9536,4
9560,7
9584,1
9586,4
9588,7
9633,9
9644,7
9676,7
9683,9
9684,5
9742,0
9754,9
9768,7
9776,2
9807,5
9852,8
9854,7
9864,3
9865,0
9899,5
9909,6
9930,1
9945,5
9955,7
9965,0
9977,3
10006,1
10016,2
10020,1
10039,7
10053,6
10080,0
10118,1
10144,3
10198,9
10213,6
10218,6
10221,0
10264,2
10284,9
10289,6
10291,2
10316,5
10346,1
10353,5
10387,9
10393,3
10414,9
10435,6
10444,8
10445,9
10459,4
10464,2
10517,7
10536,5
10539,9
10561,8
10645,0
10647,3
10665,5
10687,2
10691,0
10702,7
10716,7
10734,3
10743,3
10844,0
10847,3
10848,9
10882,3
10892,1
10905,8
10925,6
10928,4
10959,2
10981,8
10983,1
10990,4
11015,9
11019,0
11043,1
11066,2
11075,3
11083,3
11087,8
11089,9
11091,0
11105,0
11149,8
11154,5
11172,0
11174,6
11225,9
11244,3
11247,7
11270,5
11293,9
11382,8
11399,7
11428,0
11449,2
11468,4
11478,8
11488,7
11540,7
11598,4
11614,8
11623,7
11652,4
11661,0
11676,1
11693,3
11701,0
11726,8
11734,8
11761,8
11766,7
11814,9
11833,0
11853,9
11870,6
11895,1
11908,8
11913,4
11921,3
11953,4
11955,4
12001,4
12050,9
12059,9
12064,4
12071,1
12083,5
12108,3
12116,7
12117,3
12148,3
12169,4
12192,4
12199,6
12205,0
12219,0
12229,5
12265,3
12282,8
12287,7
12393,6
12500,0
12523,6
12577,4
12604,5
12613,6
12616,8
12669,9
12673,6
12687,4
12695,5
12727,2
12769,7
12773,9
12786,4
12791,1
12796,0
12825,9
12883,1
12925,9
12961,7
12965,9
12988,8
13004,8
13032,9
13054,0
13091,7
13135,0
13145,5
13150,7
13163,4
13166,7
13168,1
13199,7
13226,6
13253,5
13271,4
13276,5
13283,1
13409,9
13426,4
13468,6
13473,4
13483,0
13488,3
13498,8
13549,8
13553,4
13581,1
13586,2
13587,6
13623,0
13647,3
13653,4
13671,6
13692,9
13729,0
13784,5
13838,6
13860,6
13869,8
13870,4
13881,6
13938,5
13939,6
13952,2
13999,6
14011,7
14014,8
14031,6
14050,2
14079,1
14081,2
14086,4
14110,0
14117,9
14127,9
14131,0
14160,0
14161,0
14227,1
14246,7
14278,0
14287,7
14317,9
14322,8
14361,3
14413,8
14426,4
14431,3
14435,5
14520,4
14530,0
14600,7
14616,4
14618,6
14623,5
14632,6
14660,6
14686,3
14699,9
14704,3
14738,3
14770,7
14773,0
14778,6
14788,4
14795,7
14799,5
14805,6
14828,5
14842,9
14860,1
14862,5
14864,3
14865,4
14885,4
14906,1
14921,6
15012,5
15029,9
15044,1
15050,8
15074,7
15080,3
15097,3
15120,0
15135,1
15142,0
15240,1
15243,7
15270,2
15274,4
15277,1
15280,6
15282,8
15300,1
15307,8
15310,4
15324,6
15394,4
15400,4
15406,8
15422,7
15425,7
15446,9
15455,8
15458,8
15483,6
15520,0
15533,3
15534,3
15554,7
15600,0
15607,9
15614,2
15711,0
15732,5
15739,8
15740,7
15751,2
15790,1
15880,5
15894,9
15896,6
15914,6
15918,5
15929,1
15944,9
15970,9
16013,3
16030,2
16034,9
16046,2
16090,9
16121,1
16123,2
16238,0
16242,5
16310,5
16376,1
16415,0
16425,6
16430,6
16438,4
16453,3
16462,3
16468,1
16473,2
16500,8
16505,7
16517,8
16541,9
16559,8
16593,4
16648,6
16662,2
16690,2
16696,7
16702,9
16703,6
16713,1
16720,1
16723,4
16724,8
16741,8
16811,3
16838,1
16914,1
16919,9
16924,3
16931,5
16962,7
16963,6
16997,0
17000,3
17011,6
17029,1
17033,7
17049,0
17101,1
17104,3
17128,8
17148,3
17162,8
17192,3
17193,8
17196,8
17209,1
17253,3
17286,1
17306,7
17317,9
17332,6
17341,3
17343,7
17357,4
17364,8
17420,7
17460,3
17461,5
17468,5
17471,3
17479,0
17500,2
17537,9
17549,0
17588,3
17607,1
17633,4
17643,3
17646,3
17673,3
17678,4
17727,1
17756,8
17783,6
17818,8
17855,6
17859,8
17967,3
17997,3
17998,6
18005,5
18035,1
18042,0
18057,9
18081,4
18084,2
18101,4
18123,5
18176,1
18191,7
18195,8
18234,5
18238,6
18274,3
18297,4
18310,8
18316,1
18325,3
18362,4
18391,7
18393,1
18394,2
18404,5
18411,1
18430,6
18435,2
18443,0
18448,9
18456,5
18515,0
18552,9
18574,8
18576,6
18626,3
18659,1
18661,2
18672,6
18714,8
18725,0
18762,8
18766,3
18770,3
18772,6
18780,2
18784,7
18804,2
18811,8
18852,1
18857,7
18881,0
18900,2
18918,1
18979,7
19019,5
19037,6
19122,1
19126,9
19189,0
19219,5
19229,2
19236,5
19244,9
19266,3
19274,6
19291,8
19315,9
19323,1
19336,2
19357,4
19359,9
19405,4
19449,5
19466,2
19481,6
19514,4
19534,7
19543,0
19546,9
19568,2
19606,2
19609,5
19612,0
19613,1
19636,7
19716,8
19720,8
19790,8
19800,7
19810,4
19818,0
19828,6
19852,5
19908,0
19910,9
19926,2
19930,0
19951,8
19955,1
19959,5
19983,4
20006,5
20011,4
20022,2
20031,9
20044,5
20076,6
20084,9
20092,5
20187,6
20191,8
20224,2
20225,0
20238,0
20251,4
20278,3
20289,2
20295,7
20302,1
20310,7
20317,6
20339,8
20348,1
20373,1
20397,3
20412,8
20419,8
20421,9
20431,6
20447,4
20453,5
20467,4
20511,8
20518,9
20545,8
20552,7
20567,9
20592,8
20597,3
20600,7
20636,9
20647,6
20658,0
20686,1
20756,3
20813,4
20828,1
20854,5
20872,3
20903,3
20928,0
20936,0
20944,2
20953,0
20959,2
20974,1
20985,3
21009,2
21021,7
21048,8
21051,1
21054,1
21063,7
21064,0
21111,7
21152,4
21158,9
21170,3
21191,0
21205,6
21219,2
21235,4
21262,4
21267,9
21273,0
21285,3
21339,4
21360,5
21376,1
21386,7
21388,7
21422,9
21432,8
21439,5
21466,3
21472,4
21473,6
21474,1
21482,7
21502,2
21520,8
21535,1
21541,4
21561,4
21564,6
21620,0
21629,5
21638,2
21666,7
21679,7
21700,7
21730,8
21734,5
21753,6
21769,0
21781,6
21783,7
21826,8
21827,9
21839,1
21852,2
21885,7
21914,5
21939,3
21941,6
21945,0
21950,3
21974,3
21985,0
21986,3
22016,7
22036,2
22064,4
22066,1
22108,9
22131,7
22135,1
22141,8
22153,1
22155,3
22158,1
22174,9
22176,9
22201,8
22242,4
22265,0
22269,2
22289,8
22297,0
22306,0
22314,7
22322,3
22339,6
22349,1
22363,5
22373,0
22385,6
22397,2
22398,1
22400,4
22438,8
22450,9
22478,1
22484,8
22523,9
22542,3
22580,4
22590,4
22608,7
22626,7
22627,1
22629,0
22634,0
22665,6
22667,7
22676,4
22679,5
22700,1
22723,3
22745,8
22746,5
22771,4
22785,1
22793,2
22804,9
22809,6
22843,4
22861,2
22867,5
22871,7
22882,0
22894,3
22907,5
22942,5
22951,5
22957,3
22972,1
23011,5
23023,0
23046,3
23074,7
23083,4
23114,2
23120,0
23157,3
23167,1
23216,2
23225,3
23226,5
23239,3
23258,6
23326,4
23337,3
23363,6
23411,4
23443,7
23468,2
23515,9
23538,4
23556,3
23560,8
23573,8
23575,9
23597,5
23652,2
23653,6
23658,4
23675,2
23721,2
23781,4
23783,5
23862,1
23898,6
23912,5
23922,6
23960,1
23969,7
23980,0
23997,3
23999,4
24023,6
24043,5
24045,5
24063,3
24100,5
24101,8
24134,8
24141,7
24161,4
24195,4
24225,0
24226,2
24246,9
24285,9
24288,1
24325,7
24347,2
24362,7
24369,3
24432,4
24450,2
24519,5
24553,9
24558,8
24572,7
24589,8
24605,0
24613,9
24646,8
24653,4
24677,8
24712,9
24724,2
24741,9
24746,2
24753,6
24756,9
24762,1
24805,2
24837,6
24871,6
24912,4
24916,9
24977,4
24982,2
25009,7
25028,3
25080,5
25094,3
25095,7
25102,6
25143,8
25148,2
25172,3
25174,3
25234,4
25247,9
25258,9
25266,3
25311,3
25319,7
25335,5
25378,4
25384,5
25395,0
25424,6
25429,8
25442,2
25448,1
25459,2
25496,1
25518,0
25520,6
25522,7
25538,3
25582,8
25614,6
25630,3
25664,9
25678,5
25683,2
25717,2
25718,2
25744,1
25766,8
25787,2
25789,3
25831,4
25868,7
25874,9
25911,3
25940,1
25976,8
25981,1
25983,1
25986,8
25992,6
26003,8
26014,3
26016,6
26033,3
26042,9
26044,0
26052,6
26069,5
26115,8
26122,8
26132,4
26164,2
26166,4
26194,3
26219,0
26222,3
26269,4
26303,7
26343,0
26348,2
26371,0
26380,9
26390,1
26395,7
26438,0
26466,5
26471,8
26474,8
26511,6
26525,9
26529,7
26556,1
26561,3
26569,8
26677,6
26692,3
26753,0
26770,2
26777,6
26805,8
26808,4
26818,0
26819,6
26822,9
26868,5
26884,6
26954,9
26965,3
27009,5
27062,5
27068,1
27108,2
27117,5
27119,6
27144,7
27171,2
27175,6
27186,2
27198,6
27210,8
27268,6
27282,3
27309,1
27314,5
27320,6
27365,4
27366,3
27371,4
27379,7
27395,0
27429,0
27433,4
27434,2
27474,1
27518,3
27522,7
27526,5
27536,6
27539,5
27542,7
27607,5
27652,2
27679,9
27705,9
27713,4
27718,3
27732,9
27740,8
27809,4
27824,4
27842,6
27873,9
27883,2
27918,8
27928,2
27947,8
28022,4
28065,8
28092,9
28097,5
28105,0
28111,3
28113,9
28157,3
28166,1
28195,9
28199,3
28240,9
28262,9
28301,8
28315,5
28352,8
28359,3
28408,0
28414,0
28454,2
28478,5
28551,4
28620,7
28645,9
28662,8
28698,6
28719,8
28758,6
28780,2
28787,2
28802,8
28809,0
28817,6
28820,3
28874,5
28938,4
28949,5
29008,5
29009,9
29046,4
29079,6
29101,0
29107,5
29134,9
29147,6
29170,9
29178,8
29200,2
29250,0
29251,4
29314,2
29327,6
29352,3
29363,7
29380,6
29382,7
29385,4
29399,6
29464,3
29475,9
29547,9
29569,5
29594,2
29597,6
29601,8
29659,5
29670,3
29674,2
29686,6
29699,2
29713,0
29714,7
29718,0
29719,3
29734,2
29738,9
29742,4
29768,6
29770,2
29781,5
29787,5
29894,3
29941,4
29968,1
29990,2
30002,3
30033,6
30039,4
30086,5
30091,2
30102,2
30103,9
30139,6
30150,6
30161,6
30183,3
30217,5
30233,5
30244,1
30266,4
30281,1
30306,3
30336,2
30397,8
30415,8
30423,3
30424,0
30429,2
30434,0
30468,3
30521,8
30536,4
30549,7
30584,8
30604,7
30612,1
30622,5
30655,2
30660,9
30667,1
30683,4
30684,1
30720,3
30739,7
30789,1
30801,7
30836,9
30878,6
30904,6
30938,1
30945,6
30952,7
30954,4
31002,2
31058,1
31081,1
31089,9
31103,8
31107,9
31143,6
31150,2
31173,0
31178,3
31184,9
31195,0
31234,0
31246,4
31265,1
31288,0
31304,2
31306,8
31310,0
31329,8
31331,7
31340,4
31358,9
31366,1
31373,2
31375,1
31379,3
31426,9
31448,4
31467,2
31469,3
31472,5
31475,6
31484,4
31516,6
31538,3
31552,4
31558,7
31624,9
31627,3
31644,5
31677,0
31719,3
31726,8
31746,5
31752,6
31805,3
31842,9
31876,9
31897,3
31914,7
31930,1
31946,5
31959,8
31981,6
31988,3
32006,6
32013,3
32043,6
32059,5
32060,5
32083,1
32084,4
32110,8
32121,9
32139,4
32168,5
32179,1
32187,1
32192,3
32197,7
32203,3
32210,0
32211,6
32230,6
32234,3
32254,5
32262,4
32269,2
32318,2
32323,5
32326,1
32343,5
32344,5
32351,9
32361,2
32412,4
32459,0
32460,7
32484,3
32492,5
32520,0
32533,5
32587,6
32636,8
32668,9
32669,4
32679,9
32687,7
32690,0
32722,8
32731,6
32756,1
32761,4
32794,3
32803,6
32813,4
32825,2
32835,7
32921,1
32944,3
32952,0
32968,8
32987,5
33002,3
33021,9
33022,3
33025,1
33037,7
33079,0
33082,7
33125,4
33156,9
33197,2
33203,2
33245,5
33246,9
33261,2
33314,6
33316,3
33358,9
33391,4
33419,8
33480,1
33492,0
33507,3
33510,3
33512,0
33536,0
33541,2
33542,6
33551,4
33555,5
33612,7
33622,5
33631,8
33663,1
33672,2
33681,7
33696,9
33705,1
33720,4
33733,5
33779,6
33795,3
33800,1
33806,9
33824,4
33876,5
33878,2
33885,7
33904,0
33931,9
33960,6
33969,3
33998,1
34004,1
34008,1
34031,9
34033,1
34087,2
34114,5
34117,6
34141,1
34181,2
34203,3
34204,3
34230,7
34250,2
34257,8
34264,1
34303,4
34366,3
34387,3
34407,3
34419,9
34425,2
34525,3
34539,6
34543,6
34555,0
34562,0
34570,4
34574,8
34649,8
34665,9
34677,7
34684,3
34685,3
34687,7
34692,5
34729,9
34740,3
34753,9
34764,9
34779,8
34792,1
34793,3
34798,0
34812,6
34819,8
34829,5
34842,8
34898,3
34928,2
34941,7
34959,7
34968,8
34977,0
35011,2
35021,8
35032,7
35043,3
35050,0
35051,2
35113,3
35171,5
35198,2
35221,3
35225,7
35234,4
35293,4
35319,4
35324,4
35357,1
35390,5
35392,4
35461,4
35472,4
35479,9
35488,0
35489,2
35492,2
35547,8
35566,6
35573,7
35577,8
35603,9
35661,1
35692,3
35700,0
35733,8
35750,6
35754,7
35757,0
35797,5
35801,3
35819,1
35828,6
35829,1
35841,8
35848,8
35875,4
35876,3
35885,2
35887,2
35974,2
35976,5
35981,8
35989,4
35994,0
36018,3
36023,3
36078,3
36087,5
36099,8
36105,7
36109,9
36163,0
36188,7
36248,3
36333,1
36350,4
36352,7
36370,9
36465,7
36479,7
36515,3
36520,1
36548,4
36561,6
36589,0
36629,9
36646,0
36647,4
36658,5
36660,6
36674,4
36716,3
36726,4
36729,5
36736,5
36763,7
36770,8
36781,2
36793,9
36805,2
36806,7
36830,9
36841,6
36848,0
36852,3
36853,2
36875,2
36957,3
36964,7
36978,2
36980,6
36987,5
37003,6
37008,1
37027,0
37044,6
37161,3
37207,1
37215,7
37216,5
37235,6
37243,2
37250,3
37275,5
37279,7
37302,4
37311,4
37339,4
37383,3
37421,6
37463,1
37485,4
37492,4
37499,1
37517,3
37542,6
37556,7
37589,5
37611,9
37613,2
37689,3
37694,7
37713,7
37723,0
37746,3
37771,8
37826,4
37885,8
37921,0
37930,7
37943,3
37961,4
38003,9
38034,7
38081,1
38122,4
38133,7
38161,0
38176,6
38194,5
38203,4
38209,4
38211,0
38229,4
38246,7
38275,2
38284,4
38288,2
38301,4
38304,7
38322,6
38395,9
38418,8
38430,2
38471,6
38476,8
38491,6
38497,0
38501,0
38509,2
38523,0
38560,2
38573,0
38580,3
38591,1
38605,0
38616,4
38618,2
38640,6
38645,4
38654,4
38667,2
38704,9
38709,1
38710,4
38716,4
38792,5
38802,0
38835,0
38867,3
38875,6
38880,9
38953,2
38988,6
38990,3
39034,9
39061,3
39075,0
39095,1
39099,3
39105,6
39108,3
39120,5
39160,1
39164,6
39167,8
39182,4
39211,5
39242,8
39249,2
39255,4
39263,0
39280,5
39285,3
39293,9
39310,7
39343,2
39356,6
39362,1
39428,9
39431,6
39458,4
39462,1
39468,5
39470,2
39475,6
39505,1
39565,3
39608,8
39616,7
39620,0
39624,0
39626,6
39672,7
39679,6
39716,1
39751,8
39756,8
39759,2
39761,3
39774,3
39779,8
39792,6
39854,0
39866,4
39874,0
39906,0
39922,8
39946,5
39954,4
39990,4
40040,0
40045,1
40053,2
40078,3
40098,1
40149,8
40179,0
40186,7
40191,6
40211,7
40220,1
40242,7
40252,8
40258,5
40269,9
40288,4
40296,8
40299,4
40309,4
40317,9
40348,1
40404,3
40421,0
40457,0
40468,1
40490,3
40494,0
40510,7
40511,5
40521,0
40535,5
40557,7
40649,0
40655,3
40659,5
40672,4
40677,4
40699,2
40711,5
40713,5
40723,4
40725,1
40729,7
40734,3
40790,1
40792,8
40807,7
40836,3
40838,7
40840,5
40862,6
40882,8
40891,7
40902,5
40924,1
40935,8
40963,5
41018,6
41043,4
41049,5
41051,0
41058,9
41138,0
41151,7
41153,8
41166,4
41171,3
41180,8
41195,1
41229,3
41268,6
41270,9
41290,2
41298,4
41340,2
41345,7
41352,0
41356,3
41360,1
41384,0
41408,6
41433,9
41435,5
41448,7
41454,1
41495,8
41529,8
41538,6
41558,7
41562,9
41576,4
41589,9
41595,2
41613,9
41616,0
41628,5
41654,6
41683,0
41719,5
41766,2
41780,4
41800,6
41835,2
41840,9
41866,8
41868,5
41887,5
41896,0
41910,7
41921,4
41927,0
41928,7
41960,3
41962,9
41965,2
41983,9
42005,0
42020,9
42050,2
42095,2
42115,2
42123,6
42183,0
42205,1
42211,7
42252,5
42253,6
42278,2
42328,2
42336,2
42351,1
42367,9
42410,7
42448,0
42458,9
42501,7
42518,1
42546,1
42562,2
42577,9
42600,6
42608,0
42615,8
42630,1
42639,7
42650,7
42675,2
42693,2
42700,6
42707,3
42723,6
42738,9
42742,4
42773,9
42811,7
42845,9
42873,8
42929,2
42953,4
42956,4
42959,7
42974,1
43002,2
43033,1
43037,9
43082,7
43085,1
43090,3
43093,9
43108,7
43139,5
43165,8
43171,3
43187,7
43242,8
43245,5
43249,1
43250,8
43270,6
43293,2
43319,5
43324,9
43326,2
43329,8
43333,8
43382,7
43388,8
43402,5
43404,0
43443,0
43481,4
43556,0
43568,5
43576,2
43581,6
43630,2
43688,4
43690,8
43698,8
43704,1
43709,4
43718,9
43719,7
43734,9
43788,8
43837,5
43840,7
43859,7
43986,8
43991,3
43995,6
44080,7
44084,9
44094,0
44109,1
44147,5
44187,9
44202,8
44207,1
44208,0
44238,6
44262,5
44286,8
44333,0
44360,8
44374,2
44391,8
44396,9
44450,9
44487,8
44549,2
44552,7
44556,1
44569,1
44604,8
44609,3
44638,8
44649,6
44651,5
44674,5
44723,0
44729,3
44764,3
44767,2
44801,6
44826,0
44843,6
44853,7
44877,4
44887,1
44895,9
44927,7
44951,0
45005,3
45011,5
45040,7
45049,5
45068,7
45078,1
45079,3
45130,2
45135,3
45153,4
45157,6
45165,0
45195,3
45265,6
45295,5
45323,9
45328,3
45343,9
45380,9
45382,7
45448,6
45461,9
45479,6
45489,7
45501,2
45505,2
45507,4
45512,5
45533,7
45546,1
45547,5
45550,4
45604,5
45609,6
45610,3
45690,1
45718,4
45736,3
45748,0
45769,0
45774,3
45780,5
45840,0
45846,6
45850,3
45887,6
45893,1
45968,8
45984,6
46006,1
46021,9
46023,9
46056,2
46070,3
46073,5
46080,8
46132,7
46141,1
46148,9
46151,7
46177,6
46185,1
46235,0
46244,5
46266,2
46277,2
46278,7
46290,5
46306,3
46351,7
46352,4
46365,5
46369,5
46387,8
46401,4
46410,0
46426,7
46440,6
46491,6
46494,0
46524,6
46528,8
46568,4
46569,9
46596,0
46648,7
46728,4
46781,4
46784,9
46792,1
46812,0
46820,7
46845,6
46859,6
46865,1
46876,8
46881,4
46893,1
46911,3
46916,1
46947,0
46953,3
46986,3
46999,5
47024,2
47057,8
47088,2
47098,5
47104,5
47107,5
47109,4
47145,3
47146,5
47148,9
47156,0
47171,2
47181,7
47183,8
47256,5
47260,6
47268,1
47279,1
47289,0
47301,5
47334,4
47335,0
47350,1
47353,9
47355,9
47391,1
47392,8
47398,9
47417,7
47452,0
47454,6
47463,8
47511,7
47524,6
47559,7
47563,8
47573,2
47621,1
47624,5
47632,8
47678,3
47686,2
47687,6
47704,0
47719,8
47724,3
47740,0
47742,3
47747,8
47749,3
47809,7
47828,5
47860,0
47866,5
47891,6
47900,2
47917,0
47967,8
47985,1
48040,1
48044,1
48048,4
48123,4
48135,7
48139,3
48158,2
48182,9
48184,1
48190,7
48224,9
48227,0
48293,2
48318,1
48326,1
48335,1
48410,4
48416,7
48447,4
48524,9
48525,2
48542,0
48550,2
48564,5
48578,0
48638,0
48640,2
48643,2
48684,8
48696,2
48767,2
48771,9
48805,1
48826,5
48841,2
48853,4
48858,6
48874,7
48883,6
48900,1
48916,1
48946,2
48962,4
48966,5
48975,2
49016,8
49032,5
49050,4
49077,3
49095,8
49147,3
49158,2
49159,7
49185,0
49221,0
49226,9
49257,7
49286,3
49322,0
49334,5
49337,6
49341,4
49355,1
49363,2
49374,0
49401,6
49403,6
49440,1
49463,0
49473,1
49480,4
49533,0
49541,9
49604,5
49665,4
49667,1
49677,8
49705,5
49738,7
49749,3
49757,2
49860,1
49872,0
49899,1
49918,7
49927,1
49950,5
49951,2
49978,7
50000,3
50006,5
50028,2
50050,4
50083,1
50114,8
50115,7
50122,6
50135,6
50157,0
50190,1
50191,8
50208,0
50237,1
50252,5
50261,1
50299,4
50316,5
50332,5
50335,2
50354,0
50428,6
50431,3
50453,1
50454,2
50461,7
50504,2
50506,6
50514,8
50523,0
50529,3
50535,8
50562,9
50597,8
50614,7
50666,6
50667,1
50719,6
50742,7
50764,5
50768,5
50772,1
50865,6
50879,4
50924,0
51006,0
51053,8
51064,2
51072,5
51081,4
51123,9
51169,1
51173,3
51262,2
51265,0
51303,0
51316,9
51333,3
51359,2
51378,6
51392,5
51394,8
51424,8
51454,4
51479,0
51483,1
51485,6
51510,8
51512,9
51553,5
51555,3
51574,9
51578,3
51586,7
51595,9
51597,9
51615,8
51616,3
51629,0
51646,5
51655,3
51666,1
51716,9
51725,8
51727,5
51730,9
51732,8
51743,2
51746,8
51754,8
51756,3
51782,2
51830,8
51858,7
51862,7
51953,6
51958,7
51983,2
51987,3
51999,0
52001,2
52015,4
52016,2
52108,5
52112,4
52140,4
52142,2
52205,1
52207,2
52213,5
52230,9
52237,8
52294,0
52298,3
52300,3
52312,0
52320,0
52364,5
52365,6
52408,2
52424,4
52428,0
52429,0
52434,6
52454,1
52462,9
52471,7
52473,4
52549,2
52567,8
52577,9
52584,6
52587,7
52623,4
52645,6
52652,4
52653,9
52663,4
52664,3
52678,6
52718,9
52721,4
52727,4
52736,7
52741,1
52775,8
52795,9
52803,7
52837,6
52860,8
52883,9
52892,8
52897,6
52936,3
52939,3
52952,7
52954,8
53008,2
53035,3
53036,8
53050,5
53077,0
53082,8
53091,3
53102,7
53125,4
53130,4
53139,2
53152,5
53173,0
53198,6
53208,8
53229,5
53249,4
53268,5
53291,7
53305,3
53309,5
53321,1
53328,0
53367,2
53383,1
53408,5
53436,1
53496,9
53505,9
53511,9
53574,8
53621,6
53645,9
53666,7
53676,9
53711,3
53716,3
53757,3
53762,2
53772,2
53783,7
53784,9
53833,1
53871,1
53877,6
53953,8
53957,0
53973,5
53990,4
54022,7
54035,7
54039,9
54041,4
54053,5
54066,7
54094,1
54099,7
54111,5
54113,6
54122,5
54124,6
54138,9
54140,3
54167,7
54175,4
54176,7
54184,5
54195,8
54213,1
54320,0
54341,8
54360,6
54372,7
54378,7
54386,9
54396,7
54397,3
54434,1
54457,2
54469,8
54480,2
54498,8
54545,2
54580,1
54613,2
54637,4
54670,5
54680,2
54705,8
54728,0
54733,6
54807,4
54810,0
54851,6
54864,1
54871,7
54897,1
54903,4
54918,4
54922,0
54937,7
54965,9
54987,2
55019,6
55057,6
55070,2
55122,8
55155,1
55165,8
55201,9
55203,2
55222,1
55237,7
55246,0
55287,5
55319,2
55372,6
55417,1
55420,6
55447,6
55457,0
55458,6
55478,1
55479,0
55500,1
55504,2
55528,2
55530,8
55531,5
55617,0
55619,8
55621,1
55630,4
55644,1
55668,7
55743,3
55759,7
55782,2
55794,5
55795,5
55800,5
55803,9
55826,7
55849,9
55905,5
55932,3
55959,8
55989,8
55991,0
55995,1
55996,2
56005,0
56009,2
56034,7
56036,5
56059,4
56079,2
56113,5
56122,4
56130,6
56141,8
56158,0
56161,0
56184,4
56214,5
56234,3
56243,2
56265,3
56296,8
56317,9
56348,9
56387,8
56425,9
56439,7
56442,9
56447,8
56479,5
56491,1
56533,0
56536,8
56544,8
56552,6
56553,2
56563,4
56566,5
56576,1
56587,5
56603,1
56623,8
56625,0
56695,5
56734,1
56767,6
56853,4
56888,7
56905,9
56907,8
56940,0
56983,7
57016,3
57044,7
57097,7
57110,7
57117,0
57121,8
57148,9
57161,0
57165,5
57194,3
57195,3
57206,9
57222,1
57226,6
57233,6
57239,9
57251,5
57289,2
57305,1
57313,6
57328,4
57342,2
57366,2
57373,3
57374,9
57471,0
57481,8
57483,9
57496,2
57506,2
57549,7
57598,3
57614,1
57626,2
57629,0
57631,1
57644,1
57684,1
57685,0
57744,9
57759,9
57793,5
57823,6
57831,2
57835,4
57838,2
57873,4
57901,8
57913,9
57959,6
57968,1
57973,1
57987,5
58012,0
58044,2
58102,0
58105,4
58130,5
58158,8
58191,6
58201,8
58202,7
58238,1
58242,9
58261,5
58265,0
58291,6
58355,1
58384,8
58409,2
58423,6
58425,7
58452,2
58500,0
58507,7
58520,7
58530,7
58532,0
58568,2
58589,7
58600,1
58663,5
58708,7
58737,1
58740,5
58773,1
58795,4
58809,0
58831,2
58850,9
58852,9
58900,6
58908,5
58939,5
58943,0
58961,9
58973,0
59017,0
59026,4
59034,8
59107,7
59109,9
59114,1
59123,8
59216,5
59261,4
59265,8
59271,3
59274,8
59280,8
59293,7
59309,8
59315,3
59333,2
59422,2
59440,3
59468,7
59476,2
59488,1
59503,6
59517,1
59533,7
59551,4
59563,5
59575,2
59589,4
59655,2
59682,7
59706,2
59733,7
59762,0
59763,8
59777,3
59798,3
59814,9
59834,8
59855,2
59880,5
59883,3
59891,3
59894,7
59896,2
59905,4
59911,0
59945,5
59946,8
59956,5
59966,6
59996,3
