57,9
64,4
65,5
68,0
97,8
128,1
152,1
177,1
180,2
205,1
254,3
267,9
301,7
325,2
356,3
365,2
369,4
381,2
382,1
385,2
395,6
410,2
421,6
459,3
508,1
518,7
532,8
571,8
589,9
620,5
637,1
718,4
773,7
782,9
793,9
794,6
800,9
801,2
834,4
862,2
915,5
932,9
945,4
973,6
993,1
997,0
998,3
1005,9
1015,0
1064,8
1068,3
1075,7
1088,7
1125,7
1165,2
1184,6
1204,6
1281,7
1291,9
1312,3
1319,8
1332,7
1337,6
1350,6
1393,6
1426,9
1430,5
1434,8
1436,3
1501,0
1513,7
1521,1
1524,5
1530,0
1559,3
1604,4
1622,9
1631,3
1632,9
1639,7
1666,8
1717,1
1724,2
1734,1
1740,9
1804,8
1821,7
1827,4
1849,6
1857,0
1923,2
1924,3
1967,4
1975,7
1998,2
2012,1
2019,2
2021,3
2028,5
2056,5
2067,8
2114,3
2115,7
2131,5
2157,4
2199,9
2216,9
2235,4
2237,8
2245,0
2277,4
2326,1
2338,4
2345,6
2349,8
2358,8
2364,9
2378,8
2380,7
2388,8
2404,0
2418,2
2503,3
2514,9
2542,4
2548,4
2553,9
2557,0
2566,5
2580,3
2598,8
2611,8
2683,8
2706,7
2711,7
2724,4
2772,4
2815,9
2850,6
2866,2
2870,1
2913,6
2916,5
2931,3
2952,0
2967,6
3001,0
3018,4
3021,0
3033,3
3035,0
3050,6
3057,3
3076,9
3091,4
3107,0
3108,3
3157,4
3188,5
3189,7
3192,3
3200,2
3223,7
3247,0
3249,7
3271,5
3313,2
3319,3
3338,8
3344,1
3358,3
3387,6
3398,9
3421,6
3430,1
3433,5
3446,8
3455,4
3462,3
3524,6
3528,9
3583,9
3603,0
3624,4
3642,2
3675,1
3682,5
3754,3
3756,3
3797,1
3843,7
3865,8
3873,6
3876,0
3888,0
3897,1
3898,1
3934,2
3946,4
3968,8
3988,5
3991,9
4000,7
4027,0
4052,8
4060,9
4062,5
4083,8
4096,2
4105,1
4133,4
4135,4
4156,3
4159,0
4211,7
4226,7
4261,8
4273,7
4278,2
4307,9
4310,0
4315,9
4334,7
4337,6
4372,7
4396,7
4398,2
4409,4
4418,3
4441,1
4486,1
4493,4
4536,6
4566,1
4567,4
4583,3
4605,6
4629,0
4645,5
4656,0
4684,8
4694,3
4697,2
4703,4
4768,4
4773,0
4793,0
4812,4
4832,7
4839,4
4855,0
4860,8
4872,1
4893,7
4902,9
5020,1
5021,6
5048,0
5049,7
5052,0
5063,9
5074,0
5086,3
5107,1
5112,8
5126,6
5202,0
5219,9
5228,0
5245,1
5263,8
5266,0
5273,6
5295,4
5302,7
5310,6
5338,8
5356,4
5374,6
5386,9
5439,1
5440,5
5464,0
5592,9
5605,3
5612,0
5621,3
5622,0
5635,1
5646,0
5660,3
5674,0
5698,0
5710,3
5713,1
5743,8
5815,2
5864,1
5873,5
5881,0
5894,8
5908,2
5924,9
5929,0
5930,1
5969,4
5972,8
5983,1
5990,6
6012,2
6065,0
6105,2
6108,1
6125,2
6126,2
6129,8
6148,3
6170,3
6177,5
6232,1
6300,5
6306,9
6325,0
6339,7
6344,2
6353,8
6361,7
6418,5
6431,5
6447,3
6538,0
6555,5
6570,1
6601,3
6606,8
6608,4
6627,2
6655,5
6679,9
6734,9
6782,5
6798,4
6843,7
6861,2
6928,0
6931,1
6999,9
7000,8
7032,5
7074,1
7075,1
7080,3
7088,2
7091,5
7156,3
7157,9
7187,2
7236,7
7279,5
7282,4
7342,6
7358,0
7408,2
7414,2
7427,0
7432,2
7459,4
7473,2
7479,8
7492,9
7551,4
7601,2
7605,7
7658,1
7660,3
7675,3
7705,4
7725,4
7743,2
7770,7
7772,2
7785,6
7810,8
7846,0
7857,1
7858,0
7926,6
7940,9
7959,7
7984,4
8027,5
8037,4
8043,2
8109,8
8121,6
8142,7
8143,7
8167,7
8170,7
8177,1
8211,2
8252,5
8300,8
8317,4
8376,6
8410,6
8416,9
8426,5
8431,8
8448,9
8486,1
8499,7
8540,0
8543,1
8628,6
8637,7
8642,5
8664,1
8676,5
8702,9
8730,8
8763,0
8767,5
8780,8
8824,3
8842,4
8864,2
8884,3
8926,0
8941,3
8946,3
8949,7
8968,9
8973,4
8984,1
9031,2
9032,0
9033,5
9042,6
9059,3
9063,6
9076,8
9165,8
9169,2
9219,8
9259,5
9262,6
9276,7
9287,0
9293,3
9296,0
9324,3
9342,0
9410,4
9412,3
9414,5
9423,1
9426,7
9448,9
9461,4
9473,0
9492,1
9513,4
9515,5
9563,1
9591,8
9601,8
9631,9
9639,3
9641,8
9672,2
9713,9
9754,9
9756,2
9762,8
9778,3
9786,3
9803,1
9814,5
9821,4
9826,2
9838,9
9862,2
9865,0
9869,0
9898,5
9910,1
9919,5
9927,7
9941,9
9963,0
9971,0
9973,1
9975,1
9982,8
9984,4
10017,6
10018,4
10042,3
10084,2
10092,5
10128,0
10144,3
10154,7
10171,7
10179,7
10200,2
10204,0
10232,9
10259,0
10276,0
10282,3
10285,1
10293,1
10318,1
10320,4
10334,0
10341,9
10354,2
10418,6
10423,3
10453,3
10476,2
10490,8
10501,9
10523,0
10537,1
10552,6
10567,2
10570,2
10576,9
10583,2
10611,8
10621,9
10635,3
10683,4
10696,3
10707,2
10709,6
10724,4
10740,5
10743,3
10762,3
10788,7
10805,2
10808,9
10828,7
10831,5
10860,9
10891,5
10919,0
10940,7
10945,2
10955,9
10980,6
10999,2
11120,8
11138,3
11139,9
11168,7
11175,9
11176,8
11188,7
11198,5
11217,0
11219,3
11274,7
11276,9
11277,6
11294,7
11349,7
11352,1
11359,5
11366,9
11379,0
11385,9
11393,5
11399,7
11425,8
11437,7
11451,0
11452,9
11454,3
11470,5
11496,4
11529,8
11565,3
11576,2
11606,1
11608,1
11623,7
11630,1
11636,0
11637,1
11658,4
11697,6
11699,6
11723,6
11724,8
11752,3
11810,7
11862,9
11867,1
11949,3
11951,3
12000,7
12016,5
12028,4
12073,8
12120,9
12131,9
12142,0
12143,7
12194,4
12223,2
12270,6
12280,9
12300,3
12316,4
12323,1
12336,1
12359,6
12384,4
12419,8
12497,0
12502,5
12524,7
12537,7
12584,0
12599,7
12653,0
12663,8
12703,0
12715,6
12731,4
12749,4
12751,7
12761,3
12771,1
12783,3
12799,0
12811,1
12843,5
12860,2
12889,9
12892,8
12894,9
12917,5
12924,3
12933,3
12959,6
12984,8
13012,9
13014,8
13019,2
13024,7
13027,7
13033,0
13035,6
13065,8
13092,5
13095,8
13102,1
13115,9
13177,1
13184,0
13220,6
13235,9
13246,6
13255,7
13267,4
13271,4
13280,0
13310,2
13352,3
13353,3
13358,9
13386,8
13431,6
13432,2
13433,1
13444,6
13484,2
13499,9
13514,1
13550,2
13560,3
13568,3
13580,5
13598,6
13602,5
13610,1
13629,3
13644,7
13686,6
13693,2
13737,6
13744,7
13746,7
13747,5
13761,2
13797,9
13801,9
13831,3
13894,3
13896,0
14051,6
14055,8
14072,6
14095,7
14099,3
14115,3
14140,8
14159,6
14162,8
14168,5
14173,8
14175,4
14177,3
14190,6
14198,4
14202,0
14211,8
14213,5
14220,4
14227,1
14244,2
14279,8
14284,7
14303,3
14357,2
14362,8
14389,5
14391,7
14395,7
14436,9
14443,9
14474,8
14484,2
14494,8
14536,7
14553,8
14570,6
14605,7
14642,7
14666,6
14673,5
14675,0
14710,7
14770,7
14773,0
14802,7
14819,2
14831,8
14843,9
14857,0
14904,4
14933,5
14956,9
14966,4
14972,4
14988,9
14994,5
15009,1
15035,4
15040,2
15043,6
15046,0
15057,2
15058,4
15081,7
15083,2
15087,7
15101,3
15115,8
15125,3
15134,6
15145,6
15160,0
15180,4
15204,7
15220,6
15221,8
15262,2
15288,0
15292,3
15293,1
15296,2
15331,7
15367,9
15391,2
15400,4
15410,7
15428,1
15450,6
15451,1
15486,3
15538,5
15544,3
15564,0
15565,6
15569,2
15605,2
15621,0
15689,7
15696,1
15702,5
15722,1
15732,5
15740,7
15742,5
15752,4
15775,8
15791,5
15802,2
15819,5
15843,6
15885,1
15913,9
15933,1
15938,3
15949,5
15968,3
15975,5
16044,8
16051,4
16063,5
16097,6
16110,1
16113,7
16153,1
16201,9
16202,0
16228,1
16233,1
16330,9
16355,0
16372,3
16379,7
16387,4
16419,7
16422,9
16424,5
16443,4
16479,2
16501,0
16539,8
16546,1
16551,4
16567,2
16633,5
16641,7
16676,3
16691,1
16700,7
16742,1
16747,6
16751,9
16752,8
16772,2
16777,0
16782,6
16801,9
16832,5
16833,8
16834,5
16863,4
16880,8
16884,9
16886,4
16887,1
16888,0
16889,6
16891,6
16899,4
16966,7
17008,6
17009,0
17014,6
17036,8
17058,1
17061,9
17108,0
17121,8
17166,9
17167,9
17241,2
17259,1
17276,4
17305,1
17309,6
17352,3
17378,1
17397,6
17406,4
17432,2
17437,9
17442,3
17452,0
17466,0
17493,4
17550,9
17563,6
17599,1
17605,1
17668,8
17670,6
17738,0
17753,3
17791,4
17821,2
17825,8
17827,9
17834,1
17843,6
17847,1
17866,7
17901,3
17908,3
17914,5
17973,2
18017,2
18022,0
18065,2
18102,0
18109,8
18141,5
18142,7
18147,2
18159,0
18198,2
18215,2
18227,3
18277,9
18290,2
18329,5
18338,8
18340,5
18344,6
18352,1
18355,9
18364,5
18423,2
18428,6
18469,7
18487,4
18488,1
18517,6
18518,5
18613,2
18632,2
18645,0
18713,2
18730,4
18741,1
18760,1
18769,5
18778,5
18798,8
18804,2
18805,3
18830,1
18836,0
18852,1
18924,3
18934,5
18972,2
18977,3
18987,1
18989,0
19008,0
19041,8
19056,5
19065,8
19067,8
19083,5
19086,7
19099,1
19109,9
19121,4
19145,1
19147,9
19161,4
19168,1
19201,8
19211,1
19293,6
19299,4
19309,6
19326,3
19404,4
19409,7
19417,9
19439,0
19469,5
19484,4
19493,7
19494,9
19511,7
19521,4
19524,2
19528,1
19529,5
19538,8
19540,8
19556,2
19560,9
19566,8
19571,6
19587,2
19597,9
19649,0
19650,8
19652,1
19665,8
19676,5
19680,2
19696,9
19707,9
19761,6
19788,6
19803,3
19811,0
19813,4
19822,0
19840,4
19906,8
19918,1
19920,5
19935,0
19966,1
19976,3
19989,7
20009,3
20067,7
20110,4
20180,4
20202,9
20217,8
20254,9
20264,9
20268,2
20272,6
20283,0
20289,2
20315,8
20324,6
20328,8
20341,9
20356,3
20378,3
20381,5
20407,0
20452,7
20469,6
20487,0
20489,6
20510,0
20519,9
20534,5
20599,4
20604,1
20613,2
20627,1
20629,2
20638,9
20670,3
20680,4
20681,0
20689,9
20693,5
20725,8
20730,4
20752,3
20754,5
20768,4
20822,6
20866,7
20895,0
20902,3
20909,7
20913,1
20916,6
20947,0
20953,0
21005,5
21024,2
21029,0
21031,1
21052,1
21053,2
21102,3
21108,9
21133,7
21137,0
21142,0
21145,9
21234,6
21276,5
21313,7
21343,0
21370,3
21373,6
21379,1
21384,8
21385,5
21419,6
21439,5
21442,4
21444,2
21470,2
21477,1
21480,4
21532,5
21539,3
21556,8
21562,9
21570,3
21575,1
21578,8
21580,3
21591,9
21663,8
21667,6
21680,1
21701,7
21785,8
21806,5
21809,0
21833,5
21930,3
21941,6
21964,1
21972,1
21989,5
22002,3
22013,0
22018,7
22020,5
22033,5
22040,0
22042,5
22083,2
22102,5
22103,3
22122,3
22126,3
22133,2
22134,7
22137,1
22149,3
22151,8
22156,5
22159,0
22204,3
22244,5
22248,1
22272,5
22292,8
22301,7
22339,6
22347,1
22367,4
22372,4
22389,8
22405,0
22432,0
22435,6
22446,2
22449,6
22454,7
22485,9
22487,0
22488,3
22509,5
22517,5
22531,4
22534,7
22536,3
22564,4
22608,7
22611,2
22622,5
22645,4
22652,4
22713,2
22718,6
22762,9
22817,7
22820,6
22848,1
22864,2
22872,6
22936,6
22938,0
22964,3
23007,5
23035,8
23046,3
23058,2
23067,0
23135,4
23145,9
23216,2
23242,3
23278,9
23281,3
23288,8
23339,4
23381,7
23386,7
23418,5
23441,2
23605,8
23615,4
23674,8
23697,6
23700,3
23701,2
23742,6
23751,1
23761,4
23774,6
23775,1
23797,2
23798,7
23811,7
23822,1
23833,8
23846,2
23862,1
23872,1
23949,6
23996,5
24004,5
24019,4
24044,7
24062,9
24073,8
24080,1
24122,1
24146,6
24167,8
24251,3
24252,5
24254,7
24264,3
24361,5
24365,4
24384,7
24389,0
24392,6
24394,5
24414,3
24421,5
24429,0
24434,7
24436,1
24534,8
24536,1
24539,3
24546,2
24551,2
24554,6
24590,4
24602,2
24617,1
24625,1
24660,5
24670,7
24713,4
24727,7
24735,3
24787,3
24812,5
24830,7
24834,1
24847,5
24855,4
24861,0
24891,9
24917,7
24941,4
24943,3
24947,9
24948,6
25010,6
25014,4
25024,0
25033,3
25039,0
25042,1
25050,4
25070,7
25092,0
25106,3
25114,4
25140,7
25141,6
25165,6
25221,2
25224,9
25259,5
25275,8
25297,6
25316,6
25322,1
25335,5
25350,7
25367,9
25389,0
25434,1
25458,7
25468,5
25483,5
25493,9
25526,2
25551,2
25607,8
25618,2
25637,9
25647,8
25650,0
25692,8
25711,5
25727,7
25745,1
25755,0
25757,0
25765,5
25801,9
25828,9
25857,1
25893,6
25910,1
25946,9
25948,1
25952,0
25965,9
26015,4
26037,5
26038,0
26049,7
26057,3
26061,8
26117,0
26120,2
26136,8
26143,5
26176,0
26208,3
26221,2
26248,8
26258,0
26262,0
26275,9
26277,0
26309,4
26327,8
26355,2
26402,6
26405,9
26409,1
26415,0
26423,7
26437,5
26442,7
26451,5
26474,8
26479,1
26566,9
26612,9
26617,1
26646,2
26651,3
26663,9
26703,9
26715,3
26717,1
26734,7
26740,2
26745,1
26758,4
26781,3
26793,5
26828,9
26846,9
26858,4
26861,9
26889,6
26907,2
26909,3
26919,8
26922,2
26926,5
26952,8
27025,1
27037,9
27067,3
27071,1
27080,4
27090,6
27123,1
27129,4
27153,0
27162,2
27176,5
27191,9
27246,0
27262,1
27268,6
27272,4
27333,3
27371,4
27380,0
27385,2
27394,0
27395,0
27427,0
27483,6
27491,6
27520,2
27559,6
27566,9
27591,4
27657,1
27683,7
27692,9
27720,0
27731,9
27748,9
27755,3
27761,2
27763,3
27770,2
27791,2
27846,9
27870,3
27903,5
27915,2
27988,3
27994,8
28019,1
28026,3
28036,4
28039,6
28054,8
28056,1
28079,0
28089,4
28099,1
28106,7
28107,3
28109,4
28115,6
28121,4
28156,2
28169,2
28189,2
28195,9
28203,0
28219,7
28254,5
28271,5
28277,5
28278,2
28292,1
28330,9
28357,0
28363,4
28384,5
28395,5
28400,6
28435,6
28477,5
28487,4
28514,7
28596,5
28612,0
28633,3
28644,6
28649,1
28659,6
28703,4
28706,4
28732,5
28739,8
28741,6
28742,8
28751,8
28762,5
28815,1
28831,1
28850,6
28905,6
28920,2
28991,7
29019,2
29022,8
29029,5
29032,7
29049,5
29051,7
29070,8
29079,6
29103,7
29110,9
29122,4
29147,6
29148,0
29177,0
29187,0
29198,8
29268,5
29300,3
29308,5
29328,9
29345,0
29407,1
29441,6
29448,1
29530,4
29535,8
29537,6
29559,0
29563,8
29594,2
29597,6
29600,4
29617,4
29618,8
29621,0
29633,7
29642,3
29698,2
29702,8
29709,7
29710,9
29721,4
29804,5
29823,3
29825,1
29854,4
29868,9
29886,8
29891,6
29895,0
29952,1
29985,0
29989,8
29991,3
30020,5
30051,0
30077,3
30082,5
30116,8
30125,5
30135,9
30253,4
30260,7
30284,3
30301,1
30374,8
30375,3
30378,9
30434,0
30488,5
30515,3
30572,5
30583,9
30609,2
30610,7
30611,3
30650,3
30658,4
30665,0
30738,8
30742,1
30750,9
30754,3
30764,7
30776,9
30806,8
30835,4
30844,8
30903,5
30931,2
30956,6
30983,5
31009,7
31032,3
31052,4
31054,6
31057,9
31064,7
31070,2
31077,9
31101,7
31107,9
31125,7
31130,9
31139,8
31192,7
31196,7
31203,6
31241,2
31250,1
31352,5
31379,3
31453,4
31470,0
31477,7
31480,9
31484,4
31528,8
31547,7
31572,6
31577,6
31578,1
31599,8
31602,3
31624,9
31663,1
31671,7
31760,8
31779,5
31790,4
31834,9
31845,8
31883,4
31887,1
31935,2
31976,5
31998,6
32006,6
32065,2
32066,9
32075,2
32077,2
32093,8
32095,7
32096,1
32097,0
32135,2
32171,3
32258,5
32259,8
32266,7
32293,0
32302,6
32344,5
32345,6
32365,1
32397,5
32398,3
32424,2
32442,4
32452,8
32458,4
32475,2
32492,5
32515,7
32608,7
32617,8
32657,4
32713,9
32756,1
32770,8
32817,6
32841,6
32850,3
32870,5
32940,3
32966,0
33033,5
33067,7
33085,2
33089,8
33109,7
33150,8
33156,9
33209,6
33214,0
33223,3
33266,1
33289,8
33314,6
33326,1
33354,1
33400,3
33450,6
33468,3
33514,8
33533,8
33534,0
33545,4
33566,3
33574,4
33575,5
33583,3
33590,3
33626,4
33633,3
33644,2
33687,0
33697,2
33709,3
33731,4
33757,9
33780,8
33785,2
33802,8
33814,6
33845,3
33883,8
33885,7
33887,6
33946,8
33975,6
34008,1
34046,6
34082,5
34107,8
34115,5
34117,6
34140,3
34153,7
34159,5
34182,2
34203,3
34228,2
34252,2
34285,6
34321,9
34326,2
34355,0
34360,6
34410,7
34413,6
34449,4
34453,5
34454,7
34470,1
34510,8
34585,1
34594,8
34595,1
34596,4
34611,4
34643,2
34700,6
34709,4
34714,0
34718,2
34733,4
34763,8
34765,6
34816,6
34853,3
34877,5
34904,0
34912,8
34941,7
34942,9
35014,2
35029,5
35033,6
35040,5
35047,6
35083,8
35115,4
35117,5
35120,8
35137,2
35142,4
35213,6
35233,9
35251,8
35254,4
35295,8
35299,1
35327,0
35341,9
35347,2
35352,1
35357,1
35364,8
35373,2
35381,3
35412,4
35431,0
35501,8
35506,9
35510,2
35560,7
35611,5
35616,6
35617,8
35658,3
35681,0
35731,7
35767,8
35780,4
35808,6
35847,8
35852,4
35857,0
35861,6
35869,3
35876,3
35881,3
35947,2
35979,3
36002,6
36020,8
36021,3
36038,6
36075,4
36097,4
36110,1
36122,9
36124,1
36132,3
36148,9
36149,3
36188,7
36201,9
36216,3
36253,5
36303,5
36340,7
36375,2
36379,4
36390,6
36393,0
36427,3
36439,6
36446,6
36485,2
36500,9
36545,7
36610,8
36612,7
36642,5
36671,3
36673,6
36674,4
36679,9
36725,6
36767,7
36781,2
36800,5
36828,8
36856,7
36862,3
36877,4
36922,9
36942,2
36946,3
36957,3
36980,6
36988,9
36992,1
37002,9
37007,2
37018,6
37068,7
37083,2
37087,4
37153,0
37241,2
37254,6
37260,3
37285,1
37350,6
37384,1
37403,2
37407,5
37431,8
37440,2
37448,5
37462,2
37487,4
37498,9
37501,2
37507,5
37546,4
37547,1
37574,5
37576,6
37636,3
37645,4
37658,3
37674,1
37677,0
37682,9
37686,0
37712,4
37713,7
37726,5
37747,4
37748,9
37758,0
37783,8
37801,6
37810,8
37817,5
37833,7
37844,0
37848,3
37851,4
37856,0
37871,7
37889,3
37894,5
37907,4
37948,1
38006,9
38012,4
38042,0
38051,9
38069,8
38072,4
38110,0
38162,0
38175,4
38193,3
38218,3
38223,3
38253,4
38257,7
38268,2
38287,5
38341,3
38374,7
38377,3
38407,4
38459,5
38502,7
38529,3
38568,4
38575,7
38579,0
38581,8
38625,9
38632,9
38639,7
38729,0
38730,6
38783,7
38787,1
38801,5
38808,0
38820,6
38836,7
38854,6
38856,6
38895,6
38927,3
38932,5
38953,2
38973,4
39018,1
39079,2
39087,6
39091,8
39122,3
39131,8
39141,8
39188,6
39211,5
39246,7
39249,2
39257,7
39258,6
39308,8
39323,2
39358,7
39359,3
39364,1
39423,9
39462,1
39478,8
39533,1
39545,2
39546,1
39556,5
39574,5
39601,6
39643,7
39646,1
39665,6
39673,2
39694,9
39728,3
39734,2
39773,5
39776,1
39783,4
39817,0
39822,9
39837,6
39873,8
39890,0
39917,7
39945,5
40086,1
40096,2
40100,3
40107,2
40129,2
40139,6
40143,7
40145,9
40166,3
40229,6
40261,8
40266,0
40283,9
40309,4
40345,2
40346,5
40349,6
40376,2
40377,1
40410,8
40423,1
40432,5
40437,8
40443,1
40538,6
40553,8
40578,3
40585,9
40615,1
40638,7
40640,5
40648,0
40666,9
40700,7
40725,1
40815,2
40841,2
40853,2
40867,4
40903,4
40950,4
40959,5
40975,2
41013,8
41014,9
41027,0
41037,2
41096,4
41122,0
41135,9
41142,6
41152,5
41154,8
41161,7
41187,0
41230,5
41249,1
41261,6
41262,6
41274,9
41302,9
41304,8
41314,5
41335,2
41338,0
41357,0
41365,7
41372,1
41379,7
41381,4
41400,6
41422,9
41434,9
41440,4
41441,8
41489,2
41491,3
41492,1
41495,8
41505,8
41558,7
41580,4
41587,5
41602,5
41620,0
41679,8
41684,9
41700,7
41702,2
41711,6
41729,0
41759,5
41798,5
41831,8
41864,4
41956,1
41970,5
42006,8
42012,2
42046,5
42051,8
42069,9
42084,0
42087,3
42103,6
42121,5
42157,0
42166,6
42174,6
42213,4
42232,5
42253,6
42264,3
42280,2
42287,5
42293,9
42298,9
42338,5
42368,7
42371,1
42373,2
42376,9
42380,1
42388,8
42390,5
42440,1
42507,4
42515,8
42542,9
42554,5
42674,0
42677,3
42738,9
42743,9
42748,7
42762,5
42763,7
42787,4
42811,7
42885,2
42886,3
42887,2
42932,1
42939,7
42981,0
43004,8
43010,4
43019,7
43054,6
43061,6
43075,7
43076,3
43085,1
43109,8
43130,4
43135,3
43150,4
43152,4
43192,3
43193,9
43221,5
43235,3
43243,0
43279,7
43288,7
43294,2
43302,4
43309,0
43318,5
43336,1
43345,2
43399,6
43418,0
43419,9
43437,6
43450,2
43457,6
43480,1
43483,7
43486,2
43605,6
43667,9
43680,5
43689,2
43701,0
43712,0
43713,4
43746,1
43765,9
43768,2
43789,2
43809,5
43818,2
43822,6
43830,9
43844,1
43865,3
43887,1
43900,8
43923,7
43925,6
43931,6
43932,0
43945,8
43946,5
43956,7
43964,2
43982,9
44003,5
44034,3
44072,8
44079,1
44099,5
44119,6
44150,7
44151,1
44158,1
44180,8
44184,0
44191,3
44196,8
44204,6
44209,2
44224,4
44263,5
44269,1
44286,8
44294,4
44319,6
44333,0
44335,0
44336,6
44337,6
44342,4
44369,1
44467,8
44480,5
44483,6
44497,3
44507,8
44519,3
44569,1
44576,8
44581,4
44618,9
44619,0
44631,8
44638,8
44639,2
44679,1
44715,6
44716,3
44753,5
44763,9
44786,1
44791,4
44819,5
44847,2
44861,8
44866,8
44871,0
44876,1
44884,9
44910,5
44917,0
45006,1
45014,7
45049,5
45057,8
45067,6
45069,4
45079,3
45088,3
45100,4
45137,4
45139,5
45154,6
45171,3
45189,0
45209,6
45213,4
45225,6
45240,1
45242,9
45259,2
45279,7
45293,8
45295,5
45306,2
45324,6
45327,3
45331,1
45337,9
45345,9
45358,2
45393,5
45447,6
45458,8
45515,0
45533,7
45539,0
45603,9
45612,3
45647,8
45650,1
45659,1
45665,1
45672,2
45691,7
45710,8
45731,5
45764,3
45790,1
45819,2
45849,8
45917,9
45918,8
45929,2
46040,1
46043,6
46059,4
46103,1
46124,4
46176,9
46193,9
46228,3
46262,2
46264,7
46311,7
46312,5
46314,4
46321,7
46357,4
46373,9
46411,6
46435,9
46450,8
46509,5
46523,3
46531,5
46543,2
46544,5
46560,0
46568,4
46577,4
46607,7
46674,3
46737,7
46783,2
46791,8
46815,3
46838,3
46853,3
46864,8
46897,8
46946,9
46953,3
47001,4
47011,6
47035,1
47049,7
47100,8
47109,4
47112,6
47121,4
47123,3
47128,4
47133,6
47147,6
47175,4
47203,7
47243,1
47245,3
47258,2
47273,2
47275,0
47289,0
47303,7
47322,8
47330,4
47371,0
47373,1
47381,5
47403,9
47414,5
47437,6
47473,0
47476,0
47501,1
47505,8
47513,0
47574,6
47585,2
47589,4
47601,1
47607,4
47610,2
47624,5
47638,1
47662,9
47668,1
47676,3
47720,3
47736,0
47756,0
47774,6
47784,1
47808,6
47813,9
47822,0
47838,3
47865,9
47866,5
47886,8
47889,5
47925,3
47935,1
47966,2
47976,0
47979,3
47985,1
48021,8
48033,6
48064,3
48077,9
48078,5
48115,8
48122,7
48146,7
48177,1
48194,4
48203,8
48210,0
48239,6
48250,7
48285,8
48350,0
48387,6
48391,2
48402,4
48404,7
48419,0
48429,9
48450,7
48477,9
48577,9
48585,7
48701,3
48718,9
48791,0
48793,1
48804,9
48809,6
48815,0
48832,7
48833,4
48879,6
48901,3
48904,3
48921,5
48928,4
48937,4
48939,5
48979,7
49001,4
49004,6
49053,7
49082,3
49083,6
49095,8
49107,5
49178,6
49190,5
49198,1
49199,0
49209,7
49218,0
49224,0
49235,7
49271,4
49287,3
49309,4
49319,9
49325,4
49336,0
49355,1
49407,8
49424,5
49450,3
49472,7
49478,6
49489,9
49504,1
49508,5
49561,0
49569,1
49612,1
49615,7
49639,0
49643,2
49666,7
49672,5
49674,2
49688,4
49689,5
49696,9
49704,8
49727,2
49751,8
49754,4
49783,5
49795,2
49820,5
49829,7
49846,7
49914,2
49954,0
50002,6
50024,0
50072,0
50084,9
50086,6
50093,6
50106,8
50109,4
50113,6
50124,9
50149,4
50152,4
50153,2
50160,6
50204,9
50212,3
50299,4
50302,8
50307,8
50327,8
50344,0
50409,5
50430,5
50436,9
50445,9
50454,2
50462,9
50507,5
50512,8
50569,5
50590,6
50641,5
50650,5
50677,5
50734,5
50801,4
50814,2
50819,4
50840,2
50852,0
50885,3
50887,5
50921,6
50928,1
50931,1
50937,4
50944,0
50969,3
50984,7
50990,0
50994,7
50997,9
51024,0
51039,5
51046,4
51048,1
51061,0
51067,1
51111,4
51163,8
51191,6
51206,1
51209,9
51214,2
51217,3
51302,8
51322,7
51330,8
51335,7
51336,0
51339,5
51345,5
51365,0
51369,1
51417,1
51459,8
51513,8
51529,1
51538,6
51550,2
51587,0
51608,2
51622,4
51644,9
51654,9
51665,8
51698,2
51723,4
51735,2
51738,2
51752,7
51840,9
51866,0
51882,1
51927,7
51949,1
51950,5
51977,6
51982,9
52000,6
52021,0
52027,3
52028,0
52078,1
52095,0
52162,7
52208,2
52211,4
52224,2
52232,9
52268,1
52272,3
52279,4
52287,3
52299,4
52305,0
52326,5
52328,9
52332,5
52378,3
52421,6
52425,8
52504,6
52507,5
52517,4
52529,5
52541,6
52576,9
52582,2
52622,1
52634,2
52645,6
52653,9
52716,0
52738,1
52739,5
52740,3
52855,4
52861,7
52918,6
52929,9
52930,0
52938,2
52995,0
53006,8
53021,7
53036,8
53105,2
53109,4
53127,6
53131,8
53140,1
53153,6
53172,5
53215,6
53246,3
53259,2
53268,5
53364,4
53367,2
53376,3
53395,1
53397,9
53406,6
53438,9
53446,4
53449,4
53552,5
53611,1
53655,4
53667,1
53672,8
53701,8
53735,9
53756,8
53764,9
53781,7
53784,9
53803,3
53879,2
53901,2
53921,2
53924,0
53964,9
53969,6
53975,3
53982,0
54013,3
54037,7
54056,8
54062,3
54068,6
54081,9
54098,9
54120,8
54128,2
54210,1
54238,2
54251,9
54261,9
54277,2
54278,7
54300,9
54328,0
54333,6
54365,7
54393,1
54416,1
54427,4
54438,1
54448,2
54455,4
54490,6
54504,9
54506,1
54530,3
54553,2
54573,2
54609,0
54613,2
54617,4
54619,5
54631,1
54645,8
54646,6
54659,5
54699,6
54708,1
54734,7
54746,3
54807,4
54831,2
54856,3
54901,1
54907,6
54932,5
54933,6
54987,2
55019,6
55075,5
55128,8
55136,4
55159,9
55160,4
55182,8
55224,9
55237,7
55282,4
55291,7
55296,9
55303,4
55323,4
55378,3
55392,8
55413,7
55476,7
55477,9
55504,2
55566,3
55568,9
55571,9
55624,0
55654,4
55736,4
55740,1
55743,3
55748,5
55756,7
55765,0
55818,5
55844,3
55877,4
55893,3
55937,3
55943,6
55955,1
55957,9
55962,3
55979,8
55982,2
55988,1
56026,8
56045,5
56053,3
56091,8
56101,0
56109,7
56113,5
56129,0
56167,7
56170,8
56254,8
56297,3
56317,9
56320,4
56353,0
56370,5
56380,4
56390,7
56401,9
56407,5
56426,7
56439,7
56462,7
56512,0
56572,1
56622,9
56639,0
56649,9
56684,9
56726,9
56741,3
56755,0
56788,9
56804,5
56814,7
56828,7
56837,7
56838,5
56850,7
56853,4
56856,4
56881,8
56918,6
56947,5
56950,0
56976,8
56989,0
57009,3
57018,9
57043,4
57093,8
57104,2
57105,2
57121,8
57133,8
57158,6
57177,7
57184,4
57216,8
57231,5
57262,2
57270,2
57276,8
57279,4
57290,9
57299,9
57302,5
57344,7
57402,3
57410,1
57422,4
57436,1
57458,7
57459,4
57466,4
57486,0
57504,7
57508,6
57513,8
57523,3
57570,7
57600,7
57637,4
57658,2
57659,0
57676,7
57690,4
57703,7
57757,0
57791,6
57792,7
57884,7
57934,4
57951,5
57958,7
57959,6
57966,2
57968,1
57974,3
58001,3
58014,0
58088,9
58120,1
58135,2
58146,0
58147,1
58154,5
58207,1
58214,7
58238,1
58239,8
58257,3
58274,9
58285,0
58299,7
58306,0
58346,7
58352,6
58365,5
58367,7
58370,6
58420,4
58428,5
58473,6
58482,4
58491,3
58494,2
58509,9
58551,4
58554,6
58594,0
58609,0
58628,2
58650,4
58676,7
58680,9
58681,7
58701,7
58735,9
58738,0
58768,0
58828,9
58838,9
58856,8
58872,5
58895,4
58910,2
58911,6
58912,7
58913,1
58918,9
58937,3
58975,7
58979,9
58997,6
59009,2
59016,3
59018,8
59049,8
59072,8
59120,3
59223,2
59234,5
59283,4
59303,8
59316,2
59344,9
59354,1
59389,7
59406,5
59433,0
59448,6
59452,0
59483,6
59494,7
59511,8
59611,7
59622,8
59623,4
59642,6
59688,1
59698,2
59727,4
59734,2
59773,1
59775,6
59796,1
59828,3
59830,7
59835,9
59896,2
59921,3
59926,8
59930,3
59972,0
59993,5
