9,4
22,9
44,3
62,6
68,0
86,3
94,8
96,7
119,0
140,7
148,7
149,3
173,5
189,2
236,5
309,1
323,6
335,5
341,3
359,0
417,5
427,0
439,8
458,0
459,3
493,2
502,5
503,8
504,5
526,0
561,3
563,2
568,2
597,6
607,6
632,7
680,4
683,7
708,8
710,1
711,1
716,2
742,4
748,5
792,8
827,9
845,5
871,1
893,2
904,7
911,7
937,4
974,9
985,5
986,6
1043,7
1133,4
1172,4
1206,5
1223,8
1227,4
1229,7
1362,8
1367,0
1395,2
1396,9
1403,0
1421,9
1431,4
1521,1
1522,9
1545,4
1554,4
1586,7
1617,6
1643,9
1645,0
1664,0
1678,0
1725,0
1727,2
1730,7
1749,8
1757,9
1788,8
1801,6
1816,1
1826,9
1844,6
1870,3
1875,9
1876,0
1940,9
2001,8
2003,4
2029,3
2039,1
2045,1
2047,1
2096,6
2137,9
2156,6
2158,6
2177,1
2179,3
2182,5
2187,7
2198,1
2206,4
2213,7
2233,3
2258,5
2291,6
2333,0
2342,2
2384,8
2408,3
2438,9
2445,5
2462,1
2473,0
2514,9
2515,5
2523,6
2544,5
2561,0
2573,6
2575,7
2597,0
2663,1
2740,3
2748,2
2809,4
2821,9
2822,6
2856,4
2884,6
2885,5
2937,1
2941,3
2952,0
3077,2
3079,7
3103,1
3130,1
3159,3
3164,9
3211,8
3224,2
3259,0
3303,9
3328,0
3377,0
3378,5
3392,6
3398,9
3427,1
3449,6
3453,5
3496,4
3500,5
3563,5
3590,0
3623,6
3666,4
3681,5
3688,8
3707,3
3730,8
3731,7
3756,3
3768,5
3792,8
3837,4
3852,9
3865,8
3873,6
3895,7
3939,6
3995,3
4005,2
4024,7
4038,4
4041,7
4045,9
4139,8
4188,6
4189,7
4198,6
4214,6
4227,7
4236,3
4272,8
4275,8
4282,8
4331,7
4369,3
4370,8
4423,4
4439,4
4455,0
4468,8
4482,8
4492,1
4548,7
4560,6
4609,8
4635,6
4652,8
4670,5
4694,3
4705,8
4730,4
4753,2
4762,3
4786,5
4826,9
4835,2
4893,7
4897,7
4952,4
4957,3
4971,1
5056,5
5075,1
5100,7
5114,1
5154,0
5197,7
5245,1
5252,3
5260,6
5302,7
5308,7
5359,3
5363,5
5377,2
5380,2
5445,4
5449,2
5488,0
5542,3
5561,6
5574,8
5591,5
5602,2
5649,3
5744,2
5760,1
5795,7
5797,9
5828,5
5835,4
5845,2
5846,6
5853,8
5854,4
5912,7
5921,0
5923,3
5954,4
5956,6
5969,4
5970,3
6021,1
6035,4
6056,2
6066,8
6077,5
6087,7
6137,0
6154,4
6182,3
6228,0
6237,5
6241,7
6247,1
6271,4
6306,9
6316,0
6326,0
6333,7
6386,2
6391,2
6394,0
6408,1
6429,4
6454,4
6478,2
6533,8
6550,7
6551,6
6592,3
6673,6
6679,9
6685,2
6696,7
6804,4
6809,3
6817,4
6827,3
6859,1
6862,7
6881,7
6888,5
6899,2
6970,0
7001,7
7048,8
7049,6
7072,2
7119,1
7142,8
7145,4
7154,5
7187,2
7189,3
7194,9
7216,5
7217,9
7219,0
7226,7
7238,5
7240,1
7248,4
7249,5
7256,9
7292,2
7299,4
7332,3
7335,9
7376,8
7392,2
7408,2
7417,4
7422,3
7441,8
7442,4
7488,8
7493,6
7498,5
7525,7
7532,1
7577,6
7595,5
7603,1
7625,3
7626,3
7695,2
7704,8
7734,4
7735,5
7744,6
7753,0
7791,9
7837,1
7845,5
7890,9
7899,7
7900,5
7939,2
7955,4
7979,8
8124,1
8149,6
8171,8
8199,9
8211,2
8221,8
8227,3
8234,8
8255,1
8258,1
8267,7
8286,7
8296,1
8299,8
8327,8
8342,2
8392,5
8401,7
8426,5
8439,9
8458,4
8465,8
8475,3
8476,7
8499,7
8502,7
8516,7
8517,7
8542,1
8545,0
8585,9
8632,2
8644,4
8653,0
8655,7
8658,6
8660,1
8675,8
8691,2
8696,4
8707,2
8727,2
8748,5
8755,4
8775,4
8776,9
8845,7
8873,1
8877,0
8888,3
8889,8
8906,4
8909,5
8930,4
9002,9
9003,0
9029,4
9037,3
9039,1
9068,6
9070,9
9075,6
9088,8
9156,6
9166,0
9174,6
9193,2
9225,9
9233,6
9246,2
9285,8
9338,6
9373,7
9409,6
9415,1
9445,7
9466,3
9470,7
9489,2
9496,4
9515,5
9534,6
9565,5
9608,8
9620,3
9625,2
9629,6
9638,3
9653,1
9743,5
9749,8
9764,8
9768,7
9783,5
9793,7
9802,6
9805,8
9809,2
9811,8
9842,1
9872,6
9873,8
9880,4
9882,7
9911,7
9918,8
9919,5
9931,4
9944,8
9956,8
9976,4
10100,2
10102,9
10136,1
10142,9
10144,3
10154,7
10206,3
10226,5
10248,1
10275,6
10288,5
10298,6
10312,2
10316,5
10346,1
10362,1
10375,6
10379,8
10425,0
10432,5
10440,6
10441,5
10443,9
10454,3
10494,4
10509,5
10524,9
10549,4
10558,4
10597,9
10601,1
10646,9
10647,3
10669,1
10684,1
10697,6
10706,9
10717,9
10721,9
10727,7
10744,7
10778,4
10793,6
10796,3
10813,6
10843,6
10905,8
10909,0
10920,2
10943,5
10955,9
10974,0
10980,6
10984,3
10989,7
10995,5
11072,0
11084,2
11086,2
11092,7
11096,9
11106,2
11149,8
11184,4
11199,9
11243,2
11289,6
11309,7
11322,8
11335,0
11347,6
11374,8
11377,3
11381,4
11402,5
11406,8
11436,2
11440,1
11462,0
11481,3
11498,7
11500,5
11527,9
11550,9
11571,6
11609,5
11628,9
11681,8
11691,6
11743,1
11768,7
11775,9
11821,7
11840,9
11845,0
11922,5
11999,3
12010,8
12026,8
12029,9
12033,4
12040,1
12058,4
12063,3
12068,6
12081,7
12095,0
12097,5
12132,1
12135,2
12162,9
12181,5
12226,1
12235,8
12258,6
12262,6
12268,8
12293,7
12324,0
12360,0
12372,2
12373,7
12379,8
12384,4
12387,0
12396,4
12408,7
12413,7
12447,2
12473,8
12553,0
12563,9
12591,1
12596,6
12668,7
12716,0
12745,2
12753,9
12758,6
12766,2
12767,9
12770,5
12775,3
12789,9
12818,5
12827,4
12859,2
12889,9
12895,3
12906,2
12933,3
12935,4
12937,5
12966,4
12968,3
13010,6
13018,8
13022,2
13086,2
13088,9
13096,9
13107,1
13156,2
13198,2
13280,0
13334,1
13367,4
13404,5
13406,2
13414,9
13417,3
13433,1
13434,2
13453,1
13465,9
13487,1
13511,6
13539,4
13555,7
13556,1
13606,2
13616,9
13627,2
13652,9
13669,8
13672,9
13689,1
13709,6
13717,9
13719,0
13730,0
13733,1
13791,9
13805,9
13806,9
13813,6
13814,7
13844,2
13874,0
13881,6
13924,8
13931,3
13933,7
13949,9
13954,8
13993,3
13995,6
13997,9
14026,3
14069,5
14071,6
14108,2
14109,6
14168,5
14174,2
14185,4
14202,0
14211,8
14229,0
14237,6
14239,9
14244,2
14252,1
14256,6
14264,2
14269,0
14307,7
14323,0
14330,6
14339,6
14344,6
14406,8
14421,6
14447,3
14452,8
14517,2
14541,1
14545,0
14561,1
14590,7
14596,2
14607,9
14632,6
14634,6
14654,4
14667,9
14674,3
14684,7
14696,9
14707,5
14714,5
14715,4
14723,0
14734,1
14739,4
14744,9
14759,1
14791,8
14823,3
14825,3
14922,9
14931,9
14934,9
14975,8
14999,7
15023,4
15050,8
15057,2
15060,0
15066,5
15097,3
15100,4
15108,0
15139,3
15163,3
15197,5
15290,1
15334,6
15340,7
15381,9
15402,5
15413,9
15426,4
15431,6
15451,1
15518,7
15525,4
15550,1
15551,4
15565,6
15578,1
15592,9
15619,0
15640,8
15648,0
15712,2
15730,1
15747,3
15759,0
15874,5
15878,1
15885,1
15896,6
15909,7
15921,1
15930,3
15951,6
15968,3
15990,3
16056,6
16069,8
16086,1
16107,1
16110,1
16126,5
16154,8
16191,3
16204,1
16223,8
16232,8
16250,9
16290,4
16344,3
16354,0
16358,5
16380,5
16381,1
16399,4
16401,7
16422,9
16427,3
16452,6
16466,4
16481,9
16530,3
16547,2
16562,1
16563,0
16599,6
16614,1
16652,4
16665,1
16690,2
16698,5
16735,1
16754,2
16777,0
16778,9
16820,8
16835,1
16843,7
16890,6
16918,9
16948,2
16952,2
16978,7
16981,9
17041,3
17066,6
17071,2
17073,5
17145,8
17183,7
17198,4
17218,4
17253,3
17268,4
17288,3
17294,5
17333,3
17377,9
17388,7
17396,6
17400,5
17413,1
17415,4
17422,1
17471,3
17525,7
17531,9
17551,9
17557,7
17575,3
17582,3
17604,4
17619,6
17632,3
17640,4
17689,9
17701,4
17714,7
17729,2
17735,7
17803,8
17812,1
17834,1
17835,6
17842,4
17855,6
17867,6
17870,4
17904,3
17919,8
17989,9
18004,3
18023,6
18094,6
18118,9
18122,7
18149,6
18160,7
18163,1
18197,5
18206,2
18214,8
18242,8
18244,3
18255,2
18256,1
18264,2
18278,0
18295,0
18296,9
18297,4
18307,3
18313,5
18337,0
18385,4
18461,0
18467,8
18486,0
18491,8
18523,8
18527,3
18576,6
18613,2
18625,6
18627,3
18646,3
18716,6
18717,4
18721,6
18733,9
18745,4
18784,7
18802,3
18820,9
18821,6
18827,3
18882,5
18894,7
18942,1
18960,3
18965,3
19033,4
19084,2
19112,4
19115,2
19169,3
19179,0
19182,8
19185,9
19186,5
19188,1
19189,0
19190,9
19191,2
19192,4
19196,6
19208,6
19230,3
19232,2
19242,8
19248,2
19268,9
19284,7
19288,5
19300,9
19303,0
19319,5
19350,8
19364,5
19367,8
19377,3
19378,4
19380,4
19391,2
19401,4
19411,1
19417,9
19419,0
19423,2
19452,1
19467,4
19497,5
19503,6
19548,3
19575,3
19576,9
19663,7
19743,9
19757,9
19852,5
19859,0
19871,0
19879,8
19921,3
19946,6
19957,4
19973,5
19975,4
19980,5
19983,4
19997,1
20003,3
20007,2
20036,1
20072,3
20077,2
20081,6
20090,7
20107,8
20163,1
20164,9
20165,2
20172,4
20238,0
20248,9
20344,3
20366,9
20394,1
20395,2
20412,8
20452,7
20510,0
20538,3
20547,5
20578,8
20596,6
20603,6
20619,7
20647,6
20650,4
20654,1
20665,4
20692,9
20696,4
20711,4
20713,0
20733,6
20766,7
20770,2
20786,2
20806,6
20808,6
20825,9
20868,3
20883,7
20907,4
20925,9
20926,3
20928,0
20976,5
20977,7
20979,0
20984,6
20992,2
21001,3
21049,0
21087,9
21109,1
21127,1
21139,5
21167,9
21224,9
21231,8
21254,2
21302,9
21309,5
21338,5
21343,0
21359,3
21374,4
21402,1
21430,4
21440,5
21443,2
21448,4
21471,9
21491,4
21522,2
21537,2
21555,1
21556,8
21620,0
21653,4
21677,5
21748,9
21798,2
21822,4
21826,8
21838,6
21843,7
21856,6
21866,3
21868,8
21874,0
21875,4
21890,0
21898,0
21904,7
21925,8
21933,0
21934,6
21938,3
21941,6
21962,8
21972,1
22019,2
22039,8
22045,1
22051,4
22067,2
22084,6
22094,7
22103,3
22108,9
22110,9
22124,2
22130,5
22151,8
22162,3
22163,8
22166,8
22194,5
22262,4
22294,0
22298,6
22378,0
22411,2
22413,3
22415,3
22425,6
22486,2
22492,3
22493,3
22564,4
22622,5
22637,0
22656,1
22661,2
22668,3
22674,3
22703,8
22705,1
22713,2
22724,8
22755,8
22798,1
22817,7
22827,5
22845,5
22847,1
22864,2
22867,5
22869,6
22922,2
22924,8
22926,1
23049,6
23065,5
23066,5
23068,7
23079,2
23123,5
23139,6
23142,1
23148,6
23152,4
23160,1
23166,9
23243,8
23286,4
23354,6
23432,4
23436,8
23442,7
23445,7
23461,8
23477,1
23510,8
23516,5
23533,6
23550,5
23618,4
23631,8
23633,5
23658,4
23662,0
23669,8
23683,2
23700,3
23717,8
23745,9
23747,3
23748,9
23759,3
23766,6
23772,9
23804,8
23806,5
23826,2
23842,0
23850,6
23856,0
23875,0
23877,3
23917,2
23985,7
23998,9
24031,6
24045,5
24046,8
24051,8
24061,9
24064,7
24079,6
24112,8
24122,1
24130,8
24155,7
24191,6
24205,3
24233,4
24254,7
24269,2
24270,9
24271,3
24277,6
24285,9
24311,8
24313,9
24393,0
24399,0
24423,6
24425,2
24447,1
24465,1
24469,3
24539,3
24567,1
24576,6
24581,6
24593,9
24605,0
24608,5
24628,1
24639,7
24649,2
24650,5
24662,7
24672,3
24681,0
24698,0
24717,0
24766,4
24769,8
24775,9
24781,4
24795,4
24796,2
24804,6
24822,4
24826,8
24827,6
24829,8
24830,7
24847,5
24858,0
24867,3
24869,4
24883,3
24974,1
25008,8
25009,7
25016,8
25063,9
25100,4
25147,2
25149,8
25179,8
25205,8
25243,0
25246,2
25277,9
25316,6
25372,9
25392,7
25395,0
25403,2
25409,3
25429,8
25450,1
25454,3
25483,5
25487,2
25491,7
25500,7
25508,5
25539,5
25546,8
25615,7
25629,0
25633,9
25635,4
25663,2
25714,0
25755,0
25788,7
25822,1
25832,5
25839,0
25841,7
25857,1
25893,6
25894,4
25896,3
25921,0
25941,3
25944,6
25959,6
25996,3
26038,0
26041,7
26049,7
26054,7
26065,6
26072,1
26074,4
26102,5
26192,4
26198,5
26215,9
26218,7
26232,7
26238,1
26247,3
26255,7
26277,0
26281,4
26286,5
26336,9
26361,9
26363,5
26394,6
26443,8
26446,7
26460,5
26465,4
26504,2
26512,9
26520,8
26549,7
26558,9
26560,7
26576,6
26593,3
26641,6
26649,2
26652,4
26662,3
26666,8
26669,2
26696,1
26701,8
26764,9
26778,7
26789,1
26843,0
26864,4
26891,5
26904,4
26947,8
26963,4
26977,6
26989,3
27006,6
27010,2
27014,4
27025,1
27052,2
27053,5
27066,9
27089,0
27097,4
27110,9
27189,2
27203,7
27205,1
27284,1
27296,5
27305,0
27309,1
27310,5
27313,3
27338,6
27346,4
27356,2
27374,2
27401,0
27430,9
27458,2
27460,9
27478,3
27499,5
27516,7
27524,8
27553,3
27562,8
27620,0
27661,9
27662,1
27707,1
27750,6
27759,1
27802,5
27810,2
27837,7
27851,8
27857,4
27880,2
27906,7
27912,7
27926,9
27948,4
27975,5
27986,7
28006,3
28041,0
28059,2
28060,5
28062,9
28091,2
28114,9
28221,0
28236,7
28244,1
28248,4
28256,3
28259,5
28267,5
28313,9
28337,7
28346,9
28355,1
28376,5
28388,2
28496,6
28549,6
28558,7
28587,8
28621,7
28627,0
28640,2
28644,6
28666,5
28685,2
28690,0
28710,8
28776,6
28779,8
28786,2
28804,1
28832,2
28841,3
28850,6
28860,4
28862,1
28884,8
28947,6
28949,5
28958,2
28962,8
28971,0
29004,2
29018,9
29044,0
29045,3
29053,8
29059,2
29065,5
29079,6
29156,5
29207,4
29229,8
29232,3
29244,2
29290,2
29309,7
29337,1
29352,3
29364,0
29369,9
29380,6
29384,5
29434,1
29458,3
29492,9
29528,3
29569,5
29603,1
29612,2
29626,2
29633,7
29651,1
29665,8
29695,0
29697,1
29706,0
29717,2
29721,4
29738,9
29767,4
29825,1
29835,6
29856,9
29880,5
29901,1
29909,1
29913,3
29923,9
29932,2
29933,8
30008,7
30074,6
30088,0
30117,1
30175,3
30177,7
30185,8
30187,0
30197,5
30247,8
30253,4
30269,4
30287,4
30293,0
30323,5
30328,9
30349,2
30370,0
30392,6
30401,8
30405,5
30452,9
30567,1
30593,4
30610,7
30611,3
30646,9
30651,0
30667,1
30693,9
30695,1
30698,9
30707,0
30720,3
30733,3
30763,4
30771,8
30816,2
30865,2
30885,3
30910,9
30966,1
31001,1
31003,7
31016,2
31019,1
31045,1
31069,5
31092,2
31103,8
31134,1
31136,3
31140,3
31148,2
31168,8
31174,1
31193,6
31209,1
31222,5
31228,6
31249,3
31259,8
31266,5
31271,7
31278,1
31320,9
31321,0
31341,0
31342,6
31351,9
31368,6
31369,0
31371,6
31407,4
31418,5
31430,0
31472,5
31521,6
31548,3
31579,3
31581,0
31660,4
31670,6
31704,8
31730,7
31742,7
31767,9
31799,7
31831,3
31858,4
31982,5
31991,7
32013,3
32055,1
32063,1
32076,8
32078,8
32094,4
32137,3
32155,2
32186,4
32225,8
32227,3
32262,4
32269,2
32274,0
32278,4
32280,2
32289,7
32354,5
32378,1
32379,3
32383,0
32384,4
32388,0
32409,3
32468,8
32475,2
32482,1
32495,3
32536,1
32552,9
32594,9
32603,5
32605,0
32671,5
32715,9
32757,5
32769,4
32773,1
32776,4
32808,1
32839,6
32840,5
32856,2
32865,4
32902,5
33074,8
33100,6
33134,7
33172,0
33211,9
33214,0
33250,2
33266,1
33270,8
33287,7
33322,4
33325,8
33336,9
33343,1
33347,4
33353,9
33354,1
33380,9
33383,1
33486,6
33505,2
33508,1
33510,3
33512,0
33536,0
33562,5
33584,6
33603,5
33635,7
33661,0
33664,8
33689,6
33724,6
33791,9
33801,8
33855,9
33859,9
33878,2
33911,3
33918,1
33925,4
33941,2
33968,5
33970,3
33986,3
34035,4
34070,0
34071,6
34101,4
34105,3
34122,5
34126,9
34154,8
34157,2
34175,3
34187,5
34224,9
34231,7
34261,1
34285,6
34319,8
34355,0
34367,4
34371,2
34376,8
34381,0
34388,1
34439,9
34449,4
34482,9
34491,9
34493,1
34500,8
34505,5
34527,5
34610,5
34621,6
34635,8
34659,3
34683,4
34688,9
34703,6
34718,2
34734,8
34740,3
34789,2
34798,0
34834,9
34842,8
34862,3
34906,3
34927,1
34997,7
35003,4
35014,2
35106,2
35165,3
35167,2
35179,4
35185,0
35192,0
35206,6
35261,0
35319,4
35328,1
35335,4
35337,7
35340,2
35354,3
35361,7
35367,1
35395,1
35438,8
35445,2
35449,0
35453,2
35454,2
35465,0
35529,2
35532,9
35566,6
35583,4
35588,6
35590,4
35613,3
35660,0
35704,8
35707,5
35714,6
35715,9
35729,6
35771,4
35816,0
35838,5
35855,7
35877,9
35904,4
35940,8
35949,3
35962,6
36055,0
36056,2
36057,3
36083,9
36087,5
36116,0
36126,5
36141,1
36156,7
36160,4
36166,2
36219,8
36225,9
36237,6
36241,0
36258,7
36269,0
36314,4
36371,0
36395,7
36405,5
36414,0
36454,5
36535,1
36545,7
36549,0
36550,9
36559,5
36560,0
36569,0
36601,6
36604,3
36647,4
36648,8
36650,7
36657,1
36689,0
36703,6
36707,3
36722,5
36751,8
36772,6
36777,9
36786,1
36793,9
36835,3
36869,0
36877,4
36885,5
36896,5
36907,4
36956,1
36959,8
37013,3
37017,3
37068,7
37113,0
37150,9
37157,2
37165,7
37197,3
37201,1
37209,3
37221,4
37261,0
37280,3
37300,5
37307,2
37322,2
37329,8
37343,1
37346,6
37380,5
37386,2
37398,8
37435,2
37442,6
37445,6
37487,4
37494,7
37502,6
37507,5
37508,7
37563,1
37568,2
37588,2
37605,8
37647,0
37650,1
37667,6
37671,2
37691,3
37716,1
37732,1
37741,1
37781,9
37821,3
37828,1
37838,2
37848,3
37861,2
37864,5
37866,9
37881,1
37929,5
37949,8
37952,8
37961,4
38006,9
38026,7
38027,1
38046,9
38075,7
38110,0
38200,0
38231,0
38269,7
38270,4
38279,9
38280,5
38281,3
38285,5
38379,6
38389,7
38415,1
38434,8
38447,7
38479,6
38489,8
38503,4
38512,5
38520,3
38521,7
38564,5
38588,8
38615,7
38625,9
38648,5
38655,5
38671,4
38739,5
38740,9
38760,9
38771,3
38784,2
38810,7
38830,5
38839,2
38848,5
38852,4
38923,7
38926,0
38928,1
38990,3
38997,4
39000,9
39002,2
39024,4
39081,3
39089,7
39100,3
39103,5
39110,4
39114,5
39132,5
39152,1
39167,8
39191,8
39211,5
39218,4
39239,4
39258,6
39259,9
39316,7
39337,6
39338,2
39341,4
39349,3
39351,9
39352,1
39358,7
39414,4
39437,1
39438,8
39447,9
39513,5
39580,7
39583,6
39627,2
39645,5
39667,4
39682,2
39686,3
39696,3
39702,9
39703,4
39709,6
39763,4
39813,7
39815,6
39823,0
39826,7
39852,3
39881,5
39884,3
39889,9
39897,0
39929,2
39956,0
39957,1
39958,5
39973,9
39978,5
39998,9
40044,2
40047,9
40048,8
40068,3
40116,4
40153,1
40188,0
40208,0
40218,0
40231,7
40233,8
40245,8
40264,9
40284,0
40295,8
40334,4
40362,1
40364,8
40367,6
40391,9
40402,4
40439,9
40468,1
40489,5
40500,7
40532,3
40552,4
40571,8
40591,6
40615,1
40630,0
40661,6
40739,3
40765,3
40766,4
40773,5
40827,4
40829,0
40859,0
40914,3
40922,0
40971,1
40973,1
40982,1
40991,6
40996,3
41019,1
41037,2
41055,1
41094,5
41096,4
41112,2
41136,3
41138,0
41192,4
41232,7
41236,7
41268,6
41291,0
41300,7
41302,9
41307,4
41410,6
41431,8
41439,6
41457,5
41462,5
41470,7
41473,4
41516,2
41539,5
41543,3
41554,1
41575,8
41577,6
41647,0
41668,2
41692,7
41751,8
41794,2
41810,0
41836,1
41840,9
41893,8
41901,8
41916,2
41925,4
41926,5
41931,8
41956,1
41957,5
41958,7
41988,6
42001,2
42043,3
42072,6
42085,5
42093,1
42104,8
42124,9
42125,7
42166,6
42183,0
42211,7
42251,3
42259,8
42302,4
42308,2
42364,8
42386,6
42391,3
42414,5
42425,4
42471,4
42505,3
42516,9
42527,7
42536,4
42568,2
42591,6
42641,5
42653,4
42654,2
42656,8
42663,5
42704,8
42715,9
42741,2
42828,7
42836,5
42882,9
42913,0
42940,5
42975,6
43001,9
43002,2
43012,3
43043,3
43046,7
43074,0
43114,9
43135,3
43146,9
43161,6
43170,0
43188,0
43199,5
43211,2
43252,3
43296,1
43299,8
43339,1
43428,3
43481,4
43488,5
43510,5
43549,0
43552,3
43564,6
43579,8
43609,8
43611,9
43624,0
43645,7
43718,9
43728,0
43742,6
43771,7
43781,4
43801,1
43842,2
43845,9
43900,8
43914,6
43917,7
43933,1
43982,9
43993,8
44001,9
44006,5
44060,0
44068,4
44070,6
44071,9
44076,0
44116,9
44130,0
44150,7
44184,0
44201,6
44237,6
44264,4
44278,0
44293,5
44366,1
44367,7
44393,2
44402,9
44458,8
44470,7
44502,2
44512,7
44515,4
44540,3
44545,3
44577,7
44589,0
44649,6
44668,4
44683,8
44689,4
44691,5
44724,1
44744,0
44801,6
44844,0
44902,2
44915,9
44917,0
44920,7
44970,5
44994,1
45004,7
45029,1
45065,9
45079,3
45087,1
45088,3
45102,7
45109,8
45116,8
45146,0
45155,5
45158,2
45161,8
45198,4
45259,2
45270,8
45273,3
45372,1
45380,9
45418,0
45420,2
45487,9
45488,2
45497,5
45505,2
45520,8
45535,7
45547,5
45548,7
45564,4
45583,7
45611,4
45614,6
45650,1
45652,7
45673,8
45708,9
45748,0
45757,6
45758,3
45809,3
45856,6
45867,2
45878,3
45885,2
45906,2
45950,4
45953,0
45967,7
45970,3
46014,0
46047,2
46050,2
46059,4
46084,7
46097,4
46108,5
46235,0
46269,3
46272,6
46277,2
46281,4
46291,1
46299,8
46355,9
46358,5
46410,0
46450,8
46456,4
46459,0
46469,5
46471,6
46475,8
46488,0
46519,8
46522,5
46525,3
46578,9
46603,0
46638,7
46658,8
46667,5
46673,7
46701,9
46703,0
46710,2
46733,5
46794,8
46800,9
46820,7
46864,8
46866,9
46880,1
46882,3
46889,9
46896,0
46903,6
46933,1
46934,1
46939,4
46954,1
46973,9
46978,2
46981,3
46989,5
47008,8
47024,2
47082,9
47096,0
47115,5
47146,5
47155,2
47168,7
47187,1
47195,3
47209,6
47215,4
47225,3
47244,9
47250,5
47251,5
47265,6
47273,2
47348,5
47362,7
47371,0
47372,0
47411,3
47421,8
47427,9
47447,0
47450,6
47454,6
47460,2
47516,1
47557,2
47592,3
47596,7
47598,2
47645,9
47649,2
47653,3
47663,6
47674,4
47703,9
47704,0
47748,8
47753,8
47754,2
47789,6
47811,8
47815,0
47821,3
47825,5
47836,9
47912,2
47920,5
47921,4
47958,9
47975,3
47979,3
47996,4
48087,4
48120,4
48128,0
48181,2
48182,9
48206,8
48213,3
48256,8
48268,0
48274,0
48280,8
48317,6
48331,8
48346,6
48347,9
48362,6
48381,9
48400,5
48455,8
48491,6
48516,2
48559,8
48604,0
48627,0
48658,8
48678,7
48710,4
48759,7
48774,5
48824,8
48881,2
48898,2
48912,2
48936,4
48942,4
48943,1
48957,4
48980,9
48988,7
49061,5
49063,7
49097,0
49130,9
49136,7
49146,4
49184,7
49233,6
49241,5
49247,2
49256,4
49265,1
49283,1
49285,2
49286,3
49301,7
49303,8
49319,9
49359,1
49365,7
49370,0
49372,7
49379,4
49423,4
49439,8
49444,7
49454,2
49464,9
49490,5
49516,7
49554,7
49578,8
49614,2
49616,7
49633,6
49650,3
49654,3
49691,7
49692,4
49729,3
49830,8
49845,5
49895,5
49905,5
49955,3
49973,9
50036,0
50039,6
50101,0
50127,0
50140,3
50168,6
50169,9
50197,0
50205,0
50281,0
50293,1
50305,7
50312,3
50348,2
50396,1
50401,3
50429,8
50445,9
50465,1
50487,2
50496,2
50498,1
50589,1
50612,6
50632,1
50634,8
50650,5
50653,4
50679,3
50695,2
50709,1
50711,8
50742,7
50747,9
50760,7
50772,1
50777,4
50815,3
50823,6
50832,9
50836,6
50837,3
50843,6
50925,8
50931,1
50942,7
50943,7
50967,9
50984,7
50985,5
50998,4
51027,5
51090,2
51113,7
51117,2
51125,4
51132,9
51145,9
51154,3
51157,5
51169,1
51185,9
51281,9
51285,1
51295,6
51296,5
51317,2
51342,5
51344,7
51382,4
51435,2
51442,9
51460,7
51470,9
51494,5
51535,6
51573,0
51582,9
51620,6
51629,0
51639,5
51646,5
51668,8
51679,5
51745,6
51753,0
51767,1
51794,5
51820,4
51828,0
51835,2
51859,7
51872,6
51895,1
51901,1
51911,7
51963,5
51975,1
52015,4
52016,2
52022,3
52036,0
52044,8
52050,8
52069,6
52086,5
52098,3
52123,9
52146,7
52153,2
52193,4
52198,6
52235,7
52240,3
52257,5
52268,1
52269,3
52297,6
52302,7
52303,8
52305,0
52310,5
52331,2
52347,5
52358,2
52370,2
52387,6
52396,0
52401,8
52411,1
52452,5
52453,2
52481,9
52493,8
52529,5
52549,2
52562,1
52580,4
52598,6
52653,9
52658,4
52681,4
52713,3
52715,1
52716,0
52753,3
52758,1
52773,3
52792,5
52793,0
52795,9
52796,2
52804,0
52821,0
52834,2
52858,6
52862,8
52864,3
52867,1
52906,1
52920,4
52927,1
52930,0
52940,3
52983,8
53002,8
53004,1
53010,9
53018,1
53050,5
53051,0
53071,8
53079,8
53096,5
53125,4
53131,8
53138,2
53166,9
53168,1
53192,4
53194,1
53234,7
53251,9
53282,3
53294,8
53346,4
53351,1
53372,7
53407,0
53434,2
53441,7
53460,0
53470,5
53472,6
53477,4
53483,7
53499,6
53535,0
53538,5
53574,8
53628,2
53636,8
53663,8
53666,7
53677,6
53678,0
53683,9
53758,3
53769,5
53776,4
53784,9
53788,0
53797,5
53803,3
53809,8
53821,9
53825,2
53848,8
53857,0
53880,0
53885,8
53900,6
53917,0
53958,3
53971,5
53975,3
53983,6
54005,1
54049,6
54073,3
54087,1
54091,5
54104,0
54121,0
54128,2
54129,4
54153,6
54236,1
54269,1
54291,3
54303,0
54307,9
54309,4
54310,1
54311,9
54322,3
54333,6
54360,6
54375,2
54393,1
54404,0
54412,4
54422,4
54433,0
54435,7
54436,3
54460,3
54466,4
54528,5
54545,2
54580,1
54592,9
54613,2
54618,6
54624,8
54639,5
54649,0
54669,7
54705,8
54706,3
54769,4
54798,3
54853,0
54864,1
54866,2
54867,3
54900,0
54903,4
54917,7
54920,8
54941,0
55020,8
55021,7
55030,0
55041,7
55043,8
55084,7
55088,7
55097,9
55101,4
55102,9
55109,4
55112,6
55120,9
55124,4
55126,9
55139,3
55182,8
55220,2
55260,5
55280,4
55334,3
55342,5
55380,1
55383,3
55412,1
55416,4
55426,7
55433,2
55449,1
55460,5
55462,8
55479,0
55517,7
55556,0
55616,6
55623,8
55633,9
55639,5
55641,4
55655,2
55661,5
55685,5
55686,1
55695,8
55696,8
55738,6
55757,6
55765,0
55772,8
55786,1
55869,3
55887,7
55888,1
55890,0
55913,6
55945,7
55986,0
55988,1
56017,7
56032,5
56035,6
56066,7
56151,8
56152,9
56189,1
56200,5
56207,3
56229,5
56232,6
56256,0
56265,3
56275,3
56287,7
56339,5
56349,1
56379,4
56407,5
56430,8
56453,7
56473,2
56480,9
56483,7
56484,4
56502,8
56503,7
56504,3
56508,2
56557,8
56572,1
56617,8
56639,0
56651,0
56692,6
56693,6
56699,4
56746,6
56750,1
56752,2
56766,0
56794,7
56795,2
56799,4
56806,7
56815,7
56817,3
56857,0
56862,6
56876,2
56885,6
56904,6
56905,9
56932,7
56951,4
56956,8
56969,0
57005,1
57010,6
57061,0
57066,7
57083,7
57092,0
57095,1
57102,4
57118,8
57140,6
57211,5
57217,8
57261,0
57285,7
57298,0
57302,5
57309,9
57314,6
57334,7
57337,7
57344,7
57348,8
57366,2
57375,4
57381,1
57392,8
57438,6
57451,0
57456,6
57468,3
57472,3
57509,2
57515,8
57546,7
57554,6
57598,3
57626,2
57646,7
57652,7
57714,1
57742,6
57751,7
57756,6
57759,9
57762,3
57774,7
57789,5
57819,4
57824,5
57847,0
57853,5
57904,2
57912,0
57920,3
57928,2
57931,1
57944,5
58009,7
58010,6
58056,1
58080,3
58099,7
58109,7
58147,1
58177,7
58213,9
58237,3
58278,3
58316,0
58327,3
58349,7
58350,0
58363,9
58390,4
58450,7
58489,0
58505,5
58533,2
58538,2
58598,6
58690,7
58702,1
58717,9
58744,4
58769,0
58799,5
58834,5
58840,4
58873,4
58914,9
58915,8
58948,5
58999,4
59010,1
59143,0
59147,9
59199,1
59203,0
59207,1
59209,7
59232,4
59355,2
59377,5
59396,2
59409,9
59413,4
59445,6
59448,6
59451,4
59467,3
59519,1
59586,1
59588,3
59606,1
59638,7
59645,1
59667,2
59702,6
59706,2
59730,0
59744,6
59749,9
59786,0
59787,1
59789,4
59807,2
59810,5
59822,5
59834,8
59861,8
59880,5
59884,8
59892,6
59903,2
59952,0
59954,1
59971,2
