2,4
35,5
41,8
46,8
62,6
92,4
111,3
128,1
143,2
174,1
187,2
191,5
221,6
241,6
242,3
271,4
274,6
279,3
290,1
342,4
348,8
349,7
359,0
360,2
372,4
395,6
409,9
436,7
445,8
454,1
461,4
465,6
494,6
504,5
512,5
545,8
574,3
607,6
640,7
642,2
674,2
731,3
778,5
779,1
789,3
797,4
811,3
822,9
834,4
845,5
858,8
872,0
887,9
903,0
924,5
963,8
979,0
988,4
1017,1
1038,9
1051,1
1071,5
1107,0
1168,0
1221,9
1224,6
1228,6
1232,4
1233,3
1272,9
1285,5
1292,9
1300,7
1310,0
1319,8
1341,3
1343,7
1367,0
1369,1
1404,8
1417,7
1425,1
1457,8
1470,3
1485,5
1547,7
1550,2
1556,5
1561,2
1615,5
1627,1
1651,3
1702,5
1774,2
1783,8
1789,7
1790,8
1796,0
1805,3
1832,7
1839,1
1847,5
1860,1
1862,3
1886,6
1903,9
1917,6
1932,4
1958,7
1961,5
1964,8
1978,5
2023,3
2042,3
2045,1
2046,4
2054,7
2061,6
2066,0
2095,7
2100,0
2146,3
2174,3
2185,4
2227,1
2230,3
2237,8
2256,4
2270,2
2296,6
2301,1
2344,7
2359,3
2360,4
2369,8
2378,8
2448,1
2474,6
2475,8
2481,3
2490,4
2497,1
2565,2
2583,1
2612,7
2624,0
2658,7
2667,1
2686,4
2710,6
2717,1
2719,1
2737,4
2795,9
2796,3
2817,0
2834,3
2878,1
2905,3
2920,1
2925,6
2926,3
2930,6
2963,4
2997,9
3075,3
3076,9
3141,5
3157,4
3178,3
3184,4
3193,9
3221,6
3247,0
3263,9
3266,5
3270,7
3281,8
3328,0
3375,1
3391,0
3526,8
3601,8
3613,5
3615,6
3639,4
3641,7
3660,2
3663,9
3698,0
3709,0
3734,0
3780,7
3796,9
3844,3
3875,5
3879,2
3897,1
3908,6
3918,8
3936,6
3943,0
3968,8
3974,5
3982,9
4015,5
4043,8
4044,0
4076,5
4077,5
4081,7
4084,8
4121,3
4140,1
4144,2
4170,6
4183,2
4196,3
4205,4
4213,8
4218,0
4234,3
4235,3
4245,0
4277,9
4301,6
4302,5
4344,0
4353,7
4457,2
4462,5
4517,6
4520,6
4528,7
4538,4
4586,6
4608,0
4622,5
4644,1
4680,7
4702,6
4783,3
4804,0
4814,8
4830,9
4861,1
4873,8
4889,0
4894,9
4895,9
4909,8
4921,5
4977,7
5004,1
5005,8
5019,0
5020,1
5032,4
5109,5
5115,0
5130,9
5157,5
5206,7
5225,1
5238,3
5248,8
5285,0
5309,5
5326,7
5338,8
5372,8
5374,6
5413,6
5437,7
5487,0
5503,9
5550,5
5554,6
5567,3
5576,6
5620,5
5656,2
5664,9
5766,6
5770,3
5772,6
5804,6
5820,3
5837,6
5859,1
5861,6
5908,2
5944,4
5945,4
5953,7
5973,6
5988,2
6047,6
6064,7
6083,1
6094,0
6095,4
6099,2
6104,1
6133,0
6165,1
6237,5
6278,7
6281,6
6287,7
6309,3
6320,0
6331,0
6340,3
6352,5
6368,9
6432,7
6446,0
6501,5
6507,7
6510,7
6522,3
6527,5
6596,4
6624,2
6630,0
6632,3
6633,2
6635,6
6662,3
6700,0
6713,7
6725,2
6738,0
6740,7
6770,7
6779,9
6783,1
6787,9
6793,1
6794,4
6809,3
6822,1
6825,3
6830,5
6842,9
6860,2
6884,5
6890,4
6900,1
6943,8
6965,7
7007,1
7036,4
7052,0
7083,4
7105,1
7111,6
7115,8
7116,1
7119,1
7138,1
7165,5
7198,9
7225,3
7239,9
7240,1
7250,3
7254,0
7280,4
7285,4
7286,0
7288,3
7290,8
7321,5
7347,2
7363,1
7374,5
7378,0
7380,7
7443,5
7489,4
7504,6
7540,8
7547,7
7561,1
7602,9
7632,1
7634,3
7646,2
7650,1
7651,1
7668,1
7686,7
7710,0
7716,1
7724,6
7757,9
7825,8
7857,1
7869,7
7877,1
7886,9
7892,0
7893,9
7902,5
7963,5
8015,9
8035,9
8055,3
8082,2
8125,8
8145,6
8187,0
8193,0
8206,6
8214,7
8226,2
8244,9
8270,4
8277,2
8278,4
8287,9
8297,7
8315,9
8321,9
8330,1
8356,9
8367,6
8407,6
8408,9
8419,5
8420,6
8426,5
8457,4
8481,6
8482,8
8503,9
8508,4
8530,1
8538,1
8553,4
8579,4
8580,4
8595,1
8620,9
8658,6
8667,6
8718,7
8776,9
8794,3
8809,0
8823,1
8826,6
8894,0
8955,8
8997,2
9026,4
9055,0
9056,0
9064,5
9065,3
9071,4
9076,8
9105,2
9152,8
9162,7
9204,0
9283,7
9286,7
9312,1
9326,5
9349,8
9357,9
9367,5
9396,2
9418,3
9435,0
9443,3
9445,7
9504,9
9526,6
9534,6
9620,3
9622,1
9635,6
9640,8
9659,6
9661,8
9683,9
9709,4
9734,1
9737,2
9746,4
9768,7
9820,0
9889,9
9892,6
9903,1
9915,3
9923,2
9933,9
9939,2
9958,5
9968,9
9985,0
10000,3
10017,6
10018,4
10069,0
10102,9
10125,3
10137,3
10143,9
10163,6
10165,9
10194,2
10206,3
10219,9
10236,4
10251,7
10271,6
10277,5
10330,3
10375,6
10416,1
10426,8
10495,9
10504,4
10539,9
10544,7
10563,0
10564,0
10584,8
10588,9
10591,6
10598,5
10602,1
10640,7
10667,1
10669,1
10722,9
10727,7
10773,0
10794,9
10803,1
10808,9
10830,3
10832,4
10835,7
10840,0
10846,2
10851,6
10867,9
10921,3
10926,1
10941,2
10959,2
10965,7
10981,8
10992,0
11040,4
11062,6
11087,8
11091,0
11126,4
11169,3
11181,8
11186,9
11237,5
11239,8
11242,2
11257,2
11273,8
11294,7
11305,5
11307,6
11309,7
11326,1
11328,7
11331,8
11356,5
11363,6
11364,2
11369,4
11371,1
11375,5
11384,2
11393,5
11399,7
11419,4
11437,7
11438,2
11501,0
11510,7
11545,3
11552,2
11595,7
11607,1
11618,3
11622,1
11635,6
11665,3
11689,7
11702,1
11709,4
11754,0
11780,0
11798,7
11812,2
11814,9
11825,9
11849,6
11882,5
11901,1
11922,5
11969,0
11990,9
12052,4
12094,3
12104,6
12140,0
12169,4
12177,6
12183,3
12193,0
12197,4
12208,7
12225,3
12229,5
12283,6
12287,7
12292,7
12326,3
12337,0
12370,2
12372,2
12382,1
12423,6
12425,9
12448,6
12497,0
12503,3
12529,9
12533,0
12534,8
12543,4
12567,6
12626,5
12650,5
12686,0
12689,5
12724,7
12739,9
12754,7
12759,6
12765,0
12766,2
12774,7
12797,2
12812,3
12817,4
12866,6
12867,4
12878,1
12905,6
12936,8
12938,2
12946,9
12966,4
12984,8
12992,0
12993,7
13017,8
13040,5
13071,4
13091,7
13107,1
13130,9
13133,6
13138,2
13162,7
13165,5
13174,7
13186,8
13222,3
13228,3
13246,6
13247,9
13279,5
13304,9
13348,5
13349,6
13350,4
13387,5
13389,6
13401,2
13425,9
13446,4
13459,0
13492,0
13535,2
13567,3
13591,5
13596,9
13607,3
13609,0
13613,2
13615,3
13622,6
13623,0
13624,2
13672,9
13720,9
13752,9
13756,7
13761,2
13775,4
13789,7
13825,1
13833,0
13856,4
13870,4
13910,2
13942,4
13960,8
13992,1
13997,9
14000,1
14006,5
14014,8
14048,5
14051,6
14062,8
14066,4
14068,8
14074,5
14097,0
14132,2
14162,8
14195,5
14199,5
14262,3
14267,2
14303,3
14333,3
14335,4
14339,6
14351,4
14394,3
14396,8
14423,6
14448,7
14460,7
14481,0
14554,9
14569,2
14571,1
14595,1
14620,4
14626,8
14631,1
14685,1
14692,3
14709,5
14714,5
14717,0
14740,4
14779,8
14788,4
14867,5
14898,7
14906,1
14924,1
15014,3
15023,4
15045,3
15050,8
15069,5
15072,9
15083,2
15096,8
15118,5
15149,8
15156,0
15179,4
15202,7
15217,2
15221,8
15224,1
15253,9
15298,4
15357,9
15364,8
15366,8
15372,3
15380,1
15478,6
15515,8
15521,4
15559,0
15624,8
15665,4
15730,1
15749,8
15771,5
15774,3
15783,4
15795,0
15799,2
15801,7
15819,5
15855,5
15867,2
15870,6
15877,7
15879,8
15902,2
15913,9
15956,8
15962,1
15982,2
15983,7
16015,7
16063,5
16084,5
16118,6
16147,9
16165,5
16184,8
16260,3
16299,7
16314,4
16342,9
16350,9
16401,7
16418,1
16462,3
16474,0
16487,5
16497,2
16507,6
16588,9
16631,8
16640,0
16659,8
16668,6
16687,7
16689,3
16716,2
16720,1
16721,7
16729,2
16768,6
16772,2
16809,7
16813,2
16827,9
16847,6
16855,1
16856,4
16868,0
16883,8
16900,3
16909,2
16928,0
16944,1
16947,4
16979,8
16986,7
17025,0
17026,3
17029,1
17031,7
17033,7
17047,2
17061,9
17067,4
17077,3
17131,3
17169,0
17175,3
17183,7
17201,5
17221,6
17231,4
17238,4
17254,1
17257,3
17279,1
17287,6
17288,3
17302,8
17307,7
17349,0
17358,8
17404,3
17430,1
17441,7
17442,3
17467,3
17468,5
17474,4
17491,3
17496,3
17504,5
17527,8
17572,5
17581,0
17604,4
17615,7
17643,3
17653,2
17665,5
17675,8
17683,7
17689,9
17690,4
17715,3
17741,0
17774,4
17779,0
17854,1
17923,0
17931,4
17940,4
17959,9
17967,3
17974,7
17977,0
17991,4
18069,3
18113,0
18154,6
18157,5
18160,7
18165,1
18168,6
18180,4
18285,3
18296,9
18297,4
18316,1
18321,1
18323,2
18348,8
18356,2
18371,0
18394,2
18408,7
18423,2
18461,0
18488,1
18494,7
18502,7
18503,3
18514,2
18515,0
18518,5
18539,7
18548,6
18628,9
18634,2
18667,6
18686,4
18702,6
18709,9
18713,2
18749,5
18763,2
18787,4
18791,6
18809,7
18849,6
18876,7
18886,1
18899,1
18904,6
18925,5
18944,9
19022,5
19023,7
19045,9
19079,8
19125,6
19133,0
19165,2
19194,8
19230,3
19282,1
19293,6
19312,7
19326,3
19348,3
19367,8
19380,4
19401,4
19408,6
19437,9
19451,6
19458,8
19501,3
19505,2
19515,9
19586,9
19591,8
19606,2
19630,1
19643,1
19652,1
19712,6
19726,0
19728,9
19754,6
19785,9
19799,6
19828,6
19832,9
19839,5
19879,8
19909,5
19922,4
19924,0
19938,9
19947,6
19976,3
19993,6
20000,5
20016,3
20089,8
20101,5
20164,9
20178,1
20180,4
20187,6
20209,5
20211,4
20244,0
20269,8
20284,2
20296,7
20314,3
20337,4
20338,4
20355,3
20380,7
20414,2
20440,2
20444,9
20476,5
20492,3
20530,5
20533,0
20534,5
20559,8
20561,3
20564,5
20590,5
20605,7
20609,0
20615,3
20617,4
20621,8
20639,8
20682,6
20692,9
20699,1
20705,3
20719,0
20723,7
20727,0
20735,9
20761,2
20785,8
20804,5
20832,2
20874,2
20898,1
20905,8
20906,8
20930,2
20962,4
20978,6
20989,3
21011,5
21025,6
21053,2
21061,6
21080,3
21141,0
21143,1
21146,8
21159,7
21164,2
21174,2
21234,6
21243,7
21276,5
21318,7
21351,9
21360,5
21431,4
21433,5
21457,8
21475,8
21538,6
21553,0
21577,2
21614,0
21628,0
21638,2
21651,7
21663,8
21669,9
21672,7
21686,9
21713,2
21735,0
21767,1
21777,4
21782,5
21797,4
21839,1
21840,9
21846,4
21868,8
21897,9
21903,0
21924,9
21958,1
22035,6
22047,2
22059,8
22063,0
22087,1
22098,4
22138,4
22164,1
22201,8
22228,7
22246,9
22284,2
22286,8
22297,0
22304,3
22312,9
22418,4
22419,1
22450,9
22472,4
22477,3
22480,4
22482,4
22489,1
22492,3
22496,3
22499,8
22507,8
22559,6
22560,1
22597,9
22602,4
22619,3
22625,3
22666,4
22728,3
22744,0
22748,1
22766,4
22770,3
22781,7
22843,4
22860,0
22872,6
22880,7
22915,9
22918,5
22964,3
22979,5
22996,3
23013,0
23020,2
23077,8
23088,0
23113,0
23159,9
23165,3
23182,1
23191,5
23227,3
23232,8
23250,0
23265,3
23272,4
23278,9
23300,8
23308,1
23336,5
23363,6
23404,1
23425,3
23428,8
23506,0
23539,9
23542,9
23568,5
23573,8
23615,4
23616,0
23703,1
23705,2
23708,7
23730,3
23742,6
23760,7
23761,4
23765,6
23798,7
23822,1
23854,1
23867,9
23896,4
23909,7
23925,5
23951,7
23994,2
24002,8
24008,7
24024,0
24032,4
24037,6
24051,8
24068,5
24083,1
24130,8
24137,8
24138,7
24153,9
24156,9
24157,6
24165,6
24168,1
24169,4
24171,7
24209,1
24237,6
24245,0
24258,4
24259,7
24273,4
24298,4
24302,4
24304,6
24347,2
24363,6
24378,4
24385,6
24387,9
24433,2
24442,3
24458,6
24466,1
24503,7
24592,6
24625,1
24641,8
24653,4
24677,8
24708,5
24738,1
24766,4
24776,0
24805,2
24837,6
24851,6
24859,5
24906,3
24925,8
24950,8
24996,1
24998,9
25008,8
25011,7
25013,7
25063,9
25072,8
25094,3
25178,5
25187,3
25196,1
25224,9
25239,9
25251,8
25255,4
25259,5
25270,6
25285,0
25312,0
25313,4
25333,4
25336,1
25361,4
25406,2
25445,8
25452,7
25484,4
25486,8
25504,1
25531,1
25573,3
25577,5
25581,7
25608,6
25616,4
25626,0
25627,2
25671,3
25688,3
25705,7
25718,2
25753,6
25776,8
25801,9
25807,2
25851,8
25863,7
25865,9
25871,7
25918,1
25919,0
25922,3
25923,2
25930,5
25951,8
25954,5
25977,6
25980,0
25984,8
25987,0
25991,2
25998,7
26001,7
26013,3
26094,5
26096,1
26107,6
26137,4
26141,7
26149,3
26174,1
26255,7
26315,0
26324,3
26364,3
26378,3
26415,0
26459,1
26582,4
26637,5
26653,4
26659,7
26675,5
26729,6
26769,4
26790,4
26814,5
26904,4
26929,3
26933,7
26936,8
26959,1
26976,5
26980,0
26999,0
27001,4
27046,6
27073,2
27076,8
27122,2
27125,4
27131,2
27141,4
27152,3
27170,0
27181,2
27188,2
27193,5
27215,2
27241,8
27322,0
27335,4
27389,3
27395,0
27412,5
27436,0
27445,0
27456,2
27517,4
27539,5
27558,1
27562,8
27563,8
27570,3
27590,1
27604,1
27643,2
27701,3
27708,6
27742,5
27744,1
27792,1
27804,3
27812,6
27824,4
27883,2
27891,8
27896,1
27958,8
27963,5
27989,2
28015,1
28023,8
28034,4
28104,6
28139,4
28237,4
28243,4
28279,9
28296,0
28306,8
28324,2
28330,9
28395,5
28427,0
28431,3
28433,8
28442,4
28497,6
28513,1
28514,7
28525,2
28526,8
28568,1
28581,8
28595,8
28639,6
28665,9
28695,1
28706,4
28710,8
28725,0
28748,5
28775,7
28791,7
28829,6
28864,7
28872,2
28873,9
28947,6
28971,0
28978,6
28981,1
28989,8
29048,6
29053,8
29065,5
29081,2
29088,1
29095,8
29118,8
29141,4
29144,7
29157,5
29178,8
29183,8
29194,8
29200,2
29217,6
29236,9
29241,4
29251,4
29265,1
29358,4
29390,9
29410,5
29445,9
29452,7
29456,0
29458,3
29554,6
29571,5
29611,2
29620,6
29662,2
29666,1
29709,7
29720,2
29729,8
29771,5
29792,4
29806,7
29827,4
29833,7
29834,5
29842,5
29852,5
29912,5
29933,8
29940,5
29955,5
29956,9
29988,8
30025,6
30033,6
30034,0
30077,3
30101,0
30106,6
30121,4
30125,5
30131,3
30142,6
30146,1
30152,6
30179,1
30205,9
30214,1
30228,2
30245,7
30255,0
30262,5
30274,1
30335,1
30349,2
30400,3
30427,1
30478,8
30531,7
30533,2
30549,7
30553,5
30563,6
30605,0
30615,5
30623,9
30640,2
30660,9
30677,7
30691,4
30805,9
30819,6
30824,3
30866,1
30889,2
30938,1
30962,3
30972,2
30973,7
30978,1
31003,7
31004,9
31034,8
31042,3
31048,1
31110,6
31111,4
31117,3
31137,7
31142,9
31147,6
31154,0
31181,1
31211,5
31247,2
31263,0
31303,6
31314,0
31317,4
31328,5
31335,5
31342,6
31364,9
31370,1
31400,9
31411,6
31415,5
31446,3
31463,0
31499,5
31528,8
31538,3
31545,5
31548,3
31576,7
31614,7
31615,5
31661,0
31678,7
31687,5
31697,9
31700,9
31724,3
31730,7
31809,9
31841,9
31931,6
31933,2
31950,1
31953,5
31972,8
31986,9
32009,0
32059,5
32063,1
32119,6
32134,5
32148,2
32159,7
32173,7
32187,1
32191,4
32247,7
32260,9
32270,8
32299,3
32312,6
32354,5
32434,3
32469,4
32487,4
32501,5
32504,9
32507,5
32509,8
32544,8
32546,6
32581,3
32618,9
32631,6
32676,9
32696,6
32708,0
32722,8
32735,8
32747,8
32748,5
32750,5
32752,6
32760,8
32769,4
32783,6
32802,4
32816,9
32835,7
32872,2
32875,5
32913,3
32918,2
32928,2
32957,7
32990,3
33015,6
33058,6
33082,7
33116,6
33153,7
33167,6
33177,4
33187,9
33215,9
33221,5
33228,0
33242,6
33272,6
33273,8
33311,9
33355,4
33371,3
33377,1
33392,0
33431,7
33435,2
33437,5
33498,1
33513,6
33520,6
33540,2
33552,4
33573,5
33576,9
33584,6
33593,2
33603,5
33614,4
33618,7
33630,4
33678,8
33730,6
33784,9
33813,8
33814,6
33841,1
33873,7
33901,6
33903,5
33915,4
33973,5
33989,3
33994,4
34050,5
34059,6
34068,8
34082,5
34089,3
34101,4
34109,4
34110,7
34111,7
34129,2
34131,2
34146,4
34170,3
34171,3
34173,1
34195,9
34242,5
34246,0
34253,2
34272,1
34297,8
34367,4
34392,0
34399,9
34411,5
34435,7
34445,7
34480,0
34499,6
34501,7
34524,8
34535,6
34563,8
34565,8
34567,8
34576,7
34598,9
34605,3
34614,2
34639,0
34640,1
34664,2
34691,8
34713,3
34720,5
34730,0
34747,2
34769,9
34786,9
34824,9
34912,8
34921,8
34930,9
34936,2
34964,2
34993,6
34997,7
35013,9
35025,8
35059,9
35082,5
35088,8
35100,5
35114,5
35123,8
35158,6
35186,4
35189,9
35190,3
35204,6
35221,3
35235,2
35255,7
35266,1
35292,9
35296,9
35297,6
35305,6
35308,8
35311,0
35330,9
35359,1
35361,7
35445,2
35454,2
35462,5
35490,4
35517,6
35528,3
35557,3
35600,1
35625,7
35628,5
35641,9
35645,7
35679,2
35695,9
35707,5
35794,3
35805,3
35808,6
35861,6
35871,7
35900,1
35936,0
35944,3
35946,4
35948,6
35963,0
35993,6
36000,9
36015,5
36050,9
36055,0
36056,2
36085,1
36117,1
36131,4
36134,7
36161,9
36200,4
36210,8
36245,5
36246,4
36295,3
36329,3
36361,5
36423,2
36444,6
36455,4
36463,2
36481,9
36599,5
36644,3
36666,9
36690,5
36702,6
36705,3
36768,2
36788,0
36791,4
36819,5
36826,6
36830,9
36838,6
36840,7
36841,6
36846,2
36870,8
36888,5
36899,3
36901,2
36911,3
36942,2
36944,8
36955,1
36959,8
36974,8
36981,5
36984,5
36993,9
37022,3
37026,9
37030,8
37080,4
37087,4
37114,5
37137,5
37156,4
37169,3
37172,2
37196,1
37203,7
37227,4
37231,6
37255,8
37264,4
37303,0
37323,0
37352,9
37362,3
37378,1
37422,3
37452,0
37467,0
37497,0
37501,2
37575,9
37580,2
37614,1
37643,3
37646,2
37648,4
37660,2
37669,2
37685,8
37691,3
37720,8
37721,8
37754,9
37758,0
37760,2
37777,2
37797,3
37818,7
37822,0
37831,6
37835,7
37868,8
37877,9
37878,7
37879,9
37921,0
38010,2
38042,0
38057,0
38059,5
38070,2
38071,5
38108,2
38109,3
38126,0
38132,4
38173,4
38183,9
38209,4
38285,5
38303,1
38316,4
38337,1
38368,3
38379,6
38381,2
38385,4
38405,8
38411,0
38430,2
38452,8
38453,8
38458,7
38464,1
38472,6
38478,6
38483,0
38489,8
38522,1
38525,1
38530,2
38543,0
38547,2
38552,9
38564,5
38572,1
38587,8
38609,2
38627,3
38635,2
38693,0
38748,9
38817,5
38845,1
38860,1
38884,2
38911,3
38939,0
38955,3
38959,5
38960,4
38968,1
38974,1
38989,3
38995,9
38998,3
39008,2
39013,7
39015,5
39028,0
39029,0
39031,2
39056,7
39059,2
39081,3
39113,7
39141,8
39194,0
39241,4
39317,3
39334,0
39363,0
39368,4
39411,2
39423,9
39432,8
39450,8
39451,1
39472,9
39513,5
39532,9
39548,4
39552,1
39562,5
39567,6
39573,5
39574,5
39602,8
39606,0
39662,8
39671,5
39694,9
39715,0
39729,7
39735,0
39740,0
39775,0
39785,1
39795,9
39813,7
39823,0
39849,1
39866,4
39882,8
39889,9
39940,5
39956,0
39962,5
39964,5
39982,3
39990,4
40011,8
40046,7
40053,2
40120,2
40157,6
40179,0
40206,2
40212,2
40269,9
40272,2
40347,5
40349,6
40371,9
40381,8
40396,0
40400,0
40401,3
40402,4
40428,0
40440,9
40483,3
40507,9
40576,4
40594,6
40601,4
40615,1
40688,5
40732,0
40743,3
40768,7
40775,6
40796,1
40819,1
40830,3
40846,4
40878,1
40884,1
40911,7
40918,1
40952,6
40981,8
40991,6
41018,6
41034,8
41042,9
41073,1
41117,0
41146,1
41153,8
41208,5
41217,2
41238,1
41250,7
41262,6
41277,5
41325,7
41383,0
41429,2
41478,2
41479,7
41501,9
41565,3
41604,7
41641,1
41770,0
41774,4
41811,0
41847,5
41848,6
41875,9
41878,2
41885,4
41934,5
41953,9
41955,2
41962,9
41974,6
42034,8
42054,3
42070,3
42092,2
42126,2
42158,2
42188,2
42195,7
42227,0
42280,2
42367,9
42376,9
42378,7
42392,5
42420,6
42493,3
42498,6
42544,7
42546,1
42548,7
42553,4
42629,7
42682,8
42688,8
42702,1
42714,6
42725,7
42772,7
42785,6
42814,2
42821,2
42839,2
42847,6
42854,4
42858,4
42905,6
42915,0
42927,1
42929,2
42933,4
42938,3
42967,1
42973,4
43026,4
43053,1
43057,9
43064,3
43075,7
43084,5
43088,0
43096,8
43107,9
43113,2
43158,9
43179,7
43218,5
43260,6
43282,9
43294,2
43326,2
43332,1
43385,9
43407,2
43419,9
43433,4
43436,2
43482,3
43492,3
43498,6
43501,8
43536,0
43582,6
43589,6
43603,5
43606,8
43615,1
43639,4
43641,5
43644,3
43676,5
43681,2
43692,8
43714,1
43718,9
43722,7
43750,9
43766,5
43781,4
43804,6
43835,4
43850,2
43880,8
43904,4
43928,4
43929,4
44033,2
44078,6
44092,2
44120,1
44132,6
44145,7
44176,8
44178,7
44237,6
44288,1
44289,8
44293,5
44309,6
44325,0
44336,6
44366,1
44370,1
44371,2
44375,9
44389,1
44418,1
44436,8
44445,0
44519,3
44521,4
44579,8
44580,3
44600,9
44606,0
44609,3
44614,0
44628,1
44634,5
44645,9
44705,1
44731,4
44745,1
44781,5
44804,5
44818,7
44822,9
44850,4
44863,9
44880,8
44894,4
44924,5
44935,1
44977,4
45029,1
45058,0
45063,1
45065,9
45088,3
45095,4
45289,3
45291,6
45301,9
45363,1
45375,2
45379,8
45386,0
45401,0
45439,2
45452,5
45586,3
45587,9
45672,2
45677,1
45681,4
45698,2
45700,9
45737,8
45748,0
45757,6
45758,3
45799,2
45814,3
45829,7
45845,2
45880,2
45944,9
45957,2
45968,8
45984,6
46002,2
46022,4
46036,2
46046,1
46064,9
46067,6
46120,6
46147,7
46163,2
46166,0
46251,1
46255,9
46276,1
46285,8
46286,2
46297,7
46324,4
46332,0
46352,4
46367,4
46368,8
46400,2
46409,3
46417,1
46450,8
46471,6
46486,2
46504,8
46553,2
46569,9
46573,8
46612,5
46639,3
46665,6
46714,9
46718,1
46753,8
46759,5
46771,7
46778,9
46812,0
46813,5
46822,0
46899,3
46910,2
46914,5
46932,3
46966,2
46971,3
46992,0
47069,0
47097,1
47141,1
47171,2
47173,3
47182,7
47187,1
47240,4
47245,3
47250,5
47255,2
47257,9
47268,1
47280,3
47307,7
47309,8
47317,8
47348,5
47368,4
47385,7
47390,9
47395,3
47422,0
47423,7
47434,1
47463,8
47487,7
47586,5
47600,7
47619,0
47653,3
47681,1
47783,9
47796,1
47821,3
47842,2
47845,5
47862,2
47907,2
47923,0
47938,5
47950,3
47977,1
47987,9
48016,5
48019,2
48056,4
48062,8
48068,4
48084,4
48090,6
48107,2
48125,7
48131,1
48133,6
48145,6
48172,4
48206,8
48218,0
48224,9
48256,8
48270,2
48347,9
48348,5
48349,2
48355,3
48368,1
48374,5
48385,3
48397,5
48413,9
48438,0
48441,1
48452,7
48473,7
48479,0
48494,8
48495,8
48499,3
48507,6
48511,0
48520,4
48570,6
48578,0
48601,0
48686,2
48720,1
48794,3
48795,9
48798,3
48808,0
48832,7
48843,9
48852,7
48856,5
48901,3
48942,4
48951,2
48954,2
49025,5
49033,8
49057,3
49062,5
49063,7
49076,1
49154,1
49159,7
49162,4
49188,3
49189,2
49225,8
49240,7
49266,8
49277,7
49306,0
49324,3
49347,6
49348,5
49370,0
49377,8
49393,5
49396,6
49397,1
49404,3
49415,7
49421,2
49427,5
49439,8
49462,9
49470,5
49473,1
49509,8
49516,7
49539,6
49558,5
49563,8
49566,3
49569,1
49582,2
49656,9
49666,7
49675,0
49714,9
49731,1
49774,0
49776,2
49777,4
49810,3
49817,1
49823,4
49863,5
49906,7
49918,7
49928,5
49932,1
49944,9
49978,7
49995,5
50003,9
50006,5
50092,6
50132,6
50156,0
50157,0
50162,7
50192,0
50243,4
50274,8
50319,4
50328,0
50337,3
50402,6
50410,8
50437,1
50445,9
50448,8
50450,4
50486,4
50491,3
50514,8
50535,8
50542,0
50571,8
50624,5
50668,7
50688,3
50717,3
50734,5
50735,3
50750,0
50755,3
50792,7
50804,0
50845,9
50861,8
50874,7
50878,7
50942,7
50958,0
50975,3
50979,1
50981,4
51018,4
51019,0
51042,9
51095,9
51105,8
51115,6
51171,2
51178,7
51237,3
51251,5
51271,9
51303,0
51321,3
51322,7
51350,4
51362,5
51372,1
51377,1
51379,2
51393,9
51433,5
51438,6
51454,4
51491,0
51496,7
51522,3
51545,9
51576,8
51581,9
51630,2
51649,0
51746,8
51758,0
51774,0
51787,2
51816,3
51818,0
51825,7
51842,9
51853,4
51869,2
51944,4
51953,6
51955,5
51972,5
51973,5
52011,2
52048,0
52099,2
52150,6
52156,6
52160,3
52165,4
52181,7
52235,7
52239,9
52272,3
52336,0
52364,5
52388,5
52420,6
52424,4
52440,2
52453,2
52478,9
52497,7
52510,9
52518,6
52524,7
52536,8
52541,6
52549,2
52553,9
52559,5
52563,3
52566,4
52585,3
52616,1
52619,1
52625,0
52639,0
52662,8
52722,8
52779,7
52812,2
52825,7
52831,0
52836,0
52850,1
52874,2
52876,4
52877,6
52898,2
52953,2
52985,4
53031,4
53042,3
53045,9
53046,5
53071,8
53072,2
53081,6
53104,3
53166,9
53201,5
53231,3
53245,2
53267,9
53286,8
53292,5
53347,4
53350,0
53352,5
53404,0
53406,6
53424,0
53427,1
53434,2
53441,7
53475,3
53504,2
53505,9
53507,5
53542,3
53548,7
53553,6
53598,5
53615,0
53632,0
53653,8
53678,0
53732,5
53739,4
53745,8
53748,2
53774,8
53778,9
53781,7
53782,8
53848,8
53862,2
53865,8
53870,1
53888,4
53892,6
53909,6
53923,3
53936,0
53951,9
53974,4
53976,9
53981,6
53989,2
54010,0
54020,3
54040,8
54054,8
54096,7
54099,7
54113,6
54115,7
54117,8
54137,8
54165,1
54199,3
54256,7
54410,4
54453,7
54463,8
54495,8
54511,2
54556,2
54564,8
54569,8
54590,8
54602,6
54623,7
54642,0
54644,7
54717,6
54721,7
54732,7
54765,2
54784,1
54825,1
54832,0
54843,9
54876,1
54916,8
54919,8
54959,6
55053,4
55060,5
55074,4
55085,4
55125,9
55173,1
55189,7
55228,2
55230,6
55246,0
55249,3
55263,8
55284,8
55289,6
55295,9
55305,5
55319,2
55365,7
55413,7
55414,5
55437,2
55451,8
55469,4
55492,7
55494,7
55510,9
55514,7
55523,1
55538,4
55550,3
55561,6
55588,0
55616,6
55621,1
55654,4
55706,8
55725,6
55730,9
55734,5
55750,7
55752,0
55753,4
55756,7
55757,6
55770,6
55784,1
55819,1
55820,6
55845,3
55846,1
55857,2
55872,4
55873,0
55931,1
55941,3
55957,9
55961,1
55997,2
56021,9
56031,4
56058,7
56061,5
56095,7
56133,9
56163,0
56213,2
56223,2
56247,4
56251,6
56257,9
56271,9
56272,7
56274,7
56275,3
56292,9
56314,5
56365,1
56387,8
56418,7
56451,7
56455,6
56471,1
56496,4
56565,3
56570,0
56576,1
56609,0
56614,2
56627,9
56646,4
56663,5
56687,2
56689,1
56706,6
56708,9
56722,7
56723,4
56743,4
56776,3
56778,0
56785,2
56786,5
56787,7
56798,7
56827,4
56830,6
56838,5
56860,5
56868,0
56875,3
56876,2
56913,8
56916,6
56917,2
56928,5
56931,7
56935,5
56991,1
57072,9
57099,7
57123,4
57127,4
57129,9
57130,2
57153,2
57170,1
57179,8
57199,3
57200,8
57255,7
57260,6
57286,7
57326,0
57364,0
57377,2
57379,8
57389,4
57396,3
57400,1
57461,5
57462,5
57477,3
57494,0
57516,1
57527,3
57569,4
57577,6
57588,2
57591,6
57608,3
57618,8
57646,7
57659,0
57689,3
57699,9
57704,4
57741,8
57760,0
57762,3
57780,1
57803,4
57804,3
57837,5
57842,6
57848,5
57850,6
57865,1
57903,1
57914,3
57966,2
57984,8
57989,6
58004,9
58046,8
58075,9
58080,3
58160,0
58174,4
58213,9
58232,8
58233,8
58244,2
58280,5
58289,4
58295,6
58296,8
58300,4
58377,1
58403,5
58432,4
58475,8
58481,1
58509,9
58515,5
58519,9
58530,7
58562,9
58619,2
58665,0
58673,1
58696,9
58736,8
58743,0
58767,1
58769,0
58796,9
58809,0
58823,4
58838,9
58887,1
58923,2
58967,9
59064,5
59093,2
59100,3
59107,7
59143,0
59188,2
59241,0
59247,1
59285,7
59301,5
59313,0
59331,0
59336,0
59375,3
59378,6
59398,3
59404,9
59446,5
59448,6
59456,2
59472,0
59481,4
59483,6
59518,9
59522,4
59557,0
59561,7
59563,5
59585,0
59638,7
59650,9
59660,3
59665,7
59675,2
59677,2
59681,0
59711,8
59712,0
59748,9
59773,1
59779,7
59797,2
59803,8
59855,2
59856,7
59877,6
59906,5
59917,9
59920,2
59938,7
59964,3
59981,6
