16,2
33,9
46,8
48,9
61,4
63,0
83,6
99,1
116,9
142,4
168,7
177,1
224,1
225,8
236,5
275,4
295,8
297,4
327,3
381,2
392,3
445,8
466,1
483,7
512,5
542,0
546,3
576,4
608,7
622,5
626,9
628,8
644,7
655,4
665,6
705,8
745,0
759,6
810,6
823,8
854,2
862,2
884,7
889,0
922,6
926,4
928,7
935,8
964,5
967,4
977,6
1023,7
1028,0
1044,1
1048,2
1049,0
1056,9
1060,1
1062,5
1073,4
1081,1
1113,6
1186,7
1213,2
1243,1
1265,5
1267,8
1269,6
1279,8
1309,6
1316,9
1317,3
1322,7
1341,3
1385,2
1387,0
1396,9
1408,4
1412,7
1415,6
1426,9
1427,2
1439,8
1463,1
1471,0
1477,4
1509,5
1530,0
1538,6
1545,4
1558,2
1562,6
1584,2
1607,1
1608,7
1610,9
1632,9
1670,5
1687,7
1694,6
1754,2
1755,2
1759,8
1771,0
1783,8
1805,3
1806,5
1823,2
1851,7
1866,6
1874,2
1875,9
1876,0
1889,6
1908,3
1914,8
1926,0
1954,2
1956,0
1971,3
2049,5
2058,0
2069,4
2073,2
2106,4
2110,1
2124,8
2136,1
2141,9
2145,7
2162,1
2210,8
2217,4
2230,3
2240,4
2283,2
2294,4
2303,8
2377,2
2435,0
2443,4
2460,9
2466,4
2486,6
2492,7
2502,7
2509,9
2517,2
2528,0
2554,5
2555,8
2560,4
2573,6
2576,7
2595,9
2606,0
2621,0
2625,2
2627,3
2628,8
2649,9
2656,6
2686,4
2698,5
2713,5
2720,3
2722,9
2733,2
2743,7
2814,7
2829,4
2842,8
2846,2
2861,5
2926,3
2932,1
2995,7
3000,9
3044,9
3070,1
3092,4
3125,4
3129,5
3151,7
3157,4
3174,3
3175,0
3232,9
3249,7
3275,5
3280,4
3281,8
3329,2
3341,2
3346,9
3348,9
3350,4
3356,5
3364,6
3365,8
3409,0
3420,8
3461,0
3493,8
3495,8
3496,4
3518,7
3526,8
3559,6
3600,8
3638,5
3643,8
3644,1
3672,2
3688,8
3706,6
3736,6
3788,7
3798,7
3823,7
3825,8
3843,7
3858,6
3909,7
3995,3
4046,7
4074,7
4078,6
4108,0
4111,2
4120,1
4122,9
4218,0
4237,1
4280,7
4289,0
4297,4
4413,5
4427,2
4495,5
4515,5
4552,3
4561,1
4566,1
4690,9
4704,5
4768,4
4789,4
4840,7
4842,7
4857,6
4866,3
4884,1
5033,4
5057,7
5062,9
5070,6
5086,3
5096,0
5098,6
5126,6
5141,6
5167,0
5171,2
5182,7
5266,0
5293,4
5334,6
5371,9
5382,5
5396,3
5411,9
5486,6
5509,2
5515,5
5516,1
5526,5
5553,6
5556,6
5562,3
5588,3
5595,9
5602,2
5608,0
5613,4
5623,4
5632,6
5645,9
5687,3
5697,0
5702,3
5741,7
5752,5
5757,5
5781,8
5782,6
5796,4
5797,9
5867,2
5891,4
5908,2
5909,2
5912,7
5929,0
5939,5
5944,4
5956,6
5981,0
5990,6
6002,1
6009,4
6042,9
6052,1
6084,9
6094,0
6095,4
6105,2
6125,2
6134,7
6141,7
6148,3
6190,2
6223,8
6228,0
6280,7
6281,6
6286,3
6297,3
6307,2
6312,4
6329,4
6357,0
6368,9
6391,2
6393,6
6410,3
6504,5
6509,6
6528,7
6529,5
6572,6
6581,6
6584,3
6589,9
6602,6
6607,0
6620,8
6628,2
6637,2
6659,8
6682,1
6691,5
6699,9
6710,3
6712,5
6720,6
6722,7
6760,8
6773,2
6781,5
6791,0
6804,4
6837,6
6869,6
6901,4
6902,7
6929,5
6942,8
6963,6
6974,2
6992,2
7000,8
7022,1
7029,2
7048,8
7059,7
7064,6
7080,3
7143,0
7150,3
7173,7
7179,6
7185,1
7200,9
7208,9
7233,9
7237,1
7247,0
7260,5
7261,3
7276,5
7279,5
7283,3
7330,1
7350,4
7376,8
7381,9
7402,1
7424,1
7446,7
7494,7
7512,8
7527,7
7587,2
7598,6
7641,6
7723,4
7738,5
7749,4
7759,6
7762,3
7791,9
7808,7
7853,9
7898,1
7903,4
7932,0
7937,6
7942,2
7951,1
8002,2
8013,3
8038,7
8050,0
8052,3
8059,9
8065,3
8066,9
8080,1
8088,0
8093,0
8129,0
8137,7
8153,6
8249,0
8257,2
8290,6
8305,6
8383,1
8397,8
8423,1
8429,7
8441,8
8470,2
8503,9
8525,9
8534,4
8535,8
8567,4
8610,1
8617,2
8666,8
8681,0
8687,0
8739,0
8745,9
8749,2
8754,0
8763,0
8800,3
8810,2
8836,1
8844,2
8850,6
8894,0
8963,1
8969,0
8990,7
8992,1
8998,9
9001,7
9017,1
9018,0
9023,7
9084,5
9107,3
9126,6
9141,3
9142,0
9149,4
9153,3
9160,5
9189,4
9191,9
9201,6
9206,6
9213,8
9264,1
9265,9
9302,3
9338,6
9349,8
9398,2
9405,6
9415,1
9437,9
9455,0
9479,2
9489,2
9498,7
9504,9
9520,3
9534,6
9537,8
9566,4
9572,2
9593,6
9638,3
9668,2
9708,9
9727,2
9749,8
9750,0
9792,8
9799,8
9803,1
9847,8
9875,1
9914,0
9916,3
9964,2
9968,9
9985,0
10063,7
10087,2
10114,4
10138,2
10148,7
10160,7
10183,9
10188,0
10203,0
10206,3
10231,7
10280,5
10308,2
10368,2
10379,8
10440,6
10492,5
10507,9
10521,4
10525,4
10528,2
10566,5
10601,1
10617,6
10673,2
10702,7
10720,8
10740,5
10783,1
10792,6
10825,2
10843,6
10855,6
10891,5
10909,0
10914,0
10926,1
10928,4
10947,1
11007,7
11014,0
11036,0
11039,3
11045,0
11046,4
11072,0
11120,8
11141,5
11169,3
11174,6
11179,5
11198,5
11205,1
11237,5
11244,3
11259,3
11264,4
11279,1
11284,3
11295,0
11306,2
11308,1
11330,0
11368,9
11378,4
11382,8
11419,4
11421,7
11439,1
11456,5
11468,4
11488,7
11540,7
11567,4
11570,3
11607,1
11653,4
11662,8
11677,1
11696,5
11701,0
11717,8
11718,2
11725,5
11731,6
11739,5
11759,6
11821,7
11822,7
11863,3
11877,7
11884,9
11936,5
11966,5
11982,1
12015,2
12018,7
12078,1
12111,8
12160,9
12166,1
12194,4
12208,7
12237,9
12239,0
12287,7
12290,6
12318,1
12349,3
12350,3
12378,8
12387,0
12391,7
12413,7
12439,7
12453,7
12457,0
12459,1
12465,4
12474,2
12490,3
12497,0
12504,0
12518,6
12519,5
12529,9
12544,3
12557,8
12564,4
12565,8
12586,8
12592,3
12608,2
12627,8
12682,2
12683,8
12691,0
12692,5
12715,6
12721,9
12780,3
12783,3
12784,2
12802,2
12816,5
12834,6
12840,9
12905,6
12922,4
12949,1
12997,4
13057,9
13062,8
13123,7
13144,3
13146,3
13147,6
13148,2
13151,8
13152,8
13171,8
13181,3
13184,0
13206,0
13212,3
13238,0
13250,3
13290,6
13342,8
13362,9
13365,8
13385,4
13396,8
13410,7
13426,4
13561,7
13604,1
13648,1
13668,9
13671,6
13686,6
13696,6
13701,1
13703,3
13712,6
13741,2
13753,7
13835,1
13836,3
13851,9
13869,8
13873,0
13874,0
13875,1
13903,1
13905,7
13932,9
13955,0
13987,4
14067,4
14077,9
14088,7
14092,0
14095,7
14111,7
14118,2
14125,2
14126,1
14133,1
14179,0
14190,6
14191,8
14196,1
14215,2
14236,3
14250,8
14254,9
14302,2
14355,2
14357,2
14370,5
14383,3
14403,7
14406,8
14471,5
14481,0
14534,5
14565,6
14605,7
14616,4
14618,6
14641,6
14697,8
14735,9
14765,3
14801,6
14811,4
14819,2
14841,7
14880,3
14887,5
14892,1
14908,8
14915,9
14942,1
14952,6
14968,8
14991,0
15009,1
15010,3
15016,2
15083,2
15129,8
15137,2
15157,1
15173,7
15178,5
15211,6
15214,4
15250,3
15251,3
15279,2
15285,5
15295,2
15345,1
15364,8
15372,3
15390,5
15455,8
15467,8
15527,6
15528,5
15532,8
15550,1
15558,5
15622,4
15639,3
15654,9
15660,2
15662,0
15695,0
15710,1
15717,3
15753,0
15754,7
15756,6
15778,5
15790,1
15840,4
15849,7
15852,4
15872,3
15892,5
15895,7
15909,7
15912,9
15924,6
15938,3
15948,2
15996,5
16024,2
16029,3
16104,2
16117,9
16121,1
16194,7
16215,5
16223,8
16274,8
16276,5
16278,1
16354,0
16366,3
16372,3
16383,7
16391,4
16410,6
16413,9
16415,0
16442,5
16456,2
16496,7
16528,7
16564,3
16654,2
16655,5
16698,5
16703,6
16763,3
16780,5
16792,6
16839,9
16866,0
16885,1
16887,1
16913,4
16953,9
16960,1
16981,9
17001,6
17054,7
17080,2
17088,3
17093,6
17150,6
17184,1
17213,1
17214,0
17226,9
17227,3
17229,6
17294,5
17295,3
17314,0
17355,3
17356,7
17381,0
17411,0
17435,3
17465,1
17467,3
17471,3
17518,0
17520,2
17538,1
17595,2
17597,9
17617,7
17632,3
17635,2
17640,4
17658,8
17761,0
17777,3
17805,2
17826,9
17903,9
17967,3
18010,2
18014,8
18016,1
18020,7
18039,3
18061,3
18102,0
18140,6
18142,7
18148,1
18160,7
18206,2
18225,3
18246,4
18254,5
18278,0
18279,4
18281,8
18352,1
18357,0
18368,8
18402,7
18471,0
18497,1
18532,7
18586,0
18600,5
18657,8
18669,9
18671,7
18679,3
18697,9
18710,8
18714,8
18729,7
18750,0
18758,1
18799,0
18803,2
18819,7
18839,5
18846,4
18854,4
18872,8
18932,5
18955,3
18994,8
19001,5
19040,6
19054,7
19079,8
19098,9
19101,3
19121,4
19125,6
19142,6
19146,9
19162,5
19178,9
19244,9
19247,3
19259,7
19276,6
19311,4
19360,0
19365,8
19391,2
19393,9
19397,2
19424,7
19435,8
19440,1
19448,7
19455,8
19492,0
19506,5
19517,1
19523,6
19549,3
19566,8
19577,9
19600,8
19649,0
19651,1
19667,9
19679,5
19694,2
19720,8
19741,5
19771,7
19811,0
19828,6
19831,4
19857,0
19887,9
19891,2
19909,5
19919,2
19969,0
19972,9
19981,8
20071,2
20090,7
20119,6
20123,0
20134,7
20194,1
20196,9
20227,7
20232,1
20240,2
20241,9
20255,7
20294,4
20313,2
20363,8
20364,8
20370,7
20379,4
20416,6
20430,3
20453,5
20462,9
20496,4
20532,7
20550,2
20552,7
20588,7
20610,3
20654,1
20667,9
20676,9
20687,3
20701,6
20718,5
20765,7
20781,6
20790,3
20805,3
20858,8
20878,5
20892,6
20924,4
21020,9
21026,3
21039,5
21041,6
21130,4
21132,0
21142,0
21181,4
21199,0
21209,3
21225,5
21310,8
21311,6
21313,7
21330,2
21379,1
21386,7
21423,9
21442,4
21455,5
21470,2
21489,5
21509,9
21540,9
21561,4
21571,9
21624,7
21669,9
21671,5
21741,1
21742,2
21807,9
21811,1
21850,5
21858,4
21872,9
21880,2
21899,1
21910,0
21917,2
21943,8
21974,3
21986,3
21993,3
22006,6
22010,2
22068,6
22069,3
22076,2
22147,5
22161,4
22197,4
22261,8
22269,2
22272,5
22291,6
22324,8
22327,4
22337,0
22351,7
22397,2
22420,7
22438,8
22448,6
22456,4
22471,9
22487,0
22515,7
22534,7
22539,7
22581,5
22588,7
22622,5
22623,8
22635,2
22647,5
22653,8
22654,6
22663,3
22668,3
22689,1
22690,6
22693,6
22722,4
22723,3
22741,3
22751,2
22777,0
22789,6
22800,2
22812,1
22825,3
22848,1
22867,5
22889,6
22899,1
22943,3
22947,9
22949,0
22958,2
22979,5
22985,4
22988,4
23031,4
23079,2
23083,4
23084,9
23101,3
23106,2
23121,4
23127,7
23155,7
23156,3
23163,8
23167,1
23201,4
23209,5
23223,6
23224,9
23229,2
23237,5
23307,4
23357,3
23380,0
23393,4
23406,4
23452,5
23492,1
23496,5
23504,0
23541,0
23546,5
23575,9
23614,1
23615,4
23636,4
23642,2
23658,4
23697,6
23709,0
23712,3
23723,9
23741,0
23744,9
23766,6
23772,9
23826,2
23827,5
23861,5
23866,3
23873,3
23906,5
23921,1
23937,6
23944,9
23952,2
23958,6
23990,9
24012,2
24059,3
24098,2
24100,5
24110,8
24116,2
24198,2
24214,6
24233,4
24254,7
24286,6
24331,2
24357,1
24394,5
24424,1
24434,7
24437,4
24452,3
24487,1
24508,9
24517,2
24521,8
24547,4
24570,2
24576,6
24618,2
24653,4
24725,5
24726,6
24765,5
24769,8
24772,3
24796,2
24826,8
24853,2
24864,5
24883,3
24914,9
24930,1
24932,1
24937,8
24945,6
24949,9
24970,1
24975,7
24992,4
24993,0
25048,4
25055,3
25083,9
25089,2
25099,9
25102,6
25109,4
25180,4
25187,3
25208,3
25243,0
25245,3
25249,2
25267,9
25285,0
25317,6
25353,4
25386,0
25388,8
25395,0
25415,8
25459,2
25524,1
25567,0
25584,0
25620,8
25662,4
25670,4
25700,2
25705,7
25785,1
25837,9
25838,2
25861,3
25884,4
25887,4
25901,6
25912,2
25942,0
25966,5
26019,6
26024,5
26029,1
26037,5
26099,1
26143,5
26148,3
26171,3
26199,9
26202,1
26207,4
26212,9
26213,2
26299,6
26343,0
26368,5
26389,0
26400,9
26416,9
26488,3
26500,7
26516,6
26528,7
26536,9
26603,6
26609,9
26638,2
26646,2
26648,5
26654,6
26670,6
26679,7
26729,6
26735,6
26754,6
26821,2
26823,5
26866,3
26886,7
26899,2
26901,5
26918,5
26946,6
26986,1
27019,6
27038,5
27070,0
27095,3
27098,7
27107,9
27177,8
27191,9
27195,8
27207,1
27237,9
27238,3
27247,0
27280,0
27303,6
27343,0
27344,9
27349,3
27368,9
27383,9
27400,5
27403,5
27409,1
27411,0
27412,5
27426,2
27459,8
27482,5
27502,5
27573,3
27575,4
27619,1
27632,7
27639,1
27648,5
27691,3
27693,1
27719,2
27733,8
27758,7
27781,2
27809,4
27818,5
27846,9
27849,8
27859,0
27885,1
27899,3
27926,9
27927,8
27940,6
27944,7
27957,2
28047,9
28053,7
28067,2
28076,0
28245,1
28251,6
28257,0
28273,7
28285,2
28289,2
28328,0
28350,1
28368,9
28387,1
28435,6
28477,5
28495,8
28542,7
28548,6
28570,5
28579,5
28581,8
28602,6
28605,6
28606,5
28611,2
28636,9
28654,5
28725,0
28753,9
28754,9
28756,6
28766,8
28775,7
28805,6
28829,6
28830,6
28835,0
28839,2
28853,9
28871,8
28888,0
28891,8
28929,2
28931,8
28942,4
28951,5
28958,2
28961,1
28973,0
29017,2
29070,8
29078,9
29112,5
29129,5
29139,8
29164,8
29225,3
29227,1
29234,9
29235,0
29251,4
29267,2
29290,2
29306,8
29315,1
29333,7
29337,1
29348,5
29349,9
29382,7
29413,2
29417,8
29432,7
29449,2
29463,7
29469,0
29475,9
29485,4
29520,0
29571,5
29588,4
29604,8
29624,2
29630,6
29645,4
29655,9
29659,5
29671,3
29688,4
29697,1
29702,8
29707,6
29713,0
29737,9
29771,5
29807,1
29831,8
29837,2
29870,5
29915,5
29922,4
29931,7
29935,9
29940,5
29971,6
30007,1
30027,2
30028,5
30070,3
30076,2
30093,3
30098,8
30117,1
30142,6
30173,8
30180,4
30187,0
30192,6
30207,0
30210,1
30241,3
30258,3
30270,1
30287,4
30309,2
30333,5
30370,0
30374,8
30377,3
30438,0
30472,4
30489,3
30493,1
30515,3
30541,7
30581,8
30585,0
30646,9
30693,9
30787,0
30805,9
30806,8
30807,0
30888,4
30910,9
30945,6
30948,0
30981,9
30984,3
30985,8
31020,0
31021,3
31052,4
31055,7
31100,7
31109,0
31142,9
31146,2
31342,6
31353,9
31379,3
31382,7
31383,7
31401,2
31427,1
31436,4
31459,7
31572,6
31584,5
31624,9
31633,1
31723,3
31734,5
31736,6
31743,4
31745,3
31767,9
31804,7
31852,2
31984,4
32009,0
32039,5
32046,8
32072,8
32090,5
32098,0
32105,8
32138,1
32171,3
32210,0
32217,5
32233,5
32235,9
32259,8
32306,1
32325,6
32326,1
32331,9
32341,4
32346,7
32359,7
32364,7
32397,5
32401,3
32420,3
32469,4
32471,8
32476,3
32480,8
32511,5
32515,7
32545,2
32569,6
32595,2
32640,2
32653,3
32658,6
32669,4
32674,5
32676,9
32678,2
32694,6
32741,1
32757,5
32768,2
32773,1
32814,1
32832,4
32834,0
32837,8
32840,5
32845,2
32861,7
32888,7
32931,3
32934,2
32948,8
32972,9
32996,5
33003,0
33012,1
33042,0
33046,5
33079,0
33084,1
33093,7
33124,1
33140,1
33175,1
33196,7
33199,9
33209,6
33210,2
33215,9
33226,9
33301,4
33352,5
33374,1
33391,4
33441,1
33478,4
33480,1
33491,3
33494,5
33508,1
33512,0
33524,7
33534,0
33555,5
33579,8
33596,1
33605,5
33623,1
33656,7
33669,0
33715,6
33761,4
33762,9
33767,5
33806,9
33838,7
33841,1
33847,0
33861,1
33884,4
33894,4
33912,7
33958,4
33961,9
33991,4
33997,8
33999,9
34042,8
34046,6
34052,9
34081,7
34106,6
34137,5
34139,5
34146,4
34151,8
34171,3
34186,6
34218,2
34227,9
34240,4
34247,6
34263,1
34285,6
34287,2
34304,8
34313,8
34362,5
34364,3
34368,3
34391,5
34402,1
34428,4
34451,0
34473,5
34477,7
34486,0
34506,7
34508,0
34509,5
34515,1
34517,9
34576,7
34602,5
34632,1
34668,9
34697,6
34706,0
34713,3
34716,3
34717,2
34733,4
34744,4
34765,6
34815,3
34819,8
34824,9
34842,8
34845,3
34884,1
34890,7
34901,8
34927,1
34934,7
34945,1
34951,7
34955,4
34963,6
34969,9
34971,4
35063,0
35067,0
35090,2
35156,3
35165,3
35172,5
35219,6
35236,1
35251,8
35262,0
35283,9
35316,7
35329,1
35339,8
35353,8
35387,9
35391,7
35425,4
35448,1
35498,3
35537,6
35542,3
35598,9
35626,4
35661,1
35736,6
35759,4
35763,9
35769,4
35770,2
35780,4
35796,3
35826,1
35997,8
36005,3
36024,9
36026,5
36037,1
36045,1
36078,3
36080,9
36089,5
36098,1
36110,1
36133,2
36143,0
36152,7
36163,0
36172,9
36213,0
36214,5
36217,5
36246,4
36265,1
36284,7
36297,1
36305,6
36349,9
36352,7
36387,8
36415,6
36418,9
36491,6
36508,5
36538,9
36577,4
36583,7
36598,8
36611,7
36616,6
36619,4
36629,9
36634,4
36669,1
36672,8
36678,9
36690,5
36738,1
36761,3
36787,5
36848,0
36865,8
36895,6
36935,9
36937,0
36940,4
36954,7
37036,1
37044,6
37048,9
37061,1
37062,9
37066,5
37067,4
37105,3
37124,3
37129,8
37130,8
37136,9
37158,0
37202,8
37204,3
37207,1
37231,6
37236,6
37253,8
37267,8
37276,5
37291,2
37326,9
37344,8
37366,4
37390,6
37446,2
37447,4
37451,6
37476,6
37482,1
37484,2
37516,4
37550,7
37593,9
37658,3
37668,2
37671,2
37673,7
37707,6
37778,8
37783,8
37788,6
37806,2
37829,6
37845,6
37846,4
37868,8
37873,9
37916,4
37990,6
38008,0
38058,3
38067,8
38070,2
38126,0
38129,3
38138,0
38152,6
38164,1
38178,7
38206,1
38226,1
38227,4
38250,5
38274,4
38325,5
38342,6
38347,6
38384,1
38394,6
38401,2
38438,2
38447,7
38469,2
38494,0
38532,1
38549,3
38591,1
38605,0
38629,1
38651,9
38669,7
38693,0
38722,0
38794,7
38818,5
38819,7
38828,1
38898,4
38959,5
38961,6
38982,3
39003,7
39026,7
39031,2
39037,0
39099,3
39100,3
39113,7
39135,8
39139,9
39162,2
39170,2
39188,6
39221,6
39244,7
39259,9
39260,6
39266,8
39294,7
39299,2
39310,7
39325,3
39342,2
39346,0
39389,8
39401,7
39415,3
39418,9
39445,3
39456,8
39471,4
39473,5
39486,4
39499,8
39512,1
39513,5
39548,4
39549,9
39558,4
39612,0
39645,5
39653,8
39681,5
39701,0
39703,4
39726,2
39799,4
39815,6
39857,1
39867,4
39882,8
39883,6
39891,4
39919,2
39932,9
39982,3
39985,5
39989,7
40014,5
40020,3
40027,2
40029,7
40062,4
40090,2
40094,4
40118,7
40131,8
40142,1
40146,8
40156,4
40176,6
40183,2
40187,4
40199,0
40220,1
40281,3
40291,5
40305,3
40326,5
40367,6
40368,7
40404,3
40408,8
40429,4
40479,0
40488,8
40507,9
40523,4
40530,2
40558,8
40564,6
40616,6
40625,6
40631,9
40682,1
40712,7
40727,8
40731,5
40736,5
40754,6
40784,7
40817,0
40852,8
40879,1
40883,3
40910,4
40930,5
40933,4
40937,7
40938,9
40955,4
40975,2
41020,4
41068,4
41079,4
41094,5
41108,0
41132,8
41173,4
41186,5
41252,0
41257,6
41286,0
41318,0
41322,5
41390,5
41402,5
41420,2
41432,0
41438,2
41439,6
41445,0
41543,3
41553,0
41557,0
41581,2
41583,9
41586,6
41596,1
41634,0
41639,3
41642,6
41656,7
41663,8
41683,0
41756,0
41763,9
41779,7
41793,6
41796,4
41810,0
41823,1
41832,2
41846,4
41860,2
41877,0
41880,0
41912,6
41922,0
41951,5
41967,1
41991,4
42058,1
42076,8
42093,1
42105,7
42113,1
42146,7
42153,0
42158,2
42193,5
42207,6
42212,3
42213,4
42234,6
42251,3
42263,4
42275,0
42297,8
42300,4
42319,2
42349,0
42359,5
42366,2
42377,4
42393,1
42397,8
42404,1
42484,4
42486,1
42495,8
42502,1
42505,3
42506,1
42556,5
42600,6
42604,5
42614,0
42625,1
42627,3
42631,5
42653,4
42677,3
42695,7
42729,6
42744,0
42759,0
42764,0
42778,8
42827,5
42842,2
42854,4
42856,6
42863,5
42883,2
42914,3
42918,2
42928,7
42940,5
42946,9
42958,2
42990,8
43007,1
43010,4
43014,3
43015,4
43118,1
43134,0
43137,4
43167,9
43186,0
43249,1
43261,1
43290,8
43291,4
43294,2
43306,8
43318,5
43323,1
43340,7
43366,0
43393,3
43431,6
43502,9
43511,8
43516,4
43517,3
43573,3
43603,5
43641,5
43667,9
43673,6
43757,4
43807,6
43821,7
43822,6
43823,8
43825,9
43834,0
43863,9
43906,4
43908,6
43969,7
44005,7
44020,3
44049,2
44116,9
44131,1
44146,3
44160,7
44193,3
44216,3
44220,1
44254,7
44284,4
44288,1
44306,1
44372,0
44374,2
44396,9
44401,2
44409,7
44416,3
44481,5
44493,1
44524,1
44531,0
44538,7
44541,2
44553,9
44576,8
44577,7
44582,1
44584,4
44590,7
44610,7
44634,5
44639,2
44641,9
44642,5
44650,1
44675,0
44707,2
44730,0
44763,9
44772,7
44821,5
44847,2
44864,1
44927,7
44936,9
44955,0
44970,5
44980,8
45070,5
45083,0
45086,9
45098,8
45114,7
45119,9
45171,3
45172,4
45174,9
45248,6
45271,3
45279,7
45284,1
45296,4
45299,4
45302,1
45305,5
45308,9
45314,7
45353,4
45365,3
45372,1
45414,2
45442,0
45455,0
45463,8
45465,9
45470,5
45490,5
45538,4
45551,7
45555,9
45563,3
45564,4
45565,4
45570,7
45575,9
45580,6
45647,8
45701,0
45702,6
45711,5
45712,3
45722,0
45754,1
45758,3
45768,1
45773,4
45791,3
45838,2
45881,6
45885,2
45891,8
45962,1
45976,8
45990,3
46016,7
46021,9
46037,4
46047,2
46080,8
46098,3
46123,9
46131,6
46143,2
46156,7
46158,1
46185,1
46191,8
46203,5
46230,4
46244,5
46254,1
46291,1
46293,2
46312,5
46336,9
46383,6
46423,9
46433,1
46470,1
46493,7
46499,1
46529,6
46555,3
46564,4
46631,8
46640,5
46667,5
46670,6
46694,2
46697,7
46722,1
46730,8
46785,0
46815,3
46821,3
46824,5
46826,0
46838,3
46933,1
46952,0
46999,5
47017,9
47028,4
47042,0
47053,8
47060,5
47073,0
47085,8
47095,3
47114,2
47124,0
47165,9
47168,7
47196,9
47197,0
47238,2
47251,5
47253,7
47274,8
47353,9
47417,7
47434,1
47444,5
47471,5
47487,7
47515,2
47532,4
47536,7
47542,1
47556,9
47572,0
47620,3
47623,2
47658,2
47681,1
47683,5
47704,0
47710,2
47712,9
47718,5
47724,3
47739,0
47740,0
47751,1
47752,0
47774,6
47802,3
47843,4
47844,7
47888,8
47912,2
47946,3
47968,5
48000,4
48006,6
48012,0
48014,3
48032,6
48051,6
48053,7
48058,5
48071,6
48077,9
48078,5
48117,6
48120,4
48124,7
48230,5
48251,5
48287,0
48376,4
48384,9
48417,2
48430,6
48447,4
48450,7
48460,2
48482,3
48536,2
48563,3
48568,6
48605,6
48670,0
48690,4
48700,3
48724,7
48729,0
48774,5
48779,4
48784,2
48789,9
48798,3
48815,0
48820,2
48832,7
48841,2
48847,5
48865,5
48913,1
48925,8
48936,4
48947,0
48966,5
48974,3
48975,2
48980,9
49012,7
49016,8
49062,5
49116,7
49138,4
49161,6
49165,8
49173,6
49186,1
49190,5
49206,4
49210,1
49225,8
49228,3
49240,7
49243,0
49244,0
49254,3
49255,6
49269,3
49280,0
49282,2
49298,9
49299,4
49305,6
49330,7
49345,4
49355,1
49388,9
49395,1
49425,2
49427,5
49447,9
49455,5
49489,9
49492,9
49505,6
49524,6
49533,0
49540,7
49545,8
49548,8
49556,3
49566,3
49572,8
49589,3
49602,3
49620,8
49635,7
49640,9
49646,4
49669,9
49725,3
49730,9
49847,6
49874,4
49894,0
49917,2
49947,8
49956,9
49988,9
49993,2
49995,5
50011,2
50014,4
50048,8
50062,1
50063,1
50090,4
50095,7
50111,5
50176,8
50198,8
50218,2
50223,5
50232,1
50252,5
50254,7
50263,5
50318,9
50337,3
50372,3
50373,9
50385,0
50400,1
50425,6
50430,5
50447,1
50455,7
50458,9
50480,0
50532,8
50540,5
50541,1
50548,8
50559,0
50567,4
50571,8
50609,4
50655,7
50679,3
50685,1
50706,7
50717,3
50734,5
50757,4
50775,3
50786,5
50792,7
50821,8
50829,1
50844,4
50856,6
50866,6
50889,4
50931,1
50970,8
50976,3
50977,2
50978,7
51029,0
51039,5
51040,5
51074,7
51093,9
51112,1
51129,1
51146,4
51154,3
51160,8
51175,4
51204,7
51206,1
51232,6
51261,4
51270,4
51284,9
51350,4
51386,6
51393,9
51404,0
51424,8
51441,7
51537,7
51545,9
51615,8
51645,8
51662,6
51675,3
51692,5
51698,2
51699,2
51705,8
51734,6
51755,6
51756,3
51771,3
51775,5
51782,2
51787,2
51790,3
51795,5
51800,5
51827,9
51834,0
51850,8
51873,4
51888,1
51899,8
51948,8
51955,5
51959,2
51968,8
51979,4
52012,8
52031,1
52049,6
52050,8
52061,9
52088,1
52105,0
52119,1
52123,9
52143,1
52176,7
52219,8
52296,8
52300,3
52310,5
52322,7
52340,9
52356,9
52361,1
52368,1
52379,3
52402,4
52433,2
52448,4
52473,4
52478,9
52483,8
52507,5
52517,4
52545,3
52586,1
52612,8
52628,0
52671,8
52684,2
52689,8
52691,0
52709,9
52746,8
52753,3
52763,9
52764,8
52782,2
52787,7
52817,0
52919,4
52967,1
52975,2
52987,2
53000,5
53011,8
53017,2
53060,7
53078,4
53108,3
53134,4
53159,7
53191,8
53203,8
53228,6
53239,2
53285,8
53294,8
53310,1
53327,4
53331,6
53354,0
53387,0
53392,7
53407,0
53421,4
53435,9
53462,8
53478,7
53494,2
53500,2
53508,8
53510,7
53524,0
53532,9
53594,1
53606,6
53624,7
53659,8
53678,0
53707,1
53725,7
53732,5
53736,9
53805,1
53828,6
53829,5
53858,7
53874,3
53877,6
53964,9
53996,8
54005,1
54022,7
54029,3
54034,8
54054,8
54062,3
54079,1
54084,3
54102,0
54136,8
54140,3
54146,9
54192,8
54220,2
54236,1
54240,2
54248,3
54250,3
54296,3
54298,6
54331,5
54336,8
54337,8
54386,9
54415,4
54450,8
54457,2
54459,0
54493,3
54506,1
54509,9
54515,0
54525,5
54527,2
54530,3
54531,3
54534,3
54564,8
54581,5
54596,8
54598,5
54646,6
54674,2
54699,6
54715,0
54718,4
54735,3
54763,9
54804,0
54826,4
54883,5
54886,1
54891,7
54894,2
54915,3
54936,4
54973,2
54979,1
55005,4
55014,1
55022,8
55049,2
55075,5
55082,7
55093,3
55119,7
55123,6
55125,9
55130,0
55141,4
55172,2
55213,6
55220,2
55232,1
55235,9
55267,1
55273,6
55297,0
55309,7
55318,4
55356,5
55358,1
55395,8
55400,0
55437,2
55447,6
55531,5
55536,6
55544,7
55568,9
55573,9
55585,4
55596,1
55615,6
55705,3
55711,9
55723,2
55733,8
55742,6
55793,4
55797,6
55803,9
55839,5
55848,7
55906,2
55927,4
55957,9
55998,3
56004,8
56044,6
56102,9
56105,6
56127,5
56152,9
56165,3
56168,2
56171,6
56210,6
56220,7
56231,6
56256,0
56287,7
56293,4
56294,7
56304,9
56338,1
56392,7
56424,0
56426,7
56430,8
56460,0
56471,1
56529,5
56537,1
56569,2
56604,7
56703,9
56718,6
56732,5
56752,2
56754,3
56765,5
56825,4
56829,9
56832,7
56881,8
56900,7
56906,9
56920,7
56945,1
56961,2
57033,9
57044,7
57089,6
57103,3
57108,8
57110,7
57114,4
57126,4
57170,1
57173,3
57217,8
57231,5
57257,8
57272,1
57274,9
57286,7
57345,5
57368,4
57398,2
57417,4
57419,6
57453,1
57459,4
57494,0
57521,1
57532,8
57622,6
57623,9
57666,8
57669,2
57678,8
57679,3
57708,4
57714,1
57720,0
57731,8
57755,2
57766,3
57770,6
57783,6
57811,0
57837,5
57843,0
57943,6
57952,3
57975,9
58000,2
58025,5
58028,8
58035,0
58081,9
58083,1
58134,5
58143,7
58151,4
58152,9
58200,3
58210,4
58223,0
58232,8
58234,1
58252,3
58262,5
58285,0
58300,4
58340,4
58344,9
58371,8
58396,0
58408,0
58421,3
58437,9
58513,3
58562,9
58577,9
58579,4
58584,0
58609,0
58612,3
58618,1
58676,7
58679,8
58682,6
58706,5
58729,3
58732,6
58735,9
58739,5
58781,6
58863,6
58918,9
58957,5
58971,3
58973,0
58977,7
58983,3
59005,5
59014,3
59024,9
59040,2
59062,3
59078,0
59162,7
59173,8
59175,0
59201,5
59241,0
59245,2
59261,4
59324,6
59376,4
59421,0
59435,7
59496,9
59542,8
59544,8
59571,1
59590,5
59593,8
59612,8
59618,5
59641,2
59643,3
59677,2
59769,3
59770,6
59771,9
59812,7
59859,0
59879,4
59925,7
59957,3
59981,6
59991,2
59999,8
