0,5
16,2
46,8
62,6
65,5
71,7
196,7
197,8
219,5
221,6
267,9
287,5
294,4
300,8
306,5
314,4
323,6
333,8
411,7
429,0
430,6
476,2
477,2
509,3
524,0
553,1
560,7
666,0
717,4
743,0
746,4
751,5
753,7
767,3
860,0
867,3
883,7
893,2
957,0
974,9
975,3
990,4
1023,7
1024,5
1054,7
1083,9
1089,5
1093,0
1117,6
1119,3
1124,2
1125,7
1154,7
1166,7
1214,8
1248,4
1265,5
1281,7
1297,6
1341,3
1344,8
1353,7
1363,0
1380,4
1394,1
1413,5
1442,5
1466,6
1473,4
1476,3
1518,9
1558,2
1578,0
1597,1
1627,1
1643,9
1661,3
1711,2
1775,0
1777,8
1780,8
1818,4
1835,6
1844,6
1859,1
1898,6
1921,3
1946,7
1949,9
1950,9
1956,0
1980,6
1991,5
2005,6
2009,0
2032,4
2064,7
2077,8
2096,6
2128,3
2138,6
2177,1
2209,5
2230,3
2231,8
2243,8
2256,4
2260,1
2272,5
2337,2
2348,7
2367,7
2379,3
2385,9
2392,4
2426,1
2502,7
2530,1
2549,5
2564,3
2601,2
2608,4
2618,7
2629,0
2640,9
2686,4
2719,1
2784,1
2827,4
2841,8
2852,7
2863,6
2878,1
2885,5
2914,0
2930,6
2932,1
2940,8
2956,9
2959,2
2972,8
3005,3
3042,2
3092,4
3107,0
3118,5
3123,6
3140,7
3150,3
3152,8
3154,8
3167,7
3170,5
3192,3
3200,2
3222,4
3271,5
3296,9
3341,2
3344,1
3375,1
3423,7
3446,8
3477,4
3479,0
3481,9
3491,3
3517,8
3520,6
3524,6
3538,7
3539,5
3579,7
3593,1
3597,6
3598,9
3608,4
3619,8
3637,5
3655,3
3682,5
3686,4
3690,8
3751,7
3776,0
3778,0
3792,8
3821,6
3828,4
3834,9
3836,2
3846,7
3857,4
3914,7
3957,4
3996,1
4012,1
4014,1
4024,7
4047,0
4089,1
4100,8
4106,0
4116,7
4118,9
4129,1
4132,4
4157,2
4180,4
4225,1
4247,5
4308,8
4309,5
4335,3
4341,2
4382,4
4385,7
4420,1
4443,5
4448,8
4451,2
4481,8
4484,1
4485,0
4512,3
4527,0
4529,5
4544,9
4558,5
4614,5
4636,4
4680,7
4691,8
4704,5
4707,4
4722,2
4749,0
4756,0
4759,7
4762,3
4819,2
4830,9
4867,6
4885,5
4887,8
4912,9
4949,9
4957,3
4997,2
5007,0
5033,4
5035,7
5050,8
5109,5
5166,2
5173,3
5197,7
5216,2
5226,6
5230,6
5254,5
5257,8
5258,2
5259,2
5261,9
5297,2
5303,5
5318,2
5362,9
5381,4
5385,6
5393,0
5403,5
5445,4
5463,8
5464,0
5465,7
5482,4
5490,4
5492,9
5517,6
5548,8
5553,6
5563,0
5605,3
5611,3
5634,6
5668,5
5680,8
5786,7
5798,3
5810,6
5815,2
5824,1
5825,7
5829,9
5908,2
5923,3
5939,5
5951,6
6050,7
6110,1
6125,2
6132,7
6150,6
6155,9
6179,0
6186,1
6204,2
6221,7
6292,0
6311,1
6314,4
6338,6
6341,0
6344,2
6368,9
6388,6
6405,3
6413,1
6432,7
6440,3
6461,0
6462,4
6471,5
6485,7
6490,4
6492,2
6495,8
6515,2
6517,6
6524,5
6536,4
6544,8
6557,5
6565,1
6591,0
6602,6
6661,9
6663,0
6680,5
6689,4
6723,0
6736,1
6758,0
6766,3
6778,4
6794,4
6797,4
6857,0
6861,2
6868,5
6879,4
6882,7
6942,8
7110,9
7169,1
7251,9
7301,7
7326,2
7330,1
7333,4
7368,5
7420,7
7446,7
7481,5
7488,8
7567,2
7592,5
7620,9
7645,8
7648,0
7653,2
7714,9
7722,4
7745,3
7766,3
7849,7
7932,0
7938,1
7964,5
7970,6
7978,0
8031,8
8038,7
8041,4
8053,1
8054,3
8055,3
8073,9
8129,0
8222,1
8235,4
8254,3
8290,6
8299,8
8312,6
8328,6
8334,2
8340,8
8375,7
8377,7
8387,0
8399,4
8412,4
8437,7
8484,9
8485,8
8488,6
8504,5
8511,7
8531,0
8575,1
8619,8
8662,8
8730,8
8744,5
8748,5
8752,2
8780,8
8799,6
8921,2
8922,2
8941,3
8942,6
8956,4
8966,2
8978,2
8981,6
9002,9
9017,1
9026,4
9028,5
9050,8
9074,3
9135,2
9149,4
9164,8
9170,5
9174,6
9195,0
9227,1
9314,8
9361,8
9362,4
9372,9
9373,7
9380,3
9384,5
9392,4
9397,5
9414,5
9430,1
9453,1
9454,7
9463,0
9482,3
9485,0
9569,2
9599,1
9630,9
9634,4
9666,0
9676,7
9680,3
9713,9
9728,9
9769,8
9781,4
9782,8
9783,5
9803,1
9809,2
9814,5
9819,2
9829,3
9883,4
9889,9
9905,7
9960,1
10054,8
10072,2
10094,9
10103,4
10115,8
10121,0
10123,1
10124,8
10132,9
10182,5
10202,7
10203,0
10246,6
10251,7
10268,1
10276,0
10325,1
10339,8
10363,0
10392,7
10433,4
10436,2
10443,9
10454,3
10480,9
10503,6
10512,6
10519,1
10556,1
10570,2
10584,8
10604,0
10619,8
10632,8
10762,3
10778,4
10786,6
10795,7
10808,9
10816,6
10817,8
10859,0
10870,4
10914,0
10934,9
10936,8
11003,0
11066,2
11084,2
11086,2
11087,8
11089,9
11139,9
11162,0
11164,7
11166,7
11168,7
11176,8
11215,9
11263,6
11288,8
11306,2
11334,7
11347,6
11355,8
11361,0
11369,4
11377,3
11408,4
11412,1
11418,1
11425,8
11465,9
11482,8
11513,3
11523,5
11536,9
11604,1
11629,4
11631,5
11694,0
11699,6
11734,8
11735,1
11742,0
11773,9
11779,0
11782,5
11813,3
11831,7
11839,5
11846,0
11889,5
11919,7
11936,5
11964,6
11991,9
11997,2
12050,9
12052,4
12099,8
12124,3
12139,7
12156,2
12163,8
12170,6
12195,0
12200,9
12218,3
12220,6
12249,5
12252,7
12253,7
12258,6
12265,3
12270,6
12303,3
12306,4
12309,8
12325,0
12329,3
12361,2
12404,2
12419,8
12460,4
12469,6
12477,0
12482,8
12502,5
12528,6
12538,4
12545,3
12547,6
12563,9
12572,5
12578,1
12583,3
12603,2
12712,8
12779,4
12801,6
12825,9
12827,4
12856,5
12866,6
12884,9
12905,6
12915,4
12918,1
12932,1
12940,5
12954,2
13001,1
13007,1
13012,9
13018,8
13022,2
13048,7
13062,8
13077,0
13084,6
13086,2
13098,0
13150,7
13163,4
13167,6
13168,1
13185,5
13191,9
13197,0
13217,0
13222,3
13297,1
13317,3
13327,8
13360,5
13385,4
13462,9
13522,2
13534,7
13573,9
13587,6
13669,8
13685,0
13695,9
13698,9
13701,1
13709,6
13747,5
13818,2
13824,3
13845,6
13912,6
13917,8
13922,2
13927,6
13951,8
13952,2
13953,2
13959,2
13994,2
14015,9
14043,2
14046,7
14063,2
14072,6
14076,7
14088,7
14143,5
14148,0
14166,3
14169,1
14201,7
14202,0
14206,4
14212,1
14213,5
14232,6
14241,4
14250,8
14254,9
14274,4
14294,9
14306,9
14318,5
14323,0
14330,6
14342,2
14343,2
14355,2
14383,3
14395,7
14412,0
14431,3
14486,5
14487,6
14514,3
14527,3
14530,0
14583,6
14599,5
14607,9
14637,4
14640,8
14670,5
14689,5
14717,0
14718,7
14795,7
14836,2
14871,7
14875,9
14953,1
15001,1
15004,6
15009,1
15019,7
15035,4
15056,8
15066,5
15067,2
15092,4
15114,6
15134,6
15137,2
15154,1
15178,5
15208,0
15227,3
15241,1
15259,4
15269,6
15270,2
15271,1
15279,2
15319,7
15321,8
15337,5
15375,3
15416,4
15459,6
15469,7
15473,1
15481,5
15500,6
15528,5
15534,3
15546,8
15583,0
15651,3
15666,9
15696,1
15713,1
15734,0
15736,2
15769,3
15833,7
15841,4
15869,3
15879,8
15883,0
15891,4
15908,6
15987,9
15988,8
15992,0
16011,5
16036,8
16045,0
16061,1
16084,5
16096,3
16102,6
16142,2
16166,2
16184,8
16227,0
16232,8
16236,1
16269,2
16306,0
16309,2
16316,7
16347,5
16381,1
16401,7
16408,2
16541,9
16593,4
16612,4
16687,7
16701,2
16719,4
16722,1
16751,9
16778,9
16810,2
16815,9
16819,5
16825,3
16874,4
16877,9
16898,6
16902,2
16905,0
16933,6
16934,9
16949,7
17032,1
17040,3
17041,3
17055,8
17093,6
17104,3
17122,0
17127,3
17132,5
17162,8
17202,2
17261,7
17295,3
17355,3
17363,9
17372,2
17413,1
17420,7
17425,1
17431,2
17554,1
17574,3
17605,1
17640,4
17644,9
17711,1
17719,7
17753,3
17803,8
17842,4
17861,9
17866,7
17894,8
17914,5
17924,8
17929,3
17948,8
17951,5
17973,2
18054,4
18065,2
18128,6
18155,3
18186,5
18200,4
18211,9
18237,5
18247,0
18259,1
18279,4
18289,7
18308,4
18310,8
18325,3
18338,8
18364,5
18374,9
18382,9
18390,3
18411,1
18486,0
18544,2
18553,5
18562,9
18568,1
18574,8
18577,8
18579,9
18592,4
18605,6
18622,2
18633,2
18640,1
18650,0
18652,6
18682,7
18692,1
18710,8
18713,2
18720,7
18743,0
18764,2
18765,3
18837,0
18849,6
18879,5
18886,1
18893,0
18913,4
18951,7
18975,3
18978,2
18985,9
19027,0
19032,4
19040,6
19041,8
19089,5
19104,0
19138,4
19151,6
19155,6
19166,0
19250,3
19288,5
19301,5
19311,4
19330,6
19348,3
19363,6
19368,3
19375,4
19386,3
19396,5
19401,4
19410,1
19433,7
19481,6
19495,3
19521,4
19553,6
19561,4
19572,7
19582,8
19583,0
19616,9
19638,5
19644,9
19652,1
19659,5
19681,6
19690,9
19695,3
19703,7
19755,2
19766,9
19791,7
19806,9
19809,7
19817,7
19828,6
19833,2
19857,0
19861,0
19873,6
19881,6
19882,4
19885,9
19901,1
19904,7
19910,9
19914,9
19935,0
19965,3
20002,7
20043,7
20054,9
20061,7
20072,3
20091,5
20100,2
20132,1
20144,4
20155,7
20162,7
20171,5
20182,4
20204,8
20270,9
20277,7
20288,6
20292,0
20318,7
20336,8
20366,9
20395,2
20396,4
20422,7
20434,9
20480,6
20541,6
20544,3
20549,7
20575,5
20586,5
20626,3
20633,4
20637,6
20641,9
20646,7
20658,0
20683,9
20693,5
20718,5
20746,1
20750,9
20763,9
20772,1
20775,6
20782,6
20816,0
20848,1
20849,3
20861,9
20878,5
20891,6
20895,0
20900,9
20922,5
20928,0
20982,9
21014,2
21056,3
21067,9
21136,2
21179,3
21189,8
21197,2
21200,1
21253,1
21260,0
21276,5
21280,8
21291,6
21331,6
21346,5
21360,5
21414,2
21431,4
21447,3
21458,3
21460,1
21464,7
21485,6
21496,3
21497,0
21512,3
21531,3
21549,8
21551,9
21572,7
21574,1
21605,6
21618,1
21647,3
21655,4
21677,5
21688,8
21714,3
21733,8
21748,9
21767,1
21802,2
21950,3
21957,9
21980,3
22000,3
22021,2
22025,1
22034,4
22045,1
22072,9
22088,9
22091,6
22109,7
22149,3
22195,9
22210,6
22235,5
22236,2
22260,6
22272,5
22282,6
22297,0
22332,9
22351,7
22366,3
22376,2
22378,0
22393,5
22404,3
22410,1
22419,1
22421,8
22453,0
22486,2
22502,1
22512,1
22568,8
22571,5
22589,0
22590,4
22595,4
22621,1
22626,7
22628,1
22629,0
22650,5
22651,7
22657,0
22662,7
22687,9
22691,0
22721,3
22725,9
22733,3
22764,0
22768,4
22803,6
22825,3
22833,1
22871,7
22872,6
22904,6
22927,9
22934,8
22955,7
22967,9
22992,4
23049,6
23052,8
23060,0
23073,6
23083,4
23101,3
23119,3
23122,4
23125,6
23145,9
23188,4
23206,3
23266,9
23268,2
23284,6
23306,4
23308,1
23358,6
23406,4
23433,7
23446,9
23453,6
23479,7
23486,4
23495,0
23521,0
23537,8
23591,8
23594,6
23630,5
23648,4
23651,5
23713,4
23737,8
23823,0
23862,1
23879,3
23887,2
23931,1
23941,7
23950,9
23953,1
23988,0
23991,0
24013,1
24020,1
24065,8
24073,8
24079,6
24107,5
24125,3
24187,8
24196,3
24207,7
24243,9
24244,4
24269,2
24277,6
24295,4
24309,8
24319,9
24327,4
24350,3
24432,4
24443,7
24471,4
24476,0
24491,2
24516,5
24559,5
24570,2
24577,6
24580,1
24592,6
24614,5
24645,0
24652,7
24662,7
24663,1
24667,3
24670,7
24671,5
24700,7
24701,9
24721,1
24757,8
24760,8
24761,4
24797,7
24803,2
24809,0
24891,9
24896,0
24898,9
24903,5
24925,8
24974,1
25027,1
25031,6
25055,3
25058,7
25060,7
25078,3
25092,0
25100,4
25117,8
25130,7
25136,2
25137,0
25163,1
25194,4
25228,8
25236,8
25290,0
25293,4
25301,8
25312,0
25321,8
25332,2
25353,4
25358,6
25365,8
25392,7
25421,1
25424,6
25443,1
25448,1
25463,9
25470,4
25471,4
25509,3
25530,2
25572,6
25581,7
25587,8
25591,2
25606,1
25609,2
25654,5
25677,2
25721,3
25722,4
25743,0
25767,1
25786,1
25798,6
25832,5
25871,7
25897,7
25902,2
25907,2
25918,1
25936,5
25941,3
25942,0
25949,3
25959,6
25970,1
25984,8
25990,4
26008,3
26027,0
26033,3
26043,8
26056,7
26057,3
26107,6
26108,9
26110,9
26163,5
26174,1
26186,6
26197,0
26212,9
26248,8
26253,6
26271,7
26274,7
26315,0
26318,6
26319,4
26356,7
26367,4
26371,0
26407,5
26428,9
26473,1
26492,1
26547,5
26595,2
26662,3
26669,2
26683,9
26689,2
26752,5
26847,4
26848,6
26891,5
26912,6
26926,5
26930,0
26939,1
26949,9
26952,8
26973,9
26998,3
27031,3
27050,0
27057,7
27076,8
27089,0
27100,5
27105,8
27110,9
27119,6
27142,1
27144,7
27154,5
27155,7
27183,3
27184,7
27248,3
27249,6
27251,8
27255,5
27264,2
27311,2
27328,0
27368,9
27382,6
27409,1
27417,5
27421,5
27453,7
27464,2
27469,8
27492,0
27496,6
27543,7
27552,4
27577,7
27653,6
27667,7
27671,3
27686,4
27773,9
27782,4
27806,0
27820,0
27824,4
27830,7
27831,1
27836,1
27868,7
27895,1
27899,3
27923,6
27933,1
27947,8
28005,9
28020,4
28022,4
28059,2
28071,7
28092,9
28123,3
28129,9
28131,0
28135,2
28230,0
28242,0
28326,6
28348,8
28367,1
28368,9
28393,4
28410,5
28427,0
28479,1
28506,8
28510,0
28534,5
28551,4
28639,6
28647,0
28660,1
28661,7
28672,2
28673,1
28749,8
28765,9
28768,6
28814,0
28874,5
28876,6
28896,0
28907,4
28919,4
28934,6
28945,0
29010,9
29017,2
29021,5
29023,3
29024,4
29028,6
29044,0
29050,2
29106,2
29113,9
29125,1
29127,7
29179,8
29231,3
29232,3
29235,0
29276,8
29397,9
29403,1
29435,4
29436,7
29458,3
29468,0
29479,1
29480,1
29483,3
29493,8
29506,3
29519,2
29520,0
29534,5
29559,0
29593,4
29594,2
29632,7
29634,8
29637,5
29641,3
29661,7
29706,0
29716,2
29763,3
29773,1
29777,8
29797,7
29808,9
29825,1
29846,9
29855,7
29873,0
29883,1
29905,9
29920,7
29972,3
29996,9
29997,6
30006,4
30011,3
30036,6
30085,9
30115,6
30139,6
30144,9
30155,7
30183,3
30189,1
30208,9
30215,4
30222,0
30247,8
30273,3
30277,9
30282,3
30312,6
30317,2
30339,7
30362,3
30384,0
30395,9
30416,8
30420,2
30429,2
30440,6
30445,3
30452,9
30479,7
30490,6
30509,1
30518,6
30525,8
30562,9
30599,7
30606,1
30608,6
30614,1
30714,5
30715,6
30724,2
30725,4
30739,7
30743,8
30781,8
30811,2
30823,8
30836,9
30853,5
30877,9
30880,2
30884,2
30891,0
30903,5
30948,0
30962,3
30979,7
31009,7
31024,2
31028,5
31044,3
31046,6
31061,1
31084,1
31130,9
31133,2
31152,6
31158,5
31170,9
31198,1
31213,9
31214,5
31216,2
31326,9
31335,5
31336,9
31363,6
31364,9
31367,0
31373,2
31374,7
31375,1
31378,4
31398,7
31413,5
31423,7
31458,4
31480,9
31496,5
31504,3
31616,2
31621,9
31636,3
31637,5
31670,6
31690,7
31722,3
31727,1
31728,4
31742,7
31782,5
31846,1
31863,5
31864,1
31866,9
31884,2
31959,8
31966,1
31977,4
32026,5
32031,3
32047,9
32062,0
32109,0
32112,4
32151,0
32208,7
32218,8
32223,3
32248,5
32259,8
32260,9
32270,8
32393,5
32401,3
32438,2
32470,7
32480,8
32487,4
32544,8
32581,3
32596,8
32602,4
32611,2
32612,1
32633,6
32716,7
32743,1
32762,4
32766,8
32850,3
32858,0
32884,8
32889,6
32911,4
32960,3
33000,3
33020,0
33041,9
33049,3
33053,5
33064,4
33121,5
33127,4
33129,9
33135,6
33146,3
33166,1
33199,9
33200,5
33222,5
33225,3
33245,5
33249,9
33255,9
33260,5
33266,1
33297,2
33325,8
33341,6
33342,2
33376,5
33429,6
33432,3
33433,1
33459,7
33519,8
33532,3
33535,1
33536,0
33542,6
33551,4
33580,1
33611,8
33625,9
33651,7
33658,1
33659,2
33663,1
33711,4
33723,0
33732,0
33815,5
33853,4
33868,1
33872,4
33882,4
33903,5
33962,3
33978,0
33980,6
34005,5
34012,6
34020,8
34025,0
34034,8
34075,8
34076,3
34081,7
34102,4
34130,4
34132,7
34147,9
34151,8
34153,7
34171,3
34175,3
34180,3
34191,7
34254,9
34310,2
34317,7
34340,5
34355,0
34367,4
34368,3
34369,0
34436,2
34445,7
34447,6
34484,2
34498,4
34530,4
34556,3
34583,7
34671,6
34689,7
34697,6
34699,0
34715,9
34727,5
34745,2
34751,7
34752,4
34755,5
34769,9
34782,1
34792,1
34859,6
34863,8
34871,2
34888,5
34895,4
34961,2
35001,1
35010,3
35027,6
35077,5
35108,1
35112,2
35241,6
35257,1
35272,3
35326,5
35341,9
35343,0
35347,2
35357,1
35369,5
35423,0
35428,8
35429,4
35437,2
35454,2
35484,8
35490,4
35502,0
35529,2
35535,5
35540,6
35545,5
35552,1
35571,2
35622,3
35634,0
35663,0
35680,0
35695,9
35699,1
35719,1
35727,5
35740,0
35749,1
35781,7
35796,3
35808,6
35826,1
35848,8
35894,9
35909,2
35917,6
35919,7
35926,4
35949,3
35992,2
36011,5
36033,1
36154,3
36186,9
36196,9
36209,2
36210,8
36240,1
36269,0
36285,6
36308,6
36318,0
36320,8
36327,3
36360,9
36384,4
36443,7
36451,1
36474,9
36480,5
36537,0
36553,2
36587,9
36591,1
36596,4
36600,2
36603,7
36613,7
36617,0
36631,2
36656,8
36661,5
36717,2
36746,6
36782,9
36805,2
36806,7
36840,7
36855,3
36867,4
36897,4
36899,3
36906,9
36920,9
36947,1
36958,2
36997,1
37013,3
37036,1
37051,8
37057,7
37075,8
37087,4
37109,8
37157,2
37173,6
37177,6
37188,3
37189,0
37205,3
37207,1
37256,6
37271,3
37275,5
37281,8
37283,9
37313,5
37314,3
37367,2
37385,4
37448,5
37471,7
37481,2
37491,2
37510,0
37584,5
37596,7
37604,3
37654,9
37685,8
37695,8
37716,1
37722,4
37745,3
37780,0
37794,4
37833,7
37837,0
37841,0
37867,9
37879,9
37901,0
37905,6
37910,8
37952,8
37953,0
37956,8
37976,9
37986,4
37995,2
38000,8
38006,9
38032,6
38038,5
38051,9
38089,3
38093,4
38111,4
38115,6
38159,1
38164,1
38168,4
38192,6
38203,4
38211,0
38232,0
38235,1
38244,7
38257,7
38302,6
38325,5
38328,1
38332,0
38400,6
38429,0
38431,6
38444,6
38450,6
38453,8
38471,6
38477,5
38489,8
38492,1
38520,3
38540,0
38615,7
38632,9
38635,2
38662,0
38680,9
38683,1
38691,0
38706,0
38716,4
38735,3
38740,9
38749,0
38813,9
38846,2
38860,1
38875,6
38892,3
38923,7
38950,9
38959,5
38980,6
38989,3
38990,3
38996,6
39047,7
39085,5
39095,1
39099,3
39102,1
39110,4
39118,2
39145,2
39148,9
39194,0
39245,4
39272,4
39337,6
39342,2
39371,7
39372,6
39489,3
39506,6
39509,3
39561,2
39586,7
39612,0
39617,3
39645,5
39661,1
39666,5
39667,4
39691,2
39695,1
39752,7
39778,8
39800,0
39803,5
39825,6
39851,3
39857,1
39879,2
39897,0
39924,9
39950,1
39971,8
39983,4
40005,3
40006,9
40011,8
40021,5
40051,3
40078,3
40083,8
40084,2
40092,8
40098,1
40161,3
40198,2
40273,1
40285,4
40302,9
40321,2
40328,9
40345,2
40383,6
40388,2
40436,7
40463,3
40473,5
40493,4
40497,2
40506,7
40517,3
40534,5
40573,4
40577,1
40614,2
40616,6
40627,7
40628,9
40674,5
40700,7
40705,2
40727,8
40728,7
40757,6
40759,5
40760,0
40776,5
40796,1
40814,8
40852,8
40865,3
40897,1
40901,3
40921,1
40939,8
40968,2
40975,2
40995,2
41000,5
41008,9
41020,4
41050,6
41055,1
41084,9
41121,2
41132,8
41137,0
41144,5
41156,0
41179,2
41208,5
41221,7
41274,9
41278,5
41341,0
41362,7
41371,0
41406,0
41410,6
41494,3
41511,4
41532,7
41533,5
41545,6
41607,1
41627,0
41628,5
41633,2
41747,3
41752,5
41759,5
41807,0
41888,1
41909,1
41952,8
41973,8
41989,0
42002,1
42010,0
42026,1
42054,3
42063,0
42078,4
42086,9
42130,8
42141,5
42160,6
42191,7
42267,5
42282,7
42284,3
42309,2
42328,2
42389,0
42407,5
42418,7
42438,9
42456,0
42529,9
42538,2
42593,7
42614,0
42620,4
42643,9
42653,4
42658,0
42666,1
42679,8
42716,1
42730,6
42734,2
42737,8
42774,4
42781,4
42797,0
42815,9
42821,2
42834,1
42844,7
42867,0
42893,1
42913,0
42924,9
42961,8
42963,9
42977,7
42995,4
43004,8
43027,3
43037,9
43045,0
43063,6
43079,2
43095,6
43123,4
43157,4
43182,8
43216,0
43275,4
43276,0
43310,9
43316,1
43331,2
43353,3
43356,7
43400,7
43411,1
43422,0
43445,0
43452,4
43460,3
43477,2
43486,2
43505,6
43554,0
43558,8
43582,6
43605,6
43609,8
43622,4
43631,0
43650,9
43675,4
43695,8
43698,8
43712,0
43716,5
43723,7
43729,9
43766,5
43774,7
43782,3
43856,5
43863,9
43876,8
43928,4
43947,4
43950,9
43970,9
43996,2
44011,6
44037,4
44059,7
44074,9
44097,9
44135,5
44150,7
44157,3
44182,9
44203,8
44210,1
44261,9
44263,5
44268,0
44290,1
44301,4
44307,5
44313,0
44318,6
44349,3
44350,3
44361,9
44365,6
44422,1
44436,8
44454,1
44457,3
44511,1
44539,7
44547,9
44588,7
44611,2
44630,3
44632,4
44644,6
44663,7
44671,3
44695,8
44715,6
44774,7
44777,0
44781,5
44803,7
44815,0
44829,1
44860,4
44885,4
44977,4
44978,2
44990,4
45005,3
45012,5
45019,8
45025,4
45027,8
45050,8
45053,7
45055,2
45062,9
45077,2
45084,9
45097,7
45110,8
45113,6
45118,5
45169,2
45176,9
45201,9
45208,8
45251,2
45282,5
45290,1
45293,8
45315,0
45323,9
45384,0
45417,0
45432,5
45439,2
45471,1
45498,2
45500,2
45503,0
45578,4
45610,3
45663,7
45689,9
45711,5
45729,4
45738,8
45752,4
45757,6
45792,2
45799,2
45811,7
45814,3
45848,3
45873,9
45939,0
45956,8
45961,1
45996,1
46004,4
46011,2
46035,7
46056,2
46072,3
46082,2
46095,7
46100,9
46122,2
46133,7
46152,5
46162,2
46193,9
46210,1
46218,6
46243,9
46258,8
46267,1
46281,4
46296,3
46312,5
46315,9
46333,4
46347,1
46427,3
46436,0
46440,6
46479,0
46501,7
46545,9
46559,6
46566,3
46623,4
46637,1
46645,9
46666,3
46668,4
46693,5
46786,4
46808,5
46856,3
46870,9
46984,1
46989,5
46995,4
46998,8
47030,8
47049,7
47054,1
47057,8
47068,4
47076,8
47077,5
47078,0
47092,4
47113,2
47117,7
47147,6
47169,1
47171,2
47174,0
47187,1
47201,8
47235,2
47245,3
47258,2
47265,6
47318,4
47365,4
47367,3
47396,0
47442,1
47457,9
47499,2
47505,8
47510,3
47547,9
47554,5
47556,9
47570,7
47590,2
47602,3
47630,5
47638,1
47644,1
47647,0
47650,2
47697,1
47734,1
47742,3
47779,4
47783,9
47797,0
47802,3
47848,5
47901,3
47954,6
48007,8
48017,2
48022,1
48051,6
48070,2
48090,6
48097,9
48126,1
48147,2
48159,9
48185,0
48189,1
48199,6
48215,4
48223,8
48233,3
48256,8
48259,7
48271,7
48292,2
48304,9
48320,2
48366,6
48372,8
48404,7
48430,6
48440,5
48459,0
48472,8
48497,2
48512,5
48553,4
48559,8
48582,4
48592,1
48598,2
48604,0
48615,5
48678,7
48789,9
48812,5
48814,5
48816,9
48828,8
48830,0
48846,4
48861,7
48863,0
48877,2
48878,7
48921,5
48942,4
48946,2
48954,2
48972,4
48987,9
49008,1
49022,6
49040,5
49043,6
49054,3
49065,0
49080,3
49117,3
49126,8
49149,3
49190,5
49196,4
49217,8
49229,0
49265,1
49308,1
49330,7
49366,8
49379,4
49410,3
49430,2
49464,9
49496,8
49530,0
49539,6
49540,7
49542,4
49558,5
49563,8
49578,8
49643,2
49649,5
49662,7
49670,3
49708,5
49779,6
49793,9
49803,8
49805,2
49922,5
49935,5
49980,7
50085,2
50104,6
50208,0
50230,2
50231,8
50232,1
50234,7
50250,5
50261,1
50271,2
50285,9
50288,3
50298,0
50340,3
50373,9
50387,6
50465,1
50474,2
50480,0
50483,7
50512,8
50527,2
50531,4
50543,2
50557,9
50574,5
50577,1
50581,2
50587,4
50593,9
50618,6
50620,7
50638,0
50695,2
50699,4
50710,9
50719,6
50754,9
50758,9
50765,8
50766,5
50776,6
50827,1
50834,3
50861,8
50873,8
50880,6
50888,6
50894,7
50900,8
50937,4
50955,3
50962,2
50976,3
50987,2
51102,7
51117,2
51145,9
51155,4
51163,8
51176,5
51181,7
51194,9
51207,8
51221,4
51264,4
51284,9
51290,0
51301,0
51304,7
51331,0
51355,6
51379,2
51388,3
51401,3
51402,6
51428,3
51461,5
51476,6
51517,2
51525,6
51540,1
51555,3
51567,2
51581,9
51601,8
51661,6
51707,7
51724,1
51734,6
51737,0
51764,5
51783,9
51788,6
51790,3
51816,3
51820,4
51825,7
51830,8
51880,8
51894,4
51903,3
51910,9
51912,6
51937,2
51967,7
52002,1
52021,0
52033,8
52044,8
52053,6
52056,1
52067,8
52072,8
52073,1
52092,7
52180,9
52194,6
52196,7
52199,7
52203,9
52254,1
52274,4
52294,0
52299,4
52364,5
52374,6
52390,8
52401,8
52414,4
52438,0
52441,6
52455,3
52472,6
52546,9
52599,0
52659,2
52663,4
52689,8
52723,2
52790,3
52803,7
52806,6
52831,0
52852,4
52858,6
52863,8
52893,4
52902,5
52934,0
52952,7
52953,2
52965,1
52971,2
52973,4
52986,6
53017,2
53019,2
53029,2
53036,8
53044,9
53062,4
53073,0
53098,1
53108,3
53129,7
53135,1
53146,9
53174,0
53185,0
53205,4
53227,7
53232,7
53236,8
53245,2
53332,3
53354,0
53362,4
53371,1
53373,2
53400,8
53449,4
53457,3
53474,3
53488,3
53502,0
53511,9
53576,4
53583,3
53627,1
53648,8
53711,3
53717,6
53769,5
53795,5
53812,5
53844,5
53887,1
53901,2
53906,8
53921,2
53947,5
53968,5
54003,0
54029,3
54038,9
54056,8
54110,2
54114,7
54117,8
54136,8
54140,3
54143,1
54149,4
54156,4
54162,8
54191,3
54259,1
54270,3
54305,2
54341,8
54345,6
54357,3
54365,7
54369,9
54416,1
54436,3
54441,7
54458,1
54461,5
54496,6
54533,1
54543,1
54570,6
54592,9
54608,0
54625,8
54643,7
54645,8
54652,6
54668,4
54683,1
54710,4
54717,6
54724,3
54765,2
54771,6
54836,0
54862,5
54887,7
54891,7
54931,1
54959,6
54982,0
54999,0
55016,6
55024,4
55079,7
55095,0
55099,5
55100,2
55101,4
55160,4
55208,5
55212,5
55224,9
55229,5
55254,0
55268,8
55306,1
55321,3
55358,1
55378,3
55401,9
55424,4
55488,3
55493,9
55517,7
55540,2
55559,2
55581,8
55590,6
55596,1
55637,2
55643,5
55645,6
55656,0
55666,0
55697,8
55703,6
55706,8
55709,7
55713,6
55717,3
55748,5
55777,6
55796,3
55824,6
55832,1
55894,5
55902,5
55935,2
55936,6
55941,3
55970,9
55998,3
56050,0
56078,9
56093,8
56103,0
56128,5
56130,6
56150,4
56155,5
56160,7
56167,7
56179,6
56236,0
56256,0
56275,3
56309,5
56354,7
56366,5
56376,4
56378,8
56395,4
56412,8
56451,7
56458,9
56471,1
56485,8
56525,8
56548,6
56560,8
56563,4
56566,5
56581,3
56604,7
56637,1
56642,4
56666,5
56689,1
56702,9
56747,6
56794,7
56813,5
56829,9
56849,3
56855,4
56872,8
56878,6
56918,6
56967,5
56971,1
56999,5
57011,4
57020,0
57041,0
57060,8
57080,8
57122,6
57124,5
57125,6
57165,5
57185,2
57189,8
57192,1
57216,8
57227,3
57229,4
57252,0
57260,6
57323,7
57328,4
57339,1
57421,9
57457,3
57489,5
57495,3
57496,2
57515,8
57566,5
57614,1
57638,9
57640,8
57643,7
57668,8
57723,7
57745,8
57757,0
57789,5
57799,2
57837,5
57851,7
57887,0
57909,3
57918,8
57926,5
57981,2
58004,9
58007,6
58025,5
58044,2
58046,8
58047,4
58048,3
58050,6
58065,3
58074,0
58132,9
58148,1
58154,5
58190,5
58191,6
58204,7
58247,0
58260,1
58263,9
58270,5
58287,2
58314,2
58321,5
58322,1
58343,3
58344,9
58359,5
58395,9
58402,0
58421,3
58484,9
58515,5
58522,6
58540,5
58556,8
58568,2
58569,5
58586,1
58608,9
58661,4
58686,6
58690,7
58701,7
58729,3
58768,0
58797,4
58816,7
58819,0
58828,9
58830,1
58910,2
58915,8
58943,0
58946,3
59042,4
59052,1
59056,7
59069,4
59128,8
59149,1
59214,9
59216,5
59221,9
59231,2
59250,7
59300,4
59306,7
59308,3
59311,5
59364,1
59368,5
59386,4
59409,9
59431,6
59432,4
59473,5
59499,2
59529,3
59548,6
59589,4
59597,2
59638,7
59646,7
59659,0
59700,4
59708,4
59742,2
59747,5
59768,1
59770,6
59782,9
59793,8
59828,3
59873,6
59893,4
59934,0
59936,8
59958,1
