7,3
62,6
66,6
113,1
114,0
115,4
125,8
130,3
131,4
143,2
148,7
158,7
171,2
208,1
226,9
244,5
258,7
295,8
314,4
340,7
346,9
379,4
383,9
397,1
401,6
443,1
485,8
512,5
517,8
536,6
553,1
571,8
597,6
633,0
667,0
684,2
688,2
757,5
767,3
773,7
779,1
862,2
879,5
935,8
953,3
959,1
962,7
1043,7
1083,9
1085,1
1112,9
1138,9
1140,2
1153,7
1188,2
1220,4
1229,7
1232,4
1284,9
1309,6
1316,9
1325,5
1328,5
1331,1
1344,8
1364,9
1366,6
1394,1
1409,3
1412,7
1457,8
1493,6
1506,6
1512,0
1548,1
1567,6
1583,3
1596,0
1613,4
1615,5
1616,8
1630,4
1676,1
1681,1
1705,4
1714,2
1769,0
1798,0
1832,7
1845,4
1846,7
1874,2
1896,2
1909,1
1952,2
1977,1
1983,7
2058,0
2060,9
2065,2
2084,0
2125,2
2126,6
2174,3
2177,1
2185,4
2190,4
2205,2
2207,3
2208,4
2261,2
2301,1
2312,9
2329,5
2349,8
2362,1
2367,7
2371,9
2374,1
2388,8
2393,1
2419,1
2423,3
2442,8
2453,9
2461,5
2471,9
2520,4
2543,7
2544,5
2604,1
2617,0
2699,8
2764,9
2769,2
2786,3
2799,4
2842,8
2862,6
2918,1
2922,4
2940,8
2953,9
2967,6
2970,1
2990,4
2993,5
3012,0
3018,4
3061,4
3068,1
3095,9
3100,4
3102,2
3152,8
3162,7
3209,7
3214,7
3221,6
3254,8
3293,8
3294,6
3318,3
3334,4
3343,7
3344,1
3376,0
3378,5
3388,4
3392,6
3409,0
3421,6
3453,5
3474,6
3505,7
3513,8
3603,0
3604,1
3607,2
3608,4
3651,3
3665,8
3666,4
3695,5
3710,2
3719,2
3738,4
3778,0
3806,0
3855,3
3866,8
3881,0
3935,9
4015,5
4018,6
4030,6
4031,2
4044,0
4101,3
4166,1
4170,6
4183,2
4282,8
4283,4
4292,4
4301,6
4330,7
4337,6
4347,0
4375,8
4380,2
4409,4
4444,0
4532,0
4561,1
4591,7
4612,6
4626,4
4635,6
4636,4
4645,5
4666,5
4684,8
4688,0
4689,9
4690,9
4699,6
4716,2
4727,8
4744,0
4753,2
4760,5
4764,1
4765,6
4782,4
4792,3
4795,3
4803,8
4817,6
4879,9
4883,3
4899,7
4943,6
4957,3
4962,0
5002,4
5020,1
5045,9
5060,5
5074,0
5077,4
5083,0
5113,2
5146,7
5158,5
5168,1
5182,7
5206,7
5212,9
5292,5
5298,0
5307,2
5315,3
5325,7
5326,7
5366,4
5372,8
5425,1
5448,7
5483,1
5514,0
5533,4
5536,8
5542,3
5573,3
5597,8
5670,8
5682,6
5693,6
5720,4
5731,1
5776,5
5796,4
5811,7
5848,6
5849,6
5857,5
5873,5
5902,2
5909,2
5911,3
5912,7
5935,6
5951,6
5954,4
5985,2
6002,1
6019,9
6023,0
6056,2
6077,5
6080,2
6081,3
6084,9
6087,7
6120,4
6135,1
6143,2
6156,9
6174,9
6198,5
6210,4
6252,2
6259,7
6284,8
6321,8
6346,5
6362,3
6365,1
6383,9
6388,6
6410,3
6465,2
6471,5
6484,4
6517,6
6520,9
6599,9
6602,6
6615,0
6644,5
6647,1
6652,4
6678,1
6722,7
6751,9
6770,7
6774,8
6783,1
6791,0
6818,7
6835,7
6843,7
6870,1
6886,9
6912,3
6942,8
6956,7
6966,3
6971,6
6984,5
6991,0
6996,4
7040,1
7048,8
7073,5
7100,4
7190,8
7241,9
7246,5
7271,0
7287,7
7290,8
7300,8
7328,8
7331,7
7332,3
7336,3
7340,7
7362,7
7364,0
7394,2
7411,1
7432,2
7465,0
7485,0
7546,5
7562,6
7573,4
7575,8
7590,3
7617,8
7618,3
7646,2
7657,4
7671,1
7673,2
7685,0
7710,0
7727,9
7752,1
7789,1
7791,9
7802,5
7901,6
7904,9
7928,8
7933,2
7942,2
7948,0
8002,2
8013,3
8024,2
8048,3
8056,5
8071,6
8089,0
8106,1
8132,8
8149,6
8159,0
8168,7
8224,6
8254,3
8267,7
8272,0
8313,8
8318,9
8326,6
8328,6
8360,3
8372,2
8380,4
8385,0
8391,8
8399,4
8409,9
8427,3
8431,8
8456,1
8468,9
8510,9
8521,5
8581,9
8594,7
8626,9
8637,7
8649,5
8662,8
8667,6
8715,6
8738,1
8753,8
8762,3
8795,3
8800,3
8802,9
8809,0
8830,3
8870,6
8892,8
8923,3
8944,4
8949,7
8996,4
9021,2
9030,4
9088,8
9089,3
9153,3
9178,8
9187,6
9226,3
9238,9
9250,8
9272,3
9330,5
9335,3
9352,5
9387,5
9396,2
9405,6
9451,0
9469,9
9473,0
9479,2
9514,5
9527,2
9532,9
9536,4
9539,5
9572,2
9588,7
9589,5
9612,3
9615,1
9641,8
9685,3
9688,0
9754,9
9759,3
9776,2
9780,2
9790,0
9801,5
9805,8
9815,1
9835,9
9861,8
9867,4
9872,6
9877,0
9895,1
9907,1
9968,9
9994,0
9999,7
10016,2
10037,6
10046,7
10062,5
10113,2
10131,7
10153,4
10156,1
10158,2
10191,4
10192,5
10204,0
10208,9
10229,6
10236,4
10237,0
10240,0
10243,7
10244,5
10434,5
10440,6
10517,7
10570,2
10580,1
10626,4
10633,4
10643,4
10655,8
10661,5
10678,3
10708,7
10716,7
10752,9
10798,5
10813,6
10826,3
10829,4
10850,4
10857,9
10876,3
10879,6
10887,3
10889,8
10919,0
10936,8
10945,2
10948,8
10975,0
11002,3
11010,3
11038,6
11042,3
11045,0
11047,1
11056,7
11068,9
11113,4
11149,8
11158,6
11172,0
11200,1
11213,8
11250,2
11275,1
11290,7
11316,6
11331,8
11332,7
11335,0
11339,2
11368,9
11457,8
11459,4
11462,0
11491,2
11534,7
11594,7
11625,8
11643,5
11650,7
11654,0
11657,0
11660,7
11676,1
11696,5
11733,7
11844,2
11878,6
11884,9
11890,8
11913,4
11927,6
11934,9
11998,8
12009,8
12027,8
12056,1
12082,5
12090,6
12094,3
12128,1
12136,1
12157,5
12185,7
12189,3
12242,8
12260,3
12283,6
12288,8
12299,2
12343,4
12355,3
12360,0
12388,1
12389,9
12445,2
12471,7
12492,7
12564,4
12569,5
12580,8
12595,4
12601,7
12647,1
12650,5
12665,0
12692,5
12694,5
12715,6
12719,8
12722,1
12723,0
12728,6
12751,7
12771,1
12800,5
12822,2
12878,1
12894,9
12896,7
12910,9
12915,4
12958,8
12996,5
13017,8
13032,9
13087,6
13106,1
13125,4
13129,1
13153,9
13162,7
13195,8
13199,7
13218,3
13234,5
13270,9
13278,9
13310,2
13326,9
13360,5
13363,4
13365,8
13375,6
13376,3
13399,1
13406,2
13449,1
13468,6
13472,9
13483,0
13507,4
13512,7
13515,7
13526,9
13544,0
13568,3
13570,7
13579,3
13592,8
13604,1
13615,3
13627,2
13634,4
13651,7
13652,9
13677,8
13683,4
13722,2
13747,5
13749,5
13780,6
13795,8
13848,4
13884,1
13885,8
13889,0
13898,9
13904,9
13937,3
13943,4
13944,8
13954,8
13980,3
13989,0
14017,8
14038,1
14047,4
14083,6
14100,5
14104,7
14109,6
14181,1
14197,7
14265,6
14289,9
14298,1
14341,9
14349,4
14350,3
14375,1
14484,2
14521,1
14562,5
14577,3
14583,6
14589,0
14600,7
14661,6
14735,9
14737,5
14765,3
14771,2
14773,0
14794,1
14859,1
14887,5
14924,1
14925,9
14930,7
14949,0
14963,6
14966,4
14994,5
14995,1
14996,2
15005,2
15024,5
15059,4
15114,6
15119,0
15123,2
15131,9
15171,9
15185,2
15233,3
15237,0
15273,5
15292,3
15304,5
15311,0
15343,8
15366,8
15372,3
15374,5
15379,3
15386,6
15405,4
15442,0
15446,9
15462,5
15471,0
15522,8
15571,5
15582,0
15613,4
15639,3
15665,4
15666,9
15667,3
15670,9
15682,4
15684,1
15710,1
15724,8
15734,0
15800,5
15836,2
15844,9
15870,6
15874,5
15887,2
15926,0
15952,7
15972,9
16033,2
16041,7
16056,6
16128,8
16132,9
16139,0
16148,1
16149,9
16153,1
16157,5
16167,6
16171,3
16174,5
16177,3
16181,1
16205,7
16217,0
16229,3
16242,5
16285,0
16287,1
16313,4
16323,0
16335,6
16341,9
16348,1
16353,5
16365,8
16371,1
16426,5
16477,9
16478,7
16500,8
16526,4
16574,5
16601,4
16617,9
16683,2
16699,1
16725,8
16726,6
16754,2
16762,8
16764,3
16771,7
16776,9
16793,3
16809,7
16823,7
16862,5
16870,8
16951,8
16975,0
17014,6
17037,3
17060,8
17065,8
17099,5
17118,5
17121,8
17131,3
17153,2
17167,9
17172,5
17182,4
17192,3
17195,9
17206,7
17211,9
17233,8
17239,5
17262,1
17284,6
17286,1
17298,5
17311,9
17352,3
17368,7
17404,3
17405,8
17420,7
17435,3
17461,5
17463,9
17467,3
17475,9
17491,3
17498,4
17566,2
17574,3
17658,8
17709,0
17714,7
17717,4
17742,5
17773,6
17777,3
17789,7
17810,3
17837,4
17838,0
17859,8
17875,1
17877,0
17957,8
17977,0
17993,3
17995,2
18017,2
18067,5
18086,7
18104,8
18118,9
18138,9
18208,0
18238,6
18254,5
18275,6
18317,8
18347,5
18358,7
18361,2
18464,0
18486,0
18508,5
18608,6
18650,0
18664,1
18670,6
18673,5
18694,9
18711,8
18744,9
18771,6
18774,8
18780,2
18792,1
18793,7
18806,1
18819,7
18842,9
18843,7
18861,9
18902,8
18919,3
18934,5
18942,1
18972,2
18983,1
19011,1
19014,3
19038,0
19042,9
19045,9
19065,8
19069,2
19078,5
19092,3
19093,1
19114,3
19116,3
19130,5
19141,7
19146,9
19161,4
19194,8
19214,8
19240,0
19242,8
19245,2
19250,3
19264,3
19308,0
19318,5
19324,2
19340,4
19347,3
19365,8
19380,4
19385,6
19396,5
19397,2
19411,1
19422,5
19443,2
19446,1
19454,0
19460,8
19484,4
19492,0
19525,7
19550,0
19555,1
19587,2
19619,9
19646,0
19664,0
19669,0
19697,4
19704,7
19707,9
19752,5
19756,8
19764,2
19774,0
19799,6
19806,9
19851,6
19858,5
19871,0
19872,0
19905,3
19928,8
19938,9
19958,5
19970,6
20021,2
20042,2
20068,8
20086,9
20090,7
20140,5
20153,6
20181,3
20185,5
20186,5
20239,2
20245,6
20287,4
20293,4
20323,6
20325,5
20332,1
20346,4
20382,2
20384,1
20398,7
20402,9
20405,8
20441,2
20482,0
20533,0
20539,8
20541,6
20546,9
20553,3
20560,8
20565,3
20574,4
20607,8
20608,0
20611,1
20640,8
20642,0
20646,7
20648,8
20682,6
20684,9
20702,4
20731,0
20738,3
20774,8
20776,4
20789,7
20808,6
20813,4
20823,8
20835,4
20861,9
20921,7
20938,8
20946,3
20967,2
20969,7
21001,3
21008,6
21031,1
21067,9
21083,7
21085,8
21106,8
21118,8
21129,3
21139,5
21189,8
21190,8
21191,0
21201,1
21218,9
21299,0
21328,3
21357,1
21384,8
21411,6
21423,9
21439,5
21443,2
21447,3
21473,6
21492,1
21495,9
21498,1
21526,0
21534,0
21535,1
21545,6
21577,2
21605,6
21607,3
21619,4
21654,3
21658,0
21660,3
21687,1
21707,5
21733,8
21736,0
21737,1
21791,1
21797,4
21808,6
21865,5
21904,7
21914,5
21936,4
21984,1
21997,9
22005,7
22045,1
22065,1
22074,6
22104,2
22178,6
22194,5
22196,0
22236,2
22238,3
22276,4
22292,8
22302,5
22314,7
22316,9
22331,4
22348,7
22379,5
22405,0
22446,2
22460,3
22569,3
22582,1
22592,6
22594,2
22644,1
22655,9
22705,1
22710,0
22726,2
22740,7
22756,5
22760,8
22786,4
22819,5
22826,7
22847,1
22849,8
22860,0
22908,6
22915,9
22921,7
22927,9
22932,0
22951,5
22969,6
22975,6
23040,2
23050,6
23057,9
23101,3
23115,1
23119,3
23131,0
23150,4
23155,7
23175,4
23206,3
23212,9
23232,8
23293,0
23361,5
23364,2
23380,0
23392,5
23398,8
23401,0
23432,4
23433,7
23434,5
23435,4
23438,5
23442,7
23490,3
23513,4
23534,7
23549,4
23552,9
23565,4
23571,7
23573,8
23590,7
23595,4
23649,3
23682,9
23699,6
23710,9
23731,3
23765,6
23781,4
23821,0
23825,5
23837,4
23873,3
23878,4
23931,1
23945,9
23963,6
23968,7
24019,4
24026,8
24037,6
24062,9
24078,0
24079,6
24101,8
24121,0
24137,8
24168,1
24173,5
24180,5
24194,9
24197,9
24210,9
24221,7
24262,4
24278,3
24286,6
24304,6
24326,3
24350,3
24353,5
24367,0
24374,5
24416,8
24426,5
24436,1
24450,2
24468,9
24472,4
24480,0
24505,7
24507,9
24519,5
24550,7
24568,7
24579,5
24580,1
24585,6
24591,2
24592,6
24601,4
24609,6
24610,3
24627,0
24655,7
24673,6
24684,9
24701,9
24702,7
24711,1
24739,6
24747,3
24756,9
24766,4
24770,3
24772,3
24786,2
24791,8
24792,5
24810,4
24822,4
24833,2
24907,7
24919,9
24943,3
24982,2
25004,2
25032,3
25059,6
25063,9
25087,1
25093,4
25132,8
25142,6
25178,5
25248,9
25249,2
25262,8
25284,3
25289,2
25303,9
25328,3
25334,4
25348,7
25359,5
25379,8
25387,8
25408,0
25409,3
25442,2
25507,2
25516,2
25517,2
25562,9
25576,0
25589,9
25600,1
25613,4
25635,4
25677,2
25681,7
25712,9
25713,6
25714,0
25730,6
25742,6
25754,0
25817,7
25820,3
25845,4
25849,8
25887,4
25904,7
25914,0
25963,6
25979,7
26008,3
26033,3
26044,0
26050,3
26056,7
26069,5
26091,7
26137,4
26167,1
26227,6
26243,1
26245,2
26249,4
26260,0
26279,1
26290,5
26293,4
26313,5
26352,4
26396,6
26410,6
26432,5
26454,2
26518,9
26532,8
26552,5
26632,2
26635,2
26640,9
26648,5
26650,6
26657,6
26663,9
26665,0
26668,7
26693,4
26763,4
26826,7
26829,7
26843,0
26859,0
26894,7
26895,9
26907,2
26908,8
26930,0
26933,7
26943,3
26950,9
26979,0
26994,2
27024,8
27040,4
27078,3
27079,5
27083,7
27116,9
27121,8
27131,2
27138,2
27142,1
27163,9
27172,3
27184,7
27228,5
27233,2
27254,7
27321,7
27325,9
27349,3
27353,5
27354,1
27389,3
27402,6
27405,6
27410,1
27416,5
27420,3
27487,4
27500,5
27525,2
27543,7
27556,6
27619,1
27648,5
27653,6
27670,3
27689,4
27700,2
27736,2
27748,9
27751,1
27844,2
27873,9
27880,2
27883,2
27891,8
27902,9
27909,9
27935,2
27941,5
27968,9
27970,7
27971,7
28002,0
28020,4
28078,2
28094,1
28115,6
28117,7
28161,5
28188,8
28197,9
28220,7
28239,9
28263,3
28271,5
28280,5
28282,2
28293,2
28296,0
28331,1
28364,8
28379,7
28397,6
28410,5
28424,9
28509,4
28522,1
28549,6
28565,0
28592,9
28600,4
28609,1
28642,7
28665,9
28675,7
28715,9
28748,5
28768,6
28820,3
28826,3
28869,7
28887,8
28916,3
28920,2
28937,2
28956,7
28988,7
29009,9
29095,8
29146,3
29152,2
29160,6
29163,6
29193,4
29198,8
29218,4
29222,1
29254,8
29261,9
29271,4
29286,9
29293,5
29305,9
29403,1
29415,3
29424,6
29435,4
29437,6
29517,1
29538,4
29547,9
29560,0
29571,5
29606,4
29624,2
29627,8
29664,0
29673,1
29690,4
29756,7
29761,4
29763,3
29774,6
29785,3
29787,5
29788,4
29820,4
29827,4
29847,9
29891,6
29903,0
29911,2
29919,7
29923,9
29933,8
29955,5
29962,3
29971,6
29973,9
29996,9
30019,8
30040,3
30059,4
30101,0
30106,6
30121,4
30125,5
30146,1
30147,8
30155,7
30203,8
30220,0
30225,1
30237,9
30241,3
30246,0
30259,7
30269,4
30276,4
30278,5
30279,6
30281,1
30289,6
30323,5
30368,1
30370,0
30409,0
30413,0
30450,8
30481,7
30539,8
30549,7
30576,6
30578,0
30586,0
30602,4
30607,1
30610,7
30621,8
30633,9
30710,2
30725,4
30739,7
30753,9
30759,7
30777,8
30785,8
30795,4
30807,0
30815,4
30841,7
30853,5
30872,2
30888,4
30923,0
30948,0
30985,8
31013,5
31064,7
31074,9
31092,2
31094,9
31106,4
31112,0
31121,4
31127,0
31130,9
31156,7
31204,6
31250,1
31252,5
31276,2
31295,9
31303,6
31322,4
31326,9
31344,5
31347,3
31353,9
31382,7
31391,7
31400,9
31405,9
31426,9
31434,5
31477,7
31536,4
31607,8
31618,5
31619,6
31635,2
31655,8
31659,9
31708,6
31743,4
31762,1
31793,4
31795,5
31806,6
31823,2
31879,7
31898,6
31979,5
31996,7
32005,1
32025,3
32039,5
32063,1
32065,2
32070,1
32089,9
32107,5
32122,7
32131,0
32157,3
32170,2
32197,7
32201,9
32213,4
32215,7
32216,2
32217,5
32221,0
32255,6
32259,8
32269,2
32281,3
32290,5
32300,8
32318,2
32330,3
32335,1
32339,3
32351,9
32402,6
32410,9
32430,2
32445,5
32447,1
32449,1
32462,1
32490,3
32504,9
32550,0
32574,0
32590,2
32595,2
32606,2
32610,3
32611,2
32648,9
32693,0
32726,2
32732,9
32736,6
32737,5
32753,3
32771,9
32779,2
32842,1
32852,1
32866,6
32883,3
32889,6
32904,9
32936,8
32965,8
32980,7
33011,4
33017,7
33033,5
33060,2
33064,4
33070,4
33116,6
33132,3
33134,7
33145,3
33146,3
33185,2
33192,0
33205,8
33208,3
33216,5
33242,6
33276,3
33308,9
33332,1
33340,5
33345,0
33371,3
33413,2
33439,8
33457,1
33488,2
33532,3
33534,0
33587,3
33609,3
33617,5
33647,0
33648,1
33662,2
33706,1
33709,3
33728,6
33775,2
33783,9
33796,7
33815,5
33827,8
33836,7
33837,3
33877,3
33880,3
33890,8
33895,8
33942,1
33946,8
33977,7
33978,0
33987,2
34023,3
34031,9
34042,8
34043,4
34044,9
34072,9
34081,7
34099,0
34102,4
34108,8
34111,7
34120,3
34159,5
34179,1
34186,6
34188,3
34194,8
34198,6
34202,2
34236,8
34245,7
34249,4
34255,6
34256,2
34283,0
34309,5
34315,3
34361,4
34364,3
34379,4
34400,5
34524,8
34537,4
34561,5
34572,4
34626,5
34670,7
34704,7
34705,1
34777,1
34828,3
34833,2
34865,9
34894,6
34897,6
34922,1
34930,9
34971,4
34990,1
35017,8
35031,2
35104,2
35115,4
35160,9
35161,2
35169,6
35188,9
35199,7
35213,6
35269,2
35276,5
35289,1
35319,4
35325,9
35340,2
35344,2
35368,9
35381,3
35383,8
35384,9
35415,3
35428,8
35456,2
35499,7
35500,5
35529,2
35535,5
35609,5
35628,5
35642,1
35661,1
35719,1
35720,0
35723,3
35812,9
35833,3
35849,4
35851,6
35857,0
35859,3
35865,1
35876,3
35879,4
35881,3
35882,2
35907,1
35925,1
35966,4
36004,9
36016,2
36017,4
36042,1
36077,2
36087,5
36090,0
36109,9
36129,6
36142,2
36172,9
36197,7
36200,4
36232,6
36280,4
36287,3
36296,4
36327,3
36329,3
36333,1
36336,4
36344,6
36364,4
36442,1
36484,0
36505,2
36529,8
36539,5
36545,7
36569,0
36609,5
36630,4
36673,6
36676,4
36681,8
36684,3
36720,9
36737,0
36745,8
36787,5
36793,9
36818,7
36868,2
36895,6
36927,8
36942,2
36958,2
36988,9
37035,3
37106,8
37157,2
37194,6
37208,6
37234,2
37295,4
37314,3
37358,5
37405,1
37423,7
37428,8
37441,1
37460,8
37489,2
37495,0
37508,7
37515,2
37523,6
37529,0
37559,0
37589,5
37594,4
37615,2
37620,8
37631,2
37666,6
37667,6
37670,1
37678,0
37680,5
37745,3
37771,8
37775,7
37780,0
37792,3
37830,5
37885,8
37916,4
37953,0
37973,6
38065,8
38066,3
38067,8
38077,1
38094,2
38103,0
38118,9
38130,3
38157,0
38202,5
38216,2
38236,4
38237,8
38260,6
38266,5
38283,3
38300,7
38302,6
38309,8
38313,5
38332,0
38363,4
38383,3
38415,1
38497,0
38510,8
38511,6
38520,3
38533,5
38586,7
38621,7
38644,0
38672,7
38689,5
38703,6
38714,3
38828,1
38869,7
38874,0
38895,6
38907,5
38908,7
38912,8
38924,2
38942,8
38955,3
38968,1
38975,1
38995,9
39041,1
39042,2
39053,7
39083,4
39091,8
39103,5
39106,1
39147,2
39158,5
39163,9
39197,5
39223,7
39226,6
39282,2
39362,1
39368,4
39379,6
39414,4
39420,2
39433,4
39439,7
39440,6
39446,0
39460,5
39469,3
39510,2
39531,0
39535,7
39558,4
39568,1
39572,2
39619,3
39631,0
39648,9
39656,0
39659,7
39690,4
39705,3
39710,0
39745,5
39782,1
39785,1
39805,1
39809,4
39810,2
39822,9
39845,7
39855,3
39869,9
39894,4
39896,1
39902,8
39945,5
39947,6
39958,5
40055,3
40056,1
40081,4
40104,3
40139,6
40163,4
40167,9
40174,9
40184,3
40194,5
40208,0
40227,5
40295,8
40311,7
40335,0
40362,1
40385,3
40398,8
40450,4
40478,5
40482,1
40542,2
40550,3
40553,8
40560,6
40591,6
40595,8
40607,2
40626,8
40649,0
40652,8
40680,4
40682,1
40707,6
40772,9
40791,7
40795,7
40801,0
40808,8
40810,7
40844,0
40846,4
40872,7
40889,6
40901,3
40921,1
40922,0
40936,2
40943,9
40944,1
40948,2
40950,4
40984,9
40997,9
41012,0
41057,8
41128,9
41143,3
41152,5
41210,1
41245,0
41266,1
41316,6
41326,9
41335,2
41343,3
41348,2
41352,0
41353,0
41367,7
41390,5
41418,1
41504,8
41509,5
41512,2
41517,6
41541,2
41546,6
41548,5
41552,3
41570,0
41581,2
41596,1
41623,1
41629,3
41643,0
41666,6
41683,0
41709,8
41717,7
41722,4
41801,8
41859,1
41945,5
41997,2
42002,1
42012,2
42027,6
42097,3
42101,5
42118,9
42172,6
42175,1
42186,3
42188,2
42237,5
42278,2
42284,3
42312,5
42314,8
42338,5
42392,5
42401,1
42403,7
42412,1
42428,5
42429,2
42507,4
42528,7
42542,9
42546,1
42551,9
42563,2
42565,3
42708,2
42713,1
42751,7
42756,5
42793,4
42831,7
42839,2
42843,6
42847,6
42856,6
42888,1
42904,6
42920,8
42986,1
42989,0
42998,8
43010,4
43012,3
43027,3
43088,0
43090,3
43124,2
43134,0
43141,6
43206,5
43208,3
43232,1
43256,3
43263,6
43296,1
43298,3
43310,9
43345,2
43358,9
43370,4
43373,3
43380,3
43471,7
43511,8
43567,1
43609,8
43642,2
43695,8
43696,5
43708,1
43734,9
43739,3
43743,2
43783,3
43804,6
43825,9
43858,4
43882,5
43903,9
43909,8
43921,8
43929,4
43939,0
43940,6
43950,9
43966,9
43986,8
43987,4
43998,7
44032,3
44077,6
44167,4
44169,7
44171,8
44172,8
44197,6
44198,1
44224,4
44233,4
44245,1
44256,4
44259,8
44269,1
44292,5
44299,8
44313,0
44322,7
44327,1
44337,6
44346,6
44367,7
44396,9
44450,9
44454,1
44487,8
44500,7
44524,1
44529,1
44587,4
44603,0
44665,5
44687,9
44689,4
44725,1
44807,7
44823,2
44836,7
44838,0
44857,1
44867,0
44868,7
44879,6
44896,7
44938,5
44952,6
44983,4
45009,4
45022,2
45026,8
45037,1
45041,2
45042,0
45049,5
45051,1
45061,0
45100,4
45121,4
45143,7
45149,2
45157,6
45169,2
45257,7
45270,8
45271,3
45289,3
45297,1
45333,7
45334,5
45348,2
45397,7
45409,6
45460,6
45542,6
45556,1
45557,0
45558,6
45575,9
45583,7
45608,0
45667,5
45678,8
45692,8
45714,2
45719,9
45731,5
45732,3
45755,6
45770,5
45772,8
45787,9
45794,4
45837,0
45838,2
45855,1
45876,4
45882,8
45884,8
45951,7
45952,0
45959,3
45960,0
46035,7
46051,3
46059,4
46085,1
46109,6
46137,9
46140,4
46143,2
46155,7
46160,7
46164,4
46200,8
46218,6
46288,2
46293,2
46331,5
46339,0
46345,2
46364,2
46405,8
46455,6
46459,0
46479,0
46517,2
46547,1
46555,3
46578,9
46600,3
46609,9
46648,7
46685,1
46742,9
46762,9
46770,7
46771,7
46780,1
46792,1
46819,7
46830,2
46835,2
46851,7
46857,3
46861,6
46869,6
46889,9
46898,6
46901,5
46987,9
46993,4
47022,1
47046,0
47073,0
47122,8
47161,7
47166,0
47213,1
47214,6
47242,7
47293,4
47320,5
47336,4
47345,9
47360,1
47370,0
47372,0
47374,7
47408,2
47441,3
47443,2
47447,0
47521,4
47524,6
47531,2
47577,8
47597,8
47616,0
47632,8
47635,8
47670,1
47682,7
47719,8
47731,2
47738,6
47748,8
47758,1
47768,5
47780,2
47786,0
47801,2
47886,8
47913,3
47940,5
47943,6
47947,1
47968,5
47992,3
48006,6
48009,2
48056,4
48068,4
48072,9
48073,7
48090,6
48118,2
48120,4
48134,5
48145,6
48171,9
48173,0
48187,0
48195,4
48227,0
48235,4
48239,6
48258,3
48259,7
48342,4
48349,2
48352,3
48356,2
48359,6
48362,6
48376,4
48380,6
48386,3
48396,3
48428,8
48452,7
48462,2
48534,1
48538,6
48557,3
48563,3
48577,9
48602,0
48631,0
48642,3
48643,2
48658,8
48663,1
48664,1
48668,8
48669,4
48684,8
48686,2
48702,3
48721,7
48735,3
48741,1
48753,8
48782,4
48811,2
48813,4
48819,4
48830,0
48857,6
48860,1
48864,6
48882,9
48892,4
48911,0
48928,4
49007,9
49017,4
49047,6
49054,3
49056,7
49091,3
49127,4
49142,3
49186,1
49208,0
49209,7
49214,0
49227,9
49240,7
49264,2
49270,5
49278,0
49289,4
49294,3
49304,0
49336,0
49370,0
49400,8
49409,2
49450,3
49457,8
49510,6
49531,7
49543,8
49544,9
49604,5
49622,0
49640,9
49649,5
49764,9
49768,1
49777,4
49807,1
49924,0
49943,1
49961,1
49975,2
49993,2
50034,6
50046,7
50060,5
50062,1
50065,2
50073,6
50078,9
50098,6
50113,6
50141,3
50160,6
50164,4
50177,9
50191,8
50213,3
50216,4
50266,6
50273,1
50279,5
50288,3
50302,8
50316,5
50343,6
50359,7
50404,1
50421,8
50440,7
50444,0
50450,4
50542,0
50577,1
50580,6
50589,1
50598,6
50643,0
50673,4
50714,8
50726,3
50738,8
50740,8
50768,5
50772,1
50796,7
50812,2
50839,0
50844,4
50851,9
50869,8
50881,5
50895,5
50899,2
50903,7
50914,1
50949,0
50986,2
51006,0
51021,6
51038,3
51044,0
51047,4
51080,7
51094,8
51176,5
51219,6
51222,3
51230,3
51235,0
51299,0
51301,0
51302,8
51331,0
51359,2
51378,6
51392,5
51402,6
51410,6
51418,2
51419,2
51439,1
51523,7
51602,6
51605,5
51624,6
51648,2
51689,4
51727,5
51788,6
51798,3
51823,4
51842,9
51843,9
51854,5
51861,8
51886,5
51912,6
51936,1
51957,2
51976,2
51993,6
51997,0
52013,7
52027,3
52088,1
52131,5
52137,7
52206,6
52273,6
52280,8
52339,7
52367,9
52393,0
52450,1
52454,1
52459,5
52483,8
52487,3
52517,4
52565,3
52705,7
52745,1
52749,6
52775,8
52784,2
52789,4
52824,7
52851,2
52856,6
52861,7
52884,8
52886,7
52955,0
52956,2
52970,5
52971,2
52979,4
52982,2
53013,2
53023,7
53037,3
53040,1
53091,3
53112,8
53148,6
53159,7
53167,3
53181,8
53244,5
53265,9
53308,1
53339,0
53374,3
53431,7
53461,5
53467,1
53474,3
53504,2
53521,1
53544,9
53561,9
53579,7
53591,3
53606,6
53650,2
53667,1
53669,2
53670,0
53677,6
53682,9
53723,9
53730,8
53731,4
53741,5
53755,3
53773,2
53793,6
53831,9
53837,2
53843,7
53854,8
53944,7
53953,8
53966,1
54005,1
54011,7
54015,5
54045,5
54073,3
54108,0
54111,5
54112,4
54169,2
54227,6
54284,0
54300,9
54302,5
54326,2
54332,6
54352,8
54360,6
54421,0
54481,3
54520,9
54527,2
54545,2
54546,9
54583,6
54599,9
54625,8
54637,4
54705,8
54754,2
54805,2
54818,7
54865,0
54906,4
54947,1
54965,9
54969,6
55000,1
55021,7
55023,0
55087,4
55095,0
55099,5
55154,6
55161,5
55207,9
55212,5
55216,7
55226,6
55276,7
55287,5
55322,5
55385,4
55387,6
55388,5
55404,2
55407,8
55422,7
55441,9
55445,8
55455,5
55498,5
55522,4
55529,4
55591,5
55594,1
55601,1
55654,4
55679,0
55690,4
55729,5
55733,8
55758,3
55760,6
55823,5
55847,9
55883,4
55894,5
55908,5
55939,1
55959,8
55966,3
56038,5
56050,0
56075,9
56085,8
56091,8
56102,9
56118,9
56156,9
56224,5
56251,6
56254,8
56276,4
56320,4
56337,3
56362,0
56374,1
56386,8
56389,0
56397,0
56399,6
56406,4
56454,0
56470,1
56496,4
56510,7
56513,2
56531,7
56532,4
56599,9
56611,7
56621,3
56663,5
56664,2
56679,7
56715,0
56738,3
56758,4
56785,2
56814,7
56842,8
56856,4
56868,0
56898,5
56947,5
56972,6
56983,7
56993,2
56997,4
57020,0
57055,5
57061,0
57109,1
57158,6
57196,7
57201,0
57215,7
57221,0
57233,6
57247,3
57272,1
57290,9
57300,3
57317,1
57358,2
57363,2
57391,3
57397,0
57404,8
57418,1
57493,8
57524,4
57555,7
57631,1
57639,5
57651,3
57662,5
57753,9
57769,0
57773,8
57782,9
57795,0
57805,5
57839,7
57909,3
57921,7
57929,1
57964,2
57999,2
58004,9
58025,5
58036,0
58058,8
58059,9
58072,1
58096,9
58209,4
58212,4
58213,9
58319,4
58320,1
58359,5
58362,0
58366,9
58392,6
58432,4
58442,6
58519,9
58520,7
58528,7
58560,0
58572,2
58576,1
58580,1
58595,8
58639,9
58658,0
58690,7
58691,1
58693,8
58694,0
58701,7
58723,5
58749,4
58759,3
58763,1
58779,8
58781,6
58827,8
58832,3
58887,1
58888,8
58898,9
58912,7
58922,6
58936,2
58952,0
58959,7
58985,1
59005,5
59021,9
59043,0
59083,7
59106,4
59139,4
59218,2
59272,0
59275,3
59276,7
59282,3
59291,5
59313,0
59331,0
59334,3
59358,5
59385,9
59400,5
59421,0
59459,5
59495,8
59500,3
59533,7
59609,5
59644,9
59698,2
59710,7
59741,9
59752,6
59755,0
59775,6
59780,4
59821,4
59829,9
59846,5
59869,0
59883,3
59885,6
59931,4
59939,9
59966,6
59990,9
59991,2
