1,0
18,6
27,3
86,3
114,0
125,8
127,4
146,8
147,6
174,1
200,1
203,3
263,7
268,2
285,9
288,7
321,3
328,5
352,8
362,9
375,2
377,7
389,9
392,3
414,4
421,6
434,9
473,0
477,2
501,9
507,1
519,0
551,2
554,5
559,8
596,0
616,4
623,6
630,6
650,2
673,2
702,0
730,7
768,5
799,5
802,6
805,5
807,2
818,0
871,1
923,8
926,4
927,0
969,7
973,6
998,3
1024,5
1036,9
1042,7
1062,5
1081,1
1094,4
1109,5
1159,6
1173,9
1205,7
1207,8
1249,2
1252,1
1262,2
1282,9
1286,9
1293,1
1318,6
1396,9
1407,2
1408,4
1410,9
1419,8
1428,3
1436,3
1450,1
1467,5
1508,4
1535,1
1548,1
1559,3
1572,2
1586,7
1597,1
1620,9
1643,9
1646,4
1652,7
1663,4
1680,1
1695,9
1707,6
1733,9
1735,2
1741,6
1745,8
1771,0
1789,7
1823,2
1834,5
1852,2
1856,8
1888,2
1908,3
1916,0
1922,4
1950,9
1965,5
2001,8
2024,7
2034,4
2044,6
2059,6
2064,7
2072,4
2093,6
2095,7
2098,3
2108,7
2130,3
2151,1
2156,6
2192,0
2196,6
2199,9
2244,7
2252,3
2323,4
2347,7
2370,9
2378,8
2387,6
2390,4
2458,4
2498,6
2508,2
2515,5
2528,0
2565,2
2567,3
2577,8
2578,4
2643,9
2670,2
2677,9
2701,7
2745,0
2770,0
2778,7
2783,2
2803,3
2819,4
2822,6
2835,7
2846,2
2862,6
2866,2
2909,7
2912,5
2927,8
2939,2
2942,8
2951,8
2985,7
2997,9
3046,6
3066,8
3071,4
3114,8
3118,5
3135,0
3145,1
3148,8
3150,3
3185,5
3243,8
3286,0
3324,7
3352,4
3383,3
3410,0
3424,3
3429,0
3442,7
3467,5
3468,1
3510,9
3529,0
3560,1
3606,3
3627,2
3641,7
3653,9
3668,4
3708,4
3746,9
3756,3
3793,3
3862,4
3907,5
3935,9
3978,4
3985,6
3989,2
3991,9
3999,6
4002,0
4014,1
4033,3
4043,8
4044,0
4051,2
4075,4
4079,6
4096,2
4097,4
4101,3
4127,9
4160,1
4196,3
4206,9
4221,6
4241,2
4264,4
4315,9
4332,7
4349,6
4351,1
4406,4
4412,1
4413,5
4416,5
4423,4
4447,9
4464,4
4473,4
4500,0
4517,6
4529,5
4543,3
4569,1
4577,1
4580,8
4583,3
4601,5
4608,0
4615,3
4632,3
4650,2
4672,7
4706,2
4715,1
4717,2
4730,4
4733,2
4748,0
4783,3
4787,4
4795,3
4808,3
4843,2
4850,3
4873,8
4876,7
4935,2
4954,4
5000,7
5005,8
5020,1
5023,1
5050,8
5064,4
5072,0
5088,3
5095,2
5109,5
5141,6
5194,0
5208,9
5237,1
5302,7
5308,7
5334,6
5359,3
5402,9
5414,5
5422,7
5423,5
5433,3
5443,1
5456,5
5469,0
5483,1
5488,0
5531,3
5533,4
5535,7
5538,9
5555,7
5561,6
5569,7
5572,9
5576,6
5599,5
5606,5
5617,5
5669,9
5676,7
5685,5
5699,8
5716,7
5743,8
5755,4
5769,7
5818,7
5822,4
5854,4
5868,9
5911,3
5918,9
5933,1
5963,1
5968,7
6008,0
6017,8
6025,4
6029,6
6068,5
6088,7
6094,0
6110,1
6135,1
6167,7
6227,0
6231,2
6239,6
6261,8
6265,6
6274,5
6303,1
6338,6
6373,6
6399,5
6414,2
6421,0
6428,3
6478,2
6488,1
6522,3
6598,4
6603,0
6619,0
6623,7
6628,2
6629,0
6667,3
6670,6
6696,7
6743,2
6750,3
6758,0
6761,4
6779,9
6858,3
6864,1
6879,4
6884,5
6918,9
6930,6
6939,3
6962,8
6992,2
6994,8
7008,6
7026,8
7037,0
7084,1
7115,8
7193,5
7208,9
7212,6
7231,8
7263,3
7265,2
7297,8
7301,7
7323,5
7325,0
7335,9
7356,8
7361,6
7376,8
7383,3
7413,2
7418,7
7449,5
7459,4
7465,0
7482,5
7488,8
7533,1
7565,7
7570,8
7617,8
7626,3
7661,6
7662,6
7668,1
7670,5
7703,4
7707,0
7723,4
7735,5
7775,8
7787,2
7869,7
7871,8
7884,5
7901,6
7904,9
7917,5
7924,8
7929,2
7931,7
7940,9
7942,2
7947,9
7956,8
7967,5
7985,0
8046,0
8078,2
8100,6
8217,7
8268,7
8311,6
8315,9
8330,1
8334,2
8367,6
8378,8
8389,7
8403,2
8443,2
8446,2
8455,3
8479,5
8484,9
8492,9
8499,7
8511,7
8572,7
8600,4
8635,3
8644,4
8657,4
8658,6
8694,8
8717,7
8723,0
8782,8
8791,7
8821,3
8838,0
8860,6
8864,2
8869,4
8879,3
8884,3
8887,4
8959,7
8968,9
9040,4
9066,9
9074,3
9087,2
9096,5
9107,3
9122,9
9126,6
9141,3
9176,9
9182,3
9207,5
9212,2
9214,7
9236,5
9239,6
9240,1
9247,9
9273,7
9284,2
9315,1
9345,8
9377,2
9381,5
9438,6
9447,9
9468,6
9516,3
9552,0
9624,3
9635,6
9662,6
9665,7
9686,8
9700,6
9725,2
9742,0
9746,4
9762,8
9769,8
9772,2
9782,8
9792,8
9798,6
9800,5
9834,0
9842,1
9863,6
9893,9
9904,3
9908,7
9922,0
9949,9
9957,4
9964,2
10006,1
10015,5
10018,4
10035,5
10047,9
10058,1
10068,1
10098,1
10102,9
10106,2
10110,1
10168,0
10173,5
10206,3
10218,6
10257,1
10273,6
10294,6
10298,6
10306,9
10317,2
10318,1
10357,7
10465,5
10492,5
10495,9
10497,2
10512,6
10519,1
10531,0
10576,9
10608,3
10610,5
10616,2
10622,5
10642,4
10672,6
10683,4
10687,2
10723,2
10726,8
10735,7
10738,8
10749,5
10753,8
10777,5
10797,8
10809,4
10830,3
10845,4
10879,6
10885,1
10894,5
10900,3
10903,5
10912,4
10942,4
10951,9
10964,4
10976,6
10982,1
10986,7
10997,4
11002,3
11014,0
11097,3
11102,9
11125,7
11132,6
11156,1
11179,5
11211,8
11214,1
11220,7
11232,3
11247,7
11251,2
11256,4
11273,8
11303,4
11321,3
11327,6
11335,0
11361,0
11410,5
11416,9
11440,1
11445,1
11536,9
11643,5
11695,5
11715,1
11723,6
11740,4
11771,7
11783,4
11798,7
11800,6
11808,8
11851,0
11903,9
11930,4
11939,1
11990,9
12004,0
12042,1
12115,0
12130,8
12143,7
12148,3
12151,3
12157,5
12164,8
12193,0
12216,6
12232,5
12256,4
12272,9
12274,3
12287,7
12328,4
12396,4
12436,1
12438,4
12443,9
12451,3
12456,0
12468,6
12473,8
12478,7
12516,0
12529,9
12531,9
12534,8
12544,3
12548,5
12558,7
12560,2
12563,9
12568,0
12605,0
12623,8
12626,5
12656,3
12681,1
12682,2
12683,8
12710,8
12735,6
12782,8
12784,2
12787,9
12794,7
12876,6
12908,7
12915,4
12943,8
12963,8
12971,1
12979,7
12993,7
12999,9
13004,8
13013,0
13056,7
13057,9
13059,2
13067,6
13086,2
13104,4
13112,1
13156,2
13167,6
13235,9
13254,1
13262,5
13264,5
13274,8
13317,3
13324,5
13362,9
13368,5
13378,8
13391,7
13403,3
13430,4
13451,4
13454,0
13482,7
13483,0
13493,6
13513,7
13524,3
13526,9
13554,8
13574,1
13606,2
13608,8
13615,3
13618,8
13643,1
13665,7
13672,9
13689,1
13691,7
13701,1
13834,7
13845,6
13860,6
13880,0
13964,6
13968,4
13993,3
14018,4
14029,5
14069,5
14091,2
14169,1
14176,4
14177,3
14212,1
14258,0
14300,6
14303,3
14324,9
14332,9
14376,5
14384,0
14410,3
14475,7
14489,5
14490,2
14547,9
14555,2
14562,5
14579,9
14605,7
14606,1
14614,8
14642,7
14684,7
14702,2
14708,6
14744,9
14767,1
14769,4
14780,9
14796,9
14828,5
14829,7
14854,5
14896,8
14910,6
14965,0
14970,5
14991,0
15016,2
15105,1
15157,1
15216,3
15251,3
15272,2
15285,5
15286,8
15292,3
15338,6
15399,0
15455,8
15503,9
15507,1
15552,5
15555,1
15589,7
15634,6
15637,0
15646,7
15648,0
15679,2
15681,3
15690,7
15693,9
15701,3
15711,0
15732,5
15747,3
15792,7
15794,5
15797,6
15861,8
15879,8
15897,8
15901,0
15957,6
16009,4
16043,0
16082,9
16209,2
16237,2
16290,4
16340,8
16350,9
16399,4
16400,5
16414,3
16415,0
16445,8
16503,3
16547,2
16570,9
16585,0
16609,7
16641,7
16682,5
16687,7
16688,8
16690,2
16711,7
16723,4
16725,8
16754,2
16796,6
16830,6
16859,9
16865,4
16877,9
16883,8
16920,8
16927,3
16950,1
16961,0
16962,7
16966,7
16984,7
16985,4
16993,5
16995,4
17018,4
17028,1
17033,7
17037,3
17038,3
17074,4
17077,3
17108,0
17119,9
17134,0
17165,8
17181,9
17227,3
17323,9
17350,7
17359,7
17364,8
17369,2
17374,2
17409,3
17438,1
17516,2
17524,6
17541,1
17554,1
17555,2
17569,3
17596,8
17606,0
17622,9
17636,6
17658,8
17667,8
17704,1
17764,6
17766,3
17767,4
17850,4
17861,9
17881,0
17906,3
17914,5
17937,8
17942,1
18009,9
18025,7
18062,4
18070,1
18083,5
18114,8
18170,7
18173,7
18191,7
18273,0
18274,3
18300,2
18339,1
18385,4
18431,5
18441,9
18445,4
18460,2
18487,4
18541,1
18543,0
18565,1
18582,4
18592,4
18601,4
18603,0
18614,8
18622,2
18643,2
18651,2
18661,2
18677,9
18695,1
18729,7
18751,4
18767,4
18772,6
18777,9
18816,7
18823,4
18857,7
18860,9
18862,3
18900,2
18921,0
18982,6
19038,0
19072,0
19089,5
19090,1
19101,3
19121,4
19129,2
19133,0
19138,4
19170,5
19173,5
19202,4
19220,9
19224,8
19242,8
19254,9
19256,9
19314,2
19324,2
19366,5
19367,8
19474,3
19478,4
19504,0
19509,7
19526,1
19534,7
19536,3
19552,1
19558,9
19571,6
19572,7
19598,1
19609,5
19614,1
19641,9
19647,6
19684,6
19687,9
19730,9
19804,1
19818,0
19833,2
19842,7
19860,9
19899,0
19913,9
19959,5
19961,4
19963,2
19973,5
19988,8
20023,3
20034,5
20035,8
20040,4
20041,1
20051,3
20052,1
20068,8
20125,5
20137,6
20213,3
20225,0
20243,3
20278,3
20280,7
20290,9
20293,4
20306,5
20372,8
20390,5
20410,9
20424,2
20463,0
20477,7
20487,0
20488,2
20526,2
20528,5
20561,3
20582,7
20601,5
20617,4
20624,2
20640,8
20676,9
20708,3
20709,8
20729,7
20765,7
20773,9
20787,1
20794,4
20817,1
20844,3
20850,2
20858,8
20869,3
20916,6
20961,1
20986,8
20989,3
21066,0
21103,6
21110,8
21115,5
21153,3
21154,3
21178,1
21213,9
21243,7
21298,6
21316,6
21327,4
21329,5
21351,9
21376,1
21391,1
21418,6
21427,1
21429,7
21440,5
21441,2
21444,2
21453,2
21490,4
21521,0
21522,2
21523,0
21527,2
21548,5
21557,2
21560,0
21619,4
21623,2
21637,3
21642,4
21656,8
21657,9
21677,5
21691,2
21700,7
21709,1
21817,4
21825,8
21844,6
21846,4
21883,5
21896,8
21901,6
21906,4
21911,2
21944,1
21946,3
21960,0
22014,3
22022,7
22027,2
22047,2
22051,4
22102,5
22103,3
22133,2
22140,9
22166,8
22195,9
22208,0
22218,3
22240,6
22264,5
22272,5
22278,2
22310,5
22340,9
22357,2
22358,2
22399,7
22403,4
22418,4
22432,0
22435,6
22442,2
22444,0
22490,1
22499,8
22536,3
22551,8
22567,3
22582,1
22585,8
22587,3
22602,4
22604,8
22637,0
22654,6
22659,1
22684,9
22711,7
22720,5
22735,1
22764,0
22826,7
22855,9
22889,6
22926,1
22928,1
22946,3
22960,4
22961,9
22964,3
22980,4
23001,2
23013,0
23025,2
23028,2
23108,0
23119,3
23144,3
23158,5
23174,4
23251,6
23269,4
23281,3
23298,3
23360,7
23396,1
23409,4
23417,1
23436,8
23461,8
23468,2
23472,2
23497,5
23502,9
23504,0
23543,1
23618,4
23646,6
23668,5
23681,9
23696,4
23723,9
23725,5
23737,8
23748,9
23749,1
23752,7
23770,2
23771,9
23798,7
23832,5
23925,5
23926,0
23932,7
23940,0
24001,5
24032,4
24038,1
24092,9
24094,7
24116,2
24153,9
24166,5
24182,2
24192,4
24214,6
24224,6
24227,1
24255,5
24262,4
24311,8
24323,5
24325,7
24331,2
24383,6
24394,5
24430,2
24484,2
24485,2
24493,4
24612,2
24654,8
24666,5
24688,1
24698,0
24708,5
24711,1
24712,9
24723,7
24763,3
24775,9
24785,6
24795,4
24815,7
24847,5
24944,6
24954,8
24955,6
25005,0
25047,6
25050,4
25066,5
25097,8
25160,7
25173,4
25175,4
25181,0
25182,4
25193,6
25216,9
25234,4
25275,8
25279,4
25333,4
25367,9
25392,7
25406,2
25421,1
25432,9
25458,7
25466,5
25480,3
25530,2
25532,9
25540,1
25542,0
25547,0
25556,8
25582,8
25593,6
25595,1
25606,1
25617,2
25646,6
25714,0
25745,1
25747,5
25765,5
25816,7
25851,8
25861,3
25863,7
25873,8
25877,7
25891,5
25934,1
25937,1
25956,4
25963,6
25966,5
26005,9
26014,3
26018,5
26019,6
26064,9
26097,7
26120,2
26121,2
26145,8
26195,5
26197,0
26205,1
26254,9
26255,7
26260,0
26277,0
26314,9
26322,7
26349,9
26353,9
26368,5
26398,5
26409,1
26424,9
26430,9
26445,1
26454,2
26461,2
26470,6
26536,9
26686,0
26716,6
26733,2
26761,0
26791,8
26817,2
26819,6
26834,9
26839,9
26848,6
26866,3
26868,5
26885,9
26892,1
26900,6
26906,9
26925,1
26947,8
26949,9
26950,9
26958,6
26972,5
26992,4
27022,3
27038,5
27053,5
27073,2
27080,4
27135,3
27150,2
27224,5
27284,1
27337,5
27353,5
27380,0
27393,2
27421,5
27433,4
27434,2
27445,0
27481,7
27497,7
27520,2
27552,4
27577,7
27582,1
27605,9
27611,9
27732,9
27749,0
27815,9
27851,8
27892,8
27902,9
27904,9
27917,3
27939,4
27949,9
27951,0
27962,6
27964,8
27967,1
27974,8
27981,6
28000,1
28020,4
28056,1
28057,5
28078,2
28085,6
28114,9
28198,8
28202,0
28258,5
28279,9
28292,1
28317,0
28375,5
28382,6
28431,3
28435,6
28447,7
28477,5
28510,0
28517,4
28533,2
28567,2
28586,1
28589,5
28614,4
28629,1
28631,2
28637,5
28698,6
28714,0
28740,0
28758,6
28809,0
28811,2
28814,0
28823,4
28835,0
28841,3
28849,7
28859,2
28880,7
28903,8
28906,1
29011,4
29034,0
29052,0
29068,1
29069,1
29092,8
29112,5
29125,1
29128,0
29140,6
29141,4
29211,0
29215,1
29216,6
29235,0
29249,3
29274,1
29297,7
29300,3
29304,3
29306,8
29307,5
29341,0
29350,6
29363,7
29380,6
29429,4
29431,8
29479,1
29484,4
29510,2
29515,0
29549,4
29580,9
29596,8
29630,6
29714,7
29723,5
29732,0
29744,4
29769,6
29779,4
29786,7
29793,6
29826,7
29829,8
29841,9
29862,0
29863,8
29866,4
29880,5
29896,3
29899,3
29936,3
29956,9
29964,7
29987,6
30017,7
30035,1
30125,5
30152,6
30154,7
30160,0
30182,6
30211,2
30222,0
30251,3
30258,3
30261,1
30290,7
30298,4
30331,0
30336,2
30339,7
30353,2
30357,7
30363,0
30385,9
30417,3
30434,0
30435,8
30471,1
30474,6
30501,7
30511,3
30521,8
30557,6
30558,7
30565,0
30576,6
30586,0
30589,2
30633,9
30640,2
30646,9
30653,0
30675,3
30681,3
30685,6
30687,6
30688,8
30695,1
30702,4
30754,3
30757,1
30760,3
30788,6
30798,7
30799,6
30856,6
30865,2
30869,1
30881,2
30890,4
30900,5
30913,7
30942,9
30972,2
30978,1
30992,0
30993,2
31017,1
31046,6
31109,0
31168,8
31209,1
31212,6
31254,3
31255,6
31268,6
31302,5
31305,4
31312,9
31374,7
31384,1
31385,7
31390,8
31398,7
31404,3
31441,8
31452,3
31459,7
31460,7
31464,6
31489,5
31494,1
31527,7
31529,1
31532,9
31545,5
31607,8
31613,6
31641,3
31705,6
31715,7
31745,3
31763,5
31773,2
31812,7
31815,1
31823,2
31842,9
31845,8
31873,2
31877,0
31885,4
31889,8
31913,3
31937,0
31942,9
31947,2
31964,7
31967,7
31968,8
31981,6
31989,3
31999,5
32059,5
32151,0
32193,3
32270,8
32350,9
32386,5
32410,9
32412,4
32423,0
32424,2
32448,4
32465,1
32482,1
32508,2
32523,2
32524,4
32567,5
32578,4
32605,0
32611,2
32613,7
32628,4
32633,6
32636,8
32674,5
32686,5
32704,1
32725,6
32731,6
32762,4
32774,8
32802,4
32803,6
32807,1
32843,0
32847,3
32856,2
32885,3
32919,8
32923,5
32935,8
32950,0
32979,1
32982,8
32985,2
32993,4
33058,6
33093,7
33117,4
33123,7
33144,9
33146,3
33190,1
33202,8
33257,0
33267,5
33326,1
33330,0
33338,8
33360,9
33376,5
33432,3
33436,6
33456,1
33486,6
33512,0
33522,0
33551,4
33553,5
33603,5
33610,9
33626,4
33638,4
33644,2
33660,7
33726,4
33767,5
33789,0
33805,4
33828,3
33861,1
33867,7
33958,4
33967,2
33983,0
33989,3
34011,8
34046,6
34051,0
34061,8
34118,7
34142,7
34150,8
34158,1
34170,3
34179,1
34246,0
34268,3
34275,4
34296,0
34321,9
34335,9
34339,9
34356,0
34389,4
34408,2
34414,8
34421,0
34467,1
34493,1
34519,0
34523,0
34548,3
34576,7
34582,0
34594,8
34613,1
34618,7
34628,6
34644,3
34661,7
34689,7
34716,3
34723,1
34745,2
34747,2
34817,5
34840,6
34859,6
34870,8
34955,4
35005,8
35012,0
35028,0
35033,6
35070,9
35143,3
35188,9
35197,1
35235,2
35244,1
35281,1
35284,6
35309,8
35366,3
35369,5
35405,2
35422,3
35486,3
35488,0
35519,7
35556,9
35564,6
35573,7
35578,6
35613,3
35623,9
35643,3
35653,2
35669,1
35675,7
35689,2
35715,9
35724,9
35728,7
35746,0
35748,4
35751,8
35763,9
35764,8
35769,4
35776,8
35804,9
35827,2
35828,6
35836,9
35851,6
35903,5
35913,4
35950,8
35955,6
36020,8
36047,0
36128,3
36158,7
36165,1
36166,2
36184,6
36187,2
36195,6
36201,9
36233,8
36262,3
36269,0
36329,3
36346,4
36362,0
36415,6
36523,6
36529,8
36543,2
36549,0
36579,5
36587,9
36600,2
36616,6
36623,3
36646,0
36670,9
36683,5
36688,7
36705,3
36754,8
36796,7
36798,6
36802,3
36804,5
36823,7
36830,9
36865,8
36893,6
36902,7
36931,3
36936,2
36960,9
36968,1
37021,3
37031,5
37045,1
37053,2
37058,1
37074,4
37093,7
37113,0
37118,3
37123,9
37129,8
37130,8
37152,8
37182,1
37199,2
37231,6
37253,8
37254,6
37280,3
37319,8
37322,2
37330,1
37374,3
37383,3
37428,8
37438,5
37554,0
37598,1
37611,9
37639,6
37645,4
37647,0
37657,7
37662,5
37695,8
37746,3
37757,9
37776,8
37791,5
37809,1
37810,8
37830,5
37838,2
37858,4
37882,1
37887,9
37896,3
37900,7
37947,7
37949,8
37962,8
37991,3
38009,2
38011,4
38023,5
38028,6
38055,0
38071,5
38079,4
38107,2
38112,8
38174,3
38187,6
38200,0
38233,9
38271,8
38315,0
38329,7
38343,4
38368,3
38382,8
38387,8
38440,0
38445,3
38477,5
38494,0
38514,6
38519,9
38520,3
38522,1
38561,1
38564,5
38574,0
38598,7
38617,2
38623,8
38624,5
38652,2
38655,5
38656,5
38659,6
38686,0
38701,9
38708,5
38736,1
38749,0
38786,4
38812,4
38827,3
38901,2
38980,6
39038,7
39062,7
39077,1
39079,2
39087,6
39105,6
39129,4
39130,6
39135,8
39160,1
39192,9
39200,6
39205,6
39213,0
39216,2
39263,0
39299,2
39318,6
39339,4
39404,4
39405,5
39417,1
39454,1
39460,5
39486,4
39492,4
39496,6
39513,5
39523,7
39526,5
39537,9
39540,7
39554,1
39593,9
39603,1
39671,5
39698,2
39728,3
39731,8
39749,7
39751,8
39787,9
39815,6
39853,2
39888,1
39915,8
39923,5
39938,8
39948,8
39960,0
39974,9
40011,8
40052,1
40062,4
40086,1
40099,0
40117,7
40154,5
40182,5
40185,3
40187,4
40195,8
40231,7
40234,4
40255,5
40283,9
40314,1
40327,1
40394,6
40402,4
40414,0
40415,7
40432,5
40442,7
40448,9
40455,9
40457,0
40469,9
40479,0
40484,6
40514,6
40556,2
40573,4
40589,2
40605,1
40608,9
40615,1
40635,1
40651,1
40654,5
40658,1
40666,9
40674,5
40702,4
40727,8
40746,0
40772,9
40773,5
40814,8
40821,0
40824,5
40859,0
40863,2
40921,1
40931,3
40945,8
40995,2
40999,1
41000,5
41020,4
41026,7
41031,1
41040,9
41044,7
41073,1
41108,0
41156,0
41173,4
41193,1
41245,0
41283,3
41288,0
41307,4
41351,6
41368,0
41419,1
41434,9
41466,2
41522,5
41561,6
41563,9
41586,6
41604,7
41653,3
41657,5
41670,5
41714,4
41722,4
41749,4
41752,5
41773,3
41781,3
41788,7
41808,5
41811,0
41847,5
41916,2
41921,4
41927,0
41935,8
41937,2
41942,9
41996,8
42022,6
42039,1
42067,7
42142,2
42145,7
42149,9
42205,1
42213,4
42237,5
42274,5
42287,5
42311,9
42326,1
42339,1
42347,8
42361,6
42371,1
42374,0
42404,1
42407,5
42437,9
42454,2
42455,4
42464,4
42500,9
42520,5
42555,5
42588,3
42620,4
42646,7
42647,6
42653,4
42673,1
42679,8
42688,8
42692,2
42698,5
42705,5
42718,9
42722,7
42723,6
42753,5
42767,6
42786,1
42820,8
42831,7
42872,8
42874,1
42896,0
42897,7
42901,7
42906,3
42919,6
42955,5
43000,9
43001,9
43007,1
43041,4
43068,4
43079,2
43104,7
43127,5
43150,4
43169,0
43173,4
43192,3
43204,3
43216,0
43219,4
43233,5
43285,7
43308,5
43312,2
43322,8
43432,5
43435,3
43450,2
43467,4
43475,3
43477,2
43495,2
43503,5
43515,8
43524,8
43534,8
43562,3
43575,2
43607,7
43614,4
43655,6
43710,7
43728,0
43731,8
43746,1
43763,7
43787,8
43832,4
43860,7
43886,7
43907,8
43908,6
43910,1
43912,7
43924,7
43929,4
43956,7
43957,5
43985,5
43992,9
44018,5
44020,3
44030,0
44044,9
44074,9
44209,2
44304,2
44334,2
44394,6
44398,7
44408,3
44418,1
44425,2
44444,6
44457,3
44474,0
44475,2
44492,2
44512,7
44542,1
44565,2
44583,0
44591,2
44610,7
44619,0
44648,1
44696,0
44716,3
44756,7
44761,4
44766,0
44781,5
44782,3
44787,7
44806,8
44879,6
44913,8
44917,0
44926,9
44937,4
44953,6
44973,9
45012,5
45032,1
45057,8
45069,4
45095,4
45168,8
45170,7
45177,6
45180,7
45215,7
45239,3
45254,1
45278,4
45282,5
45289,3
45319,2
45324,6
45333,7
45341,2
45363,1
45366,1
45385,1
45399,8
45440,9
45464,2
45473,3
45481,8
45515,0
45540,0
45613,4
45649,8
45657,7
45663,7
45664,6
45695,0
45716,5
45746,8
45752,4
45757,6
45773,4
45774,3
45778,4
45827,4
45851,6
45881,6
45915,4
45930,7
45932,2
45961,1
45978,7
45979,3
46037,4
46049,6
46073,5
46133,7
46139,0
46166,0
46177,6
46247,3
46255,9
46258,8
46270,8
46278,7
46279,3
46319,2
46377,2
46415,4
46429,7
46481,1
46492,9
46500,3
46548,3
46554,5
46564,4
46601,1
46612,5
46628,0
46642,7
46664,1
46667,5
46698,9
46702,3
46703,0
46706,9
46738,8
46747,1
46751,0
46773,9
46821,3
46884,4
46934,1
46951,2
46952,0
46954,1
46965,5
46988,8
47000,0
47015,7
47032,6
47081,5
47104,5
47122,8
47123,3
47127,7
47131,2
47132,2
47144,8
47149,7
47152,8
47163,8
47165,9
47191,6
47205,0
47212,8
47215,4
47227,9
47246,2
47254,2
47288,6
47332,9
47339,5
47349,7
47380,3
47388,1
47401,8
47419,0
47422,0
47426,3
47431,4
47471,5
47472,6
47497,6
47578,2
47588,9
47593,6
47608,4
47615,8
47635,8
47650,2
47653,3
47669,3
47706,2
47727,7
47761,6
47766,9
47787,2
47810,6
47812,0
47864,6
47865,9
47868,1
47916,6
47953,0
48007,8
48072,9
48103,4
48121,0
48203,8
48224,9
48275,7
48279,2
48283,6
48316,4
48348,5
48352,3
48393,4
48400,5
48429,9
48523,0
48533,5
48537,1
48552,8
48628,3
48636,6
48647,9
48648,7
48691,7
48696,2
48701,3
48748,2
48774,5
48781,3
48859,3
48866,7
48937,4
48946,2
48951,2
48967,8
49040,5
49049,6
49095,8
49113,1
49141,5
49157,3
49183,3
49218,0
49250,8
49267,2
49272,9
49324,3
49348,5
49351,0
49369,2
49393,5
49449,6
49501,4
49539,6
49542,4
49550,6
49557,1
49563,8
49580,2
49611,5
49665,4
49668,5
49682,5
49683,4
49705,5
49720,0
49736,7
49756,8
49780,0
49797,5
49798,9
49801,9
49810,3
49822,8
49825,5
49827,6
49865,6
49870,9
49876,1
49914,2
49948,3
49969,6
50029,9
50030,9
50046,7
50054,8
50078,9
50136,1
50152,4
50159,6
50174,9
50176,8
50208,0
50241,6
50249,1
50252,5
50271,2
50281,0
50300,3
50312,3
50315,2
50348,2
50349,9
50354,0
50366,5
50368,2
50382,7
50409,5
50434,0
50486,4
50499,8
50507,5
50510,4
50523,0
50558,9
50605,7
50628,0
50647,1
50762,8
50764,5
50768,5
50813,0
50870,6
50892,3
50907,1
50916,4
50926,5
50930,0
50962,2
50974,0
50975,3
50976,3
50988,8
50993,1
51015,1
51041,0
51049,4
51095,9
51131,2
51144,5
51153,3
51167,0
51222,3
51229,7
51237,3
51254,5
51264,4
51273,2
51286,0
51317,2
51322,7
51343,3
51344,7
51365,0
51379,2
51397,1
51420,7
51429,7
51438,6
51460,7
51466,0
51517,2
51536,3
51552,9
51556,1
51579,4
51602,6
51608,2
51612,8
51624,6
51633,2
51649,0
51651,1
51662,6
51676,6
51683,7
51697,6
51708,9
51723,4
51740,5
51772,1
51776,3
51779,1
51784,1
51800,5
51845,0
51856,7
51889,0
51900,1
51922,2
51938,9
51940,3
51943,8
51953,6
51966,4
51986,2
52055,9
52068,2
52099,2
52152,2
52154,0
52172,5
52180,9
52182,0
52184,9
52186,2
52205,1
52222,4
52236,9
52248,1
52254,1
52261,7
52293,4
52316,2
52348,4
52408,2
52421,6
52430,8
52473,4
52508,0
52528,7
52544,6
52545,3
52557,6
52566,4
52576,9
52589,4
52610,5
52611,2
52646,9
52654,1
52668,1
52672,9
52704,4
52730,7
52838,4
52841,2
52872,1
52877,6
52880,6
52884,8
52899,7
52918,6
52956,2
52972,3
52983,8
53009,6
53041,1
53115,8
53130,4
53145,4
53146,9
53148,6
53154,9
53159,7
53184,8
53192,4
53205,4
53235,8
53239,2
53269,2
53270,0
53325,3
53327,4
53347,4
53358,3
53400,8
53406,6
53434,2
53436,1
53448,1
53455,2
53463,6
53470,5
53475,3
53518,1
53545,3
53568,5
53574,8
53593,1
53629,7
53639,2
53657,0
53664,1
53734,0
53735,9
53740,3
53757,3
53785,0
53788,0
53798,6
53816,1
53861,0
53916,0
53932,0
53937,0
53941,2
53949,6
53963,2
54011,7
54026,9
54037,7
54053,5
54086,6
54137,8
54161,2
54206,6
54266,9
54306,2
54309,4
54353,1
54367,8
54399,4
54400,5
54402,3
54411,0
54430,3
54447,4
54487,3
54555,7
54618,6
54624,8
54636,8
54653,2
54693,1
54705,8
54713,9
54720,1
54797,3
54819,4
54841,6
54876,1
54896,8
54904,5
54915,3
54921,4
54925,7
54998,4
55009,9
55062,3
55064,9
55083,1
55151,3
55175,1
55204,5
55224,9
55230,6
55255,6
55267,1
55334,3
55341,3
55342,5
55348,0
55374,7
55434,5
55449,1
55538,4
55546,4
55549,4
55606,8
55610,8
55623,8
55632,8
55639,5
55641,4
55660,6
55704,2
55711,9
55712,5
55761,8
55768,1
55776,4
55799,7
55815,9
55840,0
55851,3
55868,8
55988,1
56041,9
56046,1
56053,3
56076,7
56103,0
56106,4
56108,5
56111,7
56117,1
56127,5
56129,0
56135,9
56150,4
56158,0
56162,6
56172,6
56190,4
56193,8
56207,3
56244,4
56261,1
56262,5
56265,3
56290,8
56309,5
56320,4
56323,9
56338,1
56361,2
56363,5
56378,8
56389,0
56424,0
56447,8
56463,6
56485,8
56494,9
56498,2
56504,3
56513,2
56525,8
56545,6
56616,3
56618,9
56661,5
56687,2
56745,5
56754,3
56773,9
56774,9
56816,7
56852,5
56855,4
56856,4
56877,9
56918,6
56957,2
56965,1
56976,8
56999,5
57004,3
57009,3
57010,6
57028,5
57036,6
57038,8
57045,8
57075,6
57103,3
57124,5
57147,6
57188,7
57197,1
57198,6
57200,8
57231,5
57254,6
57286,7
57290,9
57295,9
57302,5
57308,3
57364,0
57376,7
57477,3
57494,0
57514,6
57536,0
57539,9
57565,6
57597,2
57626,2
57634,0
57663,7
57709,4
57727,0
57737,8
57741,8
57747,4
57757,0
57795,0
57803,4
57812,5
57832,8
57849,1
57872,3
57897,3
57912,0
57919,3
57925,7
57974,3
57983,3
57986,9
57991,7
58048,3
58075,9
58080,3
58103,2
58198,1
58221,7
58264,9
58266,1
58283,8
58289,4
58295,6
58333,3
58374,8
58377,1
58437,9
58438,6
58439,5
58441,2
58461,0
58480,7
58503,3
58527,3
58571,7
58578,6
58607,8
58617,0
58629,6
58638,2
58664,3
58665,0
58675,1
58704,2
58742,9
58746,9
58758,3
58768,0
58787,8
58830,1
58848,7
58859,9
58860,8
58861,0
58867,4
58868,2
58892,3
58900,6
58902,4
58903,1
58913,1
58916,0
58967,9
59018,8
59023,0
59048,7
59060,1
59077,4
59097,8
59109,9
59118,7
59158,3
59170,5
59176,1
59204,7
59211,9
59242,3
59274,8
59306,7
59345,6
59388,7
59403,8
59410,2
59438,8
59466,8
59483,6
59540,6
59604,9
59605,0
59618,5
59619,1
59637,6
59653,0
59682,7
59683,5
59701,5
59707,3
59739,7
59759,4
59772,4
59781,1
59805,0
59819,2
59834,8
59896,2
59901,0
59912,1
59914,3
59952,0
59986,6
59990,9
