1,0
23,1
42,7
45,9
95,0
210,0
240,8
256,6
268,2
271,4
289,4
301,7
328,5
357,1
372,4
382,1
392,3
399,0
418,8
424,9
425,3
426,7
450,1
460,9
464,0
480,5
502,5
506,6
529,9
530,2
543,5
547,6
550,9
590,4
602,8
616,4
627,8
639,0
654,7
670,3
678,1
690,5
693,2
702,0
708,8
711,1
714,2
742,4
772,9
777,8
816,6
863,2
891,1
894,4
928,7
934,7
940,9
960,5
970,5
975,3
1000,0
1034,2
1035,3
1060,1
1073,4
1089,5
1108,3
1122,9
1154,7
1193,8
1209,0
1224,6
1239,8
1264,2
1270,2
1271,4
1277,1
1297,6
1344,8
1384,8
1422,7
1468,5
1473,4
1478,2
1490,5
1493,6
1497,1
1518,9
1519,8
1539,2
1554,4
1576,4
1577,5
1594,3
1599,3
1619,7
1625,0
1651,3
1663,4
1671,6
1681,1
1745,8
1746,7
1748,9
1754,2
1792,6
1814,4
1830,6
1875,9
1884,9
1944,7
1978,5
1986,6
1989,1
2000,5
2003,4
2092,3
2110,1
2118,7
2179,3
2192,0
2198,1
2238,7
2262,6
2266,5
2273,2
2288,2
2312,9
2343,5
2347,7
2374,1
2395,5
2435,0
2470,6
2493,0
2500,0
2508,2
2610,8
2619,1
2623,1
2628,8
2640,9
2654,1
2709,0
2732,4
2743,7
2754,7
2797,9
2800,4
2801,4
2815,9
2862,6
2925,6
2927,8
2937,1
2972,8
2994,1
3011,8
3017,2
3018,4
3033,3
3066,8
3072,4
3115,6
3123,6
3133,2
3146,9
3147,2
3175,0
3187,6
3189,7
3211,8
3218,4
3244,2
3260,4
3281,8
3289,5
3290,4
3316,9
3321,1
3323,3
3331,1
3340,4
3348,9
3363,6
3409,0
3432,8
3472,3
3477,4
3483,9
3487,1
3499,8
3502,8
3506,9
3513,8
3544,9
3551,1
3674,3
3679,2
3747,7
3808,6
3835,3
3841,6
3867,9
3885,1
3886,2
3913,9
3965,2
3985,6
4001,3
4006,8
4009,0
4015,5
4039,6
4040,8
4043,8
4066,1
4068,3
4080,2
4094,3
4108,0
4190,1
4191,3
4192,5
4236,3
4242,7
4267,1
4325,0
4365,6
4390,1
4400,3
4414,2
4462,5
4467,1
4469,2
4476,2
4501,8
4527,0
4529,5
4541,2
4558,5
4574,2
4593,4
4642,0
4659,7
4684,8
4689,9
4703,4
4728,5
4733,2
4773,0
4782,4
4795,3
4797,8
4810,1
4813,1
4837,4
4890,4
4912,9
4932,9
4950,1
5033,4
5051,1
5084,6
5093,9
5144,0
5151,2
5154,0
5181,7
5272,0
5302,7
5319,0
5345,2
5360,8
5364,6
5371,9
5413,6
5417,5
5419,6
5423,5
5468,0
5475,0
5477,1
5504,7
5519,7
5574,8
5578,3
5579,7
5632,6
5658,9
5703,4
5711,0
5712,5
5743,8
5765,9
5780,6
5796,4
5827,8
5831,3
5843,2
5870,3
5873,5
5897,7
5903,1
5946,7
5954,4
5959,7
5963,1
5967,3
5971,5
6055,2
6109,7
6121,9
6128,4
6133,0
6136,8
6140,7
6157,6
6223,8
6251,3
6269,3
6274,5
6309,3
6344,2
6347,3
6395,1
6422,0
6440,3
6456,6
6459,9
6486,6
6487,7
6493,8
6500,3
6527,5
6536,4
6568,1
6573,8
6589,9
6602,6
6613,1
6614,0
6624,2
6645,0
6647,1
6661,9
6707,7
6754,3
6779,9
6782,5
6810,4
6814,8
6829,5
6873,8
6897,8
6902,7
6906,3
6917,0
6949,4
6984,5
7030,3
7054,7
7086,6
7089,1
7146,2
7157,9
7182,8
7207,2
7210,7
7223,2
7229,7
7241,9
7244,5
7245,9
7247,0
7271,0
7277,7
7285,4
7297,8
7299,4
7311,5
7341,6
7361,6
7368,5
7374,5
7382,5
7414,2
7449,5
7466,0
7484,2
7491,1
7535,5
7537,2
7565,7
7592,5
7605,7
7617,8
7622,1
7659,5
7663,7
7668,1
7688,2
7700,6
7720,1
7753,0
7763,8
7781,7
7791,9
7801,2
7856,8
7861,3
7874,0
7901,6
7913,7
7945,7
7960,2
7977,9
7983,2
8021,0
8023,5
8040,1
8056,5
8068,7
8072,6
8108,0
8133,2
8208,4
8230,3
8236,3
8266,4
8276,9
8285,8
8339,5
8345,7
8403,2
8416,9
8429,7
8441,8
8455,3
8459,5
8469,0
8504,5
8514,9
8520,8
8542,1
8543,1
8569,5
8623,5
8662,8
8722,8
8772,1
8784,2
8791,7
8819,5
8827,7
8890,4
8907,3
8927,5
8934,1
8948,3
8982,0
9003,0
9019,8
9024,6
9033,5
9035,0
9038,0
9052,7
9066,9
9067,0
9080,3
9096,5
9154,8
9159,5
9163,5
9165,8
9182,3
9202,6
9212,2
9233,6
9248,2
9251,1
9313,0
9326,5
9348,4
9364,8
9375,4
9430,1
9432,7
9494,7
9498,7
9504,9
9556,6
9559,8
9577,6
9599,1
9610,3
9628,1
9641,8
9673,9
9683,9
9701,4
9745,6
9746,4
9760,6
9810,9
9814,5
9832,8
9851,3
9855,2
9868,3
9870,9
9898,5
9902,1
9922,0
9926,6
9928,6
9994,0
10031,3
10043,9
10101,6
10127,2
10144,3
10161,3
10182,5
10184,9
10191,4
10206,3
10211,5
10212,4
10217,8
10234,6
10252,4
10281,8
10286,5
10298,6
10304,6
10305,9
10309,7
10356,6
10368,2
10404,1
10410,9
10426,8
10447,8
10464,2
10465,5
10491,4
10514,2
10543,5
10550,6
10551,8
10601,1
10621,9
10628,8
10654,6
10656,5
10755,0
10758,4
10804,5
10814,5
10842,1
10860,9
10871,5
10875,9
10899,4
10930,6
10996,6
11000,6
11017,2
11050,1
11071,0
11078,9
11080,7
11109,2
11112,1
11118,5
11172,0
11240,0
11251,2
11273,8
11298,2
11299,2
11317,1
11349,7
11364,2
11373,9
11381,4
11415,9
11426,7
11462,0
11518,1
11527,9
11528,7
11544,3
11564,7
11635,6
11707,5
11709,4
11710,3
11716,7
11724,8
11732,9
11733,7
11734,8
11781,3
11789,7
11821,7
11938,9
11950,8
11978,3
11996,6
12090,6
12107,0
12108,3
12170,6
12182,8
12232,5
12233,7
12234,2
12321,0
12324,0
12379,8
12383,1
12410,6
12439,7
12443,9
12460,4
12490,3
12513,8
12531,9
12550,0
12585,2
12591,1
12596,6
12610,4
12611,5
12650,5
12656,3
12662,0
12720,3
12732,0
12739,9
12741,0
12789,9
12809,1
12811,1
12813,7
12840,9
12884,9
12895,3
12901,3
13037,8
13056,7
13101,6
13117,0
13123,7
13124,3
13136,7
13161,3
13165,5
13183,4
13186,8
13229,5
13242,3
13243,7
13244,7
13249,2
13292,7
13300,5
13328,5
13332,3
13375,6
13376,3
13401,2
13408,0
13417,3
13435,9
13453,1
13500,4
13515,7
13523,2
13574,1
13575,6
13591,5
13629,3
13643,1
13649,1
13650,4
13661,6
13735,2
13772,6
13774,2
13816,0
13849,8
13909,3
13975,7
13997,9
14012,0
14030,3
14058,9
14127,9
14158,0
14185,4
14188,4
14242,7
14266,3
14304,8
14316,5
14322,8
14412,0
14445,0
14455,7
14471,5
14495,8
14501,4
14563,7
14569,2
14601,7
14607,9
14683,4
14714,5
14767,1
14845,8
14877,0
14888,9
14897,0
14918,5
14989,6
14996,2
15003,3
15019,7
15031,3
15052,3
15059,4
15079,9
15088,6
15093,2
15120,0
15181,3
15188,6
15198,0
15217,2
15226,3
15238,5
15257,6
15259,4
15296,2
15329,0
15335,3
15341,8
15345,1
15414,9
15426,4
15457,2
15468,7
15492,0
15506,2
15517,9
15532,8
15539,1
15551,4
15593,9
15610,8
15619,0
15645,8
15653,9
15660,2
15665,4
15669,1
15685,5
15703,4
15743,3
15756,6
15761,0
15802,2
15827,9
15849,7
15879,8
15882,0
15884,5
15959,1
15982,2
15993,0
15997,7
16009,4
16048,4
16058,2
16082,9
16101,8
16156,3
16181,1
16188,6
16216,4
16246,8
16249,3
16251,4
16316,7
16333,5
16339,8
16360,9
16379,7
16431,4
16483,1
16500,8
16564,3
16595,0
16685,4
16692,5
16729,2
16736,6
16749,0
16751,9
16767,5
16770,9
16784,5
16806,9
16807,4
16827,9
16863,4
16878,9
16917,8
16948,2
16955,8
17033,7
17057,4
17061,9
17073,5
17080,2
17095,0
17098,6
17127,3
17147,9
17153,2
17171,1
17199,6
17219,5
17247,5
17250,4
17260,1
17290,8
17294,5
17317,9
17337,1
17339,2
17385,5
17392,0
17393,8
17401,6
17431,2
17447,9
17489,2
17524,6
17567,5
17648,0
17656,9
17680,5
17690,4
17694,4
17702,9
17746,4
17752,3
17764,6
17778,3
17799,9
17829,6
17830,7
17893,3
17932,0
17934,4
17949,4
18005,5
18013,1
18044,3
18068,6
18071,4
18085,6
18097,2
18118,9
18122,7
18131,9
18142,7
18175,9
18234,5
18242,8
18256,1
18292,6
18293,1
18298,5
18302,6
18339,1
18357,0
18408,7
18434,8
18461,0
18483,4
18491,8
18505,0
18518,5
18545,1
18553,5
18587,3
18600,5
18608,6
18675,3
18676,5
18692,1
18704,6
18717,4
18720,7
18738,9
18767,4
18769,5
18770,3
18789,5
18821,6
18868,0
18936,0
18956,6
18965,3
18972,2
19014,3
19039,7
19075,3
19092,3
19096,1
19118,6
19187,7
19200,3
19259,7
19278,1
19289,1
19291,8
19296,2
19324,2
19329,6
19338,3
19340,4
19371,8
19374,5
19401,4
19417,9
19430,5
19434,7
19448,7
19474,3
19498,4
19499,4
19500,3
19515,9
19549,3
19587,2
19602,2
19609,5
19617,6
19642,7
19706,5
19715,9
19721,2
19747,9
19773,7
19784,2
19797,5
19828,6
19857,0
19866,3
19889,8
19965,3
19986,6
20020,8
20022,2
20050,9
20054,9
20082,4
20089,8
20100,2
20110,4
20146,1
20160,2
20167,3
20257,2
20321,0
20349,0
20362,3
20367,6
20394,1
20402,9
20415,4
20436,2
20438,1
20563,1
20572,6
20577,0
20595,2
20629,2
20635,5
20657,8
20662,0
20668,5
20752,3
20771,8
20786,2
20790,3
20792,9
20796,6
20804,5
20808,6
20814,0
20827,0
20841,9
20872,3
20891,6
20894,4
20900,9
20903,3
20953,0
20965,3
20973,8
21093,5
21094,1
21138,9
21144,3
21152,4
21228,3
21232,4
21236,7
21259,5
21282,8
21332,6
21341,3
21367,7
21396,7
21450,2
21459,7
21474,1
21493,2
21504,2
21540,9
21544,2
21548,5
21554,1
21559,3
21576,0
21588,5
21593,8
21595,9
21620,0
21623,2
21625,3
21642,4
21652,2
21655,4
21663,8
21678,5
21683,2
21686,9
21706,7
21709,1
21751,1
21758,7
21774,9
21821,6
21846,4
21865,5
21876,9
21877,3
21903,0
21914,5
21923,1
21936,4
21937,7
21939,3
21954,0
21990,1
22000,3
22003,3
22026,2
22033,5
22066,1
22069,3
22084,6
22130,5
22131,7
22132,2
22143,0
22171,7
22179,1
22197,4
22208,0
22215,6
22237,6
22245,0
22285,4
22299,9
22304,3
22309,8
22342,7
22344,0
22392,7
22414,2
22433,9
22443,3
22445,0
22457,2
22500,2
22561,6
22565,5
22612,2
22614,4
22639,1
22641,2
22654,6
22673,2
22705,1
22706,0
22716,6
22748,1
22808,8
22823,7
22832,0
22839,4
22876,7
22886,0
22971,7
22978,0
23029,3
23035,8
23059,1
23070,7
23101,3
23144,3
23167,1
23175,4
23221,3
23223,6
23226,5
23238,1
23254,1
23275,9
23290,1
23314,9
23389,0
23418,5
23453,6
23454,0
23500,6
23503,2
23509,8
23516,5
23608,4
23622,6
23623,4
23644,4
23665,1
23671,5
23698,7
23711,7
23716,2
23729,8
23734,5
23744,9
23746,5
23795,1
23831,8
23887,2
23891,0
23904,4
23917,2
23927,5
23938,5
23940,0
23974,4
23994,2
24015,2
24018,4
24034,0
24049,7
24062,9
24127,6
24129,2
24160,8
24217,5
24243,9
24260,7
24261,8
24369,3
24391,4
24412,7
24419,0
24430,2
24435,3
24471,4
24476,0
24514,4
24519,5
24535,1
24541,0
24566,9
24576,6
24591,2
24606,1
24644,7
24656,6
24662,7
24668,4
24669,4
24699,7
24710,1
24729,1
24731,3
24733,3
24738,1
24739,6
24765,5
24768,8
24789,3
24804,6
24810,4
24841,2
24866,4
24882,7
24890,5
24905,6
24909,8
24911,9
24925,8
24937,8
24967,9
24985,0
24996,1
24997,2
25005,0
25022,0
25087,1
25096,5
25154,4
25188,4
25236,8
25237,9
25264,1
25275,8
25284,3
25301,8
25305,0
25319,7
25334,4
25351,6
25373,3
25379,8
25389,0
25394,1
25399,0
25422,6
25438,4
25439,7
25462,6
25463,9
25474,1
25491,7
25545,8
25561,7
25565,9
25566,5
25581,7
25613,4
25635,4
25637,9
25659,5
25660,4
25680,6
25694,0
25706,9
25758,1
25780,2
25788,7
25837,9
25891,5
25901,6
25902,2
25909,9
25912,2
25931,4
25940,1
25968,8
25975,8
26034,5
26036,8
26063,7
26111,4
26121,2
26124,6
26193,4
26220,9
26296,4
26311,3
26312,2
26320,5
26327,8
26332,9
26402,6
26415,0
26435,4
26436,0
26440,9
26512,9
26516,6
26521,6
26529,7
26562,2
26582,4
26584,6
26591,7
26595,2
26643,9
26683,9
26689,2
26709,7
26718,2
26752,5
26816,4
26828,9
26842,5
26844,9
26877,9
26880,3
26909,3
26914,1
26916,7
26931,6
26983,6
26986,1
27009,5
27023,0
27097,4
27099,5
27109,0
27114,0
27127,5
27140,3
27221,4
27243,6
27253,5
27331,2
27340,5
27360,7
27361,9
27390,6
27402,6
27480,3
27510,5
27522,7
27547,0
27606,8
27641,2
27653,6
27665,1
27764,5
27795,3
27803,3
27813,5
27814,5
27817,9
27819,8
27864,2
27881,7
27899,3
27905,6
27906,7
27908,9
27922,4
27930,3
27964,8
27997,5
28041,0
28044,0
28050,2
28072,0
28083,6
28100,1
28154,2
28162,6
28193,3
28207,7
28253,4
28258,5
28278,2
28281,6
28315,5
28318,1
28353,6
28380,3
28399,7
28400,6
28427,0
28460,9
28469,5
28494,2
28496,6
28501,4
28503,8
28516,1
28534,5
28539,8
28540,0
28561,3
28563,7
28586,1
28610,4
28621,7
28636,9
28640,2
28646,1
28669,4
28701,2
28727,6
28754,9
28774,9
28790,7
28863,4
28892,8
28898,6
28918,5
28942,4
28949,5
28986,7
28991,7
29090,8
29092,8
29095,8
29110,9
29116,8
29136,6
29146,3
29153,3
29159,7
29197,5
29211,0
29212,7
29219,2
29262,0
29266,3
29272,6
29276,8
29284,1
29322,9
29344,5
29345,0
29393,8
29421,0
29514,1
29541,0
29555,5
29568,6
29590,4
29593,4
29598,1
29602,3
29608,3
29635,2
29657,2
29690,4
29697,1
29738,9
29747,4
29755,0
29784,2
29823,3
29855,7
29872,6
29912,5
29948,7
29985,0
29986,1
29992,4
29994,0
30002,3
30007,1
30009,0
30016,4
30022,9
30092,8
30126,1
30167,4
30179,1
30201,7
30207,0
30221,9
30248,8
30270,1
30277,9
30329,2
30339,7
30356,2
30358,9
30377,3
30394,9
30407,8
30442,7
30459,2
30468,3
30481,7
30482,5
30542,4
30547,0
30548,0
30584,8
30602,4
30612,1
30631,8
30662,3
30665,0
30668,0
30692,3
30735,9
30743,8
30747,3
30777,8
30792,4
30801,7
30821,7
30828,0
30888,4
30897,3
30900,5
30901,1
30979,7
30990,7
30992,0
31012,1
31024,2
31035,8
31061,1
31062,7
31067,4
31082,0
31098,3
31136,3
31137,7
31180,0
31229,3
31230,5
31246,4
31256,9
31273,8
31276,2
31287,5
31295,9
31296,1
31342,6
31351,9
31352,5
31356,0
31370,1
31378,4
31382,7
31412,4
31414,8
31419,4
31430,0
31441,8
31455,5
31478,1
31513,2
31516,6
31532,9
31538,3
31555,2
31600,8
31603,2
31622,8
31628,0
31655,8
31681,2
31683,0
31719,3
31738,8
31754,6
31758,8
31772,5
31791,3
31796,7
31797,6
31828,9
31843,1
31889,8
31896,9
31920,1
31965,4
31976,5
31986,9
31993,1
31997,7
32011,8
32018,8
32019,1
32021,9
32056,4
32078,8
32089,9
32091,3
32112,4
32128,9
32142,2
32153,1
32154,5
32158,1
32159,7
32161,8
32251,9
32277,5
32289,7
32290,5
32307,7
32327,7
32350,9
32364,7
32411,1
32446,1
32462,1
32493,0
32496,1
32518,4
32534,1
32536,1
32544,8
32550,0
32554,1
32573,8
32619,3
32626,7
32696,6
32704,1
32715,9
32725,6
32733,8
32744,2
32748,5
32776,4
32807,1
32818,2
32836,2
32848,9
32882,9
32915,5
32928,2
32929,6
32946,0
32947,2
32982,8
32994,6
33080,3
33081,5
33085,2
33126,9
33138,5
33169,3
33184,2
33215,9
33236,9
33239,3
33246,9
33254,0
33262,4
33271,7
33289,8
33290,2
33294,5
33312,4
33330,0
33350,0
33378,0
33383,1
33422,9
33426,4
33466,7
33510,3
33541,2
33560,6
33616,7
33619,6
33629,6
33648,1
33668,8
33692,6
33714,4
33734,5
33782,6
33804,2
33820,8
33832,2
33839,8
33841,1
33896,3
33923,0
33929,6
33956,8
33960,6
33978,0
34007,0
34020,8
34021,5
34025,0
34037,0
34038,1
34079,7
34087,2
34149,7
34185,4
34202,2
34225,8
34237,0
34285,6
34327,3
34365,5
34368,3
34371,2
34396,3
34409,4
34415,7
34436,2
34455,8
34469,8
34482,9
34495,2
34531,1
34538,0
34552,3
34563,8
34586,0
34614,2
34634,0
34654,6
34670,7
34684,3
34709,4
34720,5
34721,3
34758,8
34813,8
34830,4
34872,8
34879,6
34929,8
35019,9
35040,5
35053,7
35086,3
35094,1
35100,5
35193,8
35198,2
35205,6
35226,3
35230,8
35240,2
35271,3
35298,2
35339,8
35358,9
35359,1
35390,5
35398,8
35464,9
35507,1
35558,1
35573,7
35581,4
35582,3
35588,6
35594,7
35619,8
35636,7
35700,0
35753,6
35767,8
35768,6
35780,4
35781,7
35789,9
35830,4
35836,9
35862,1
35871,7
35873,2
35892,9
35900,1
35918,6
35966,4
35971,0
36017,4
36033,1
36040,0
36052,7
36061,6
36116,0
36117,1
36122,9
36139,7
36173,5
36266,2
36268,5
36286,4
36293,6
36300,8
36323,8
36327,3
36355,2
36369,9
36370,9
36379,4
36398,7
36418,9
36454,5
36457,1
36460,2
36483,4
36508,5
36519,0
36528,5
36595,3
36626,1
36645,3
36669,1
36676,4
36717,2
36718,2
36746,6
36760,7
36776,8
36792,6
36815,3
36849,0
36851,1
36862,3
36902,7
36915,8
36921,1
36936,2
36957,3
36967,7
37026,9
37028,6
37035,3
37087,4
37111,9
37127,9
37133,7
37145,2
37166,3
37183,0
37210,2
37231,6
37261,0
37286,1
37289,1
37305,1
37328,4
37364,5
37382,0
37391,9
37406,8
37427,2
37445,6
37467,0
37520,9
37536,7
37558,5
37568,2
37581,6
37604,3
37649,3
37732,1
37737,9
37757,9
37779,9
37805,5
37854,0
37873,9
37899,4
37939,1
37940,3
37966,6
37997,1
38011,4
38015,7
38068,2
38085,8
38087,9
38096,7
38131,4
38132,4
38150,4
38162,0
38164,1
38220,7
38246,7
38255,7
38259,6
38291,7
38292,9
38330,2
38423,8
38432,1
38435,2
38440,0
38451,3
38478,6
38493,9
38523,0
38528,1
38601,4
38613,8
38631,4
38633,6
38650,7
38660,0
38677,1
38679,2
38726,5
38752,3
38800,2
38821,4
38859,3
38863,8
38872,4
38873,0
38889,0
38909,1
38978,4
39014,7
39064,9
39073,9
39099,3
39101,4
39107,7
39127,3
39144,8
39166,9
39174,9
39214,5
39217,1
39242,8
39255,4
39261,7
39290,3
39345,7
39347,0
39366,3
39372,6
39409,5
39414,4
39421,2
39432,8
39463,0
39470,2
39500,7
39502,5
39509,3
39519,8
39522,4
39523,7
39544,7
39588,9
39590,4
39615,0
39666,5
39678,3
39728,3
39742,6
39756,8
39769,7
39771,8
39797,1
39798,3
39801,0
39806,8
39854,0
39871,3
39879,2
39890,0
39939,2
39947,6
39954,4
39965,5
39979,2
40005,3
40038,0
40040,0
40052,1
40054,2
40065,9
40078,3
40100,3
40140,1
40149,8
40172,5
40178,1
40186,7
40189,5
40193,7
40231,7
40234,4
40253,5
40276,1
40286,0
40306,8
40325,9
40332,6
40342,6
40351,6
40360,2
40378,7
40379,4
40380,1
40389,0
40437,8
40503,8
40504,1
40536,2
40581,2
40596,6
40600,4
40630,0
40631,9
40633,0
40650,6
40699,2
40703,4
40705,2
40767,8
40773,5
40797,0
40798,6
40811,3
40815,2
40816,2
40848,1
40860,1
40861,1
40877,0
40916,7
41052,0
41056,0
41065,9
41081,9
41089,6
41107,3
41111,6
41114,9
41117,0
41131,7
41148,7
41167,6
41185,5
41203,8
41246,6
41255,2
41273,6
41297,7
41301,2
41315,0
41316,6
41366,2
41400,6
41408,6
41445,0
41452,6
41485,0
41504,8
41614,0
41632,3
41652,8
41654,6
41734,9
41769,7
41847,5
41888,1
41902,3
41922,0
41954,1
41956,1
41959,1
41994,3
42062,7
42075,6
42164,7
42184,1
42189,1
42216,4
42226,8
42235,3
42239,4
42244,5
42308,2
42321,5
42359,5
42365,8
42383,8
42385,9
42421,4
42441,3
42469,3
42535,2
42540,8
42545,3
42551,9
42556,5
42560,5
42573,7
42586,1
42619,7
42640,9
42642,9
42653,4
42678,3
42691,8
42704,8
42760,5
42785,6
42789,2
42798,7
42801,0
42835,0
42857,4
42861,2
42896,0
42932,1
42947,1
43061,6
43078,4
43089,7
43120,9
43193,9
43214,1
43243,0
43246,1
43286,1
43288,7
43289,5
43307,7
43339,1
43341,7
43376,2
43380,3
43389,1
43453,9
43472,0
43527,0
43534,8
43540,5
43547,2
43596,9
43609,8
43630,2
43635,2
43658,3
43665,0
43674,2
43691,5
43717,3
43757,4
43823,8
43839,6
43933,1
43946,5
44069,8
44100,4
44191,3
44200,8
44234,9
44236,9
44238,6
44245,1
44293,5
44322,7
44338,3
44390,5
44396,9
44401,2
44431,1
44452,6
44470,7
44473,1
44507,8
44536,7
44545,3
44547,9
44634,5
44636,4
44697,6
44704,0
44721,9
44773,5
44776,9
44797,2
44814,6
44843,6
44868,7
44895,9
44940,7
44945,8
44960,4
44967,1
44981,6
44986,1
44993,2
44996,1
45014,7
45031,3
45058,0
45072,5
45086,9
45098,8
45126,0
45155,5
45206,2
45213,4
45219,4
45228,6
45240,1
45274,6
45281,2
45288,0
45291,6
45293,8
45306,2
45327,3
45331,1
45333,7
45334,5
45367,2
45386,0
45402,0
45415,9
45429,4
45469,7
45472,4
45479,6
45538,4
45550,4
45565,4
45584,2
45625,9
45690,1
45702,6
45703,1
45711,5
45718,4
45723,1
45756,9
45769,0
45796,3
45797,5
45806,7
45810,9
45816,1
45837,0
45850,3
45864,9
45892,9
45918,8
45923,8
45941,1
45943,2
45980,9
46040,1
46043,6
46060,5
46066,9
46069,0
46088,6
46099,8
46103,1
46105,2
46112,4
46148,9
46169,5
46173,1
46180,5
46224,2
46236,1
46241,3
46247,3
46249,7
46310,6
46323,6
46352,4
46355,9
46367,4
46373,9
46399,8
46437,1
46483,2
46489,5
46502,8
46509,5
46526,6
46544,5
46557,0
46573,8
46576,5
46616,8
46632,6
46639,3
46646,6
46655,9
46656,2
46675,5
46677,4
46713,5
46719,8
46768,5
46790,4
46796,0
46812,0
46818,0
46827,8
46837,0
46852,4
46857,3
46897,8
46917,0
46921,2
46949,1
46983,3
46985,9
47042,0
47067,7
47069,0
47071,7
47089,4
47128,4
47140,3
47143,2
47182,7
47186,0
47198,4
47200,1
47201,8
47216,1
47273,2
47282,4
47289,0
47290,2
47314,5
47368,4
47408,2
47438,8
47456,9
47460,2
47472,6
47498,8
47501,1
47503,5
47524,6
47526,5
47528,5
47543,5
47552,0
47593,6
47598,2
47600,7
47604,7
47662,9
47667,2
47692,1
47706,2
47716,0
47719,8
47728,8
47735,1
47747,8
47759,2
47767,2
47768,5
47785,1
47853,9
47882,8
47894,9
47907,2
47915,5
47960,1
48005,6
48013,4
48015,4
48027,1
48033,6
48054,6
48079,1
48104,8
48122,7
48124,7
48150,8
48194,4
48215,4
48217,5
48233,3
48243,8
48254,1
48258,3
48283,6
48285,8
48298,7
48308,7
48361,1
48367,5
48438,0
48456,1
48475,8
48478,4
48486,4
48506,2
48520,4
48543,1
48551,3
48558,4
48576,5
48581,4
48591,6
48615,5
48619,7
48649,6
48683,3
48706,6
48745,4
48749,6
48774,5
48808,0
48869,7
48906,8
48910,7
48927,9
48931,1
48942,4
48948,7
48970,4
48976,7
49011,0
49033,8
49044,8
49066,6
49067,2
49074,2
49116,7
49129,8
49161,6
49197,0
49200,0
49230,3
49257,7
49320,7
49340,2
49365,7
49418,6
49484,6
49525,8
49533,0
49546,4
49579,8
49580,2
49595,0
49603,1
49611,5
49624,6
49658,5
49677,8
49689,5
49724,8
49736,7
49769,6
49796,1
49834,2
49846,7
49858,4
49868,3
49879,6
49885,5
49922,5
49925,9
49935,5
49966,3
50008,8
50017,5
50043,3
50099,9
50116,8
50121,7
50132,6
50145,9
50150,1
50196,2
50213,3
50217,9
50220,6
50225,1
50243,4
50247,2
50296,5
50310,0
50328,0
50334,2
50371,7
50385,0
50415,6
50461,7
50462,9
50467,9
50540,5
50553,7
50568,2
50592,5
50609,4
50612,6
50618,6
50619,6
50635,6
50648,7
50707,8
50728,3
50743,7
50749,0
50752,9
50794,7
50827,1
50855,1
50867,9
50887,5
50924,0
50926,5
50960,3
50969,3
50975,3
50981,4
50987,2
50999,7
51032,9
51059,0
51062,7
51066,6
51067,1
51106,3
51124,5
51129,1
51137,5
51165,9
51189,8
51246,6
51293,6
51296,5
51324,8
51343,3
51371,5
51390,1
51420,7
51422,0
51425,5
51458,2
51462,3
51472,9
51546,0
51559,5
51595,9
51598,0
51614,2
51644,9
51659,5
51684,4
51690,6
51694,4
51696,6
51700,6
51712,4
51726,2
51747,8
51759,3
51772,1
51780,4
51796,9
51811,3
51829,7
51837,3
51911,7
51929,4
51930,9
51932,1
51954,8
51964,8
51976,2
51980,0
51997,0
52004,6
52029,6
52061,9
52069,6
52090,8
52093,9
52094,9
52105,0
52132,2
52151,9
52152,2
52163,6
52176,7
52181,7
52191,3
52195,5
52197,6
52209,3
52242,2
52255,5
52265,6
52279,4
52282,6
52288,0
52296,8
52307,3
52324,9
52329,8
52428,0
52453,2
52465,8
52476,3
52505,1
52510,9
52517,4
52524,7
52548,2
52550,2
52559,5
52632,8
52642,4
52684,2
52752,7
52757,2
52788,6
52790,3
52830,8
52852,4
52895,5
52984,1
53031,4
53037,3
53039,3
53048,3
53066,7
53075,3
53090,8
53134,4
53193,5
53204,9
53257,0
53262,3
53326,1
53378,4
53406,6
53411,4
53422,6
53452,4
53454,0
53490,7
53491,2
53502,0
53503,0
53571,2
53574,8
53636,8
53643,7
53644,2
53686,8
53688,3
53724,3
53725,7
53751,5
53753,4
53754,6
53762,2
53789,0
53790,2
53816,1
53870,1
53931,7
53938,3
53941,2
53954,3
53959,0
54019,1
54037,7
54081,9
54102,0
54109,4
54146,9
54159,5
54166,9
54209,0
54246,5
54257,9
54276,4
54281,5
54288,6
54305,2
54306,2
54320,0
54321,9
54372,7
54375,2
54424,2
54427,4
54474,0
54503,6
54521,4
54528,5
54531,3
54539,6
54567,4
54590,8
54591,6
54607,1
54618,6
54639,5
54644,7
54649,0
54679,9
54711,0
54754,2
54761,7
54817,0
54874,9
54915,3
54936,4
54938,5
54945,6
54963,1
54997,0
55017,3
55041,7
55049,2
55056,0
55072,9
55079,7
55090,7
55094,7
55107,8
55134,6
55154,6
55207,9
55225,5
55229,5
55239,4
55329,7
55331,8
55338,1
55360,2
55365,7
55391,2
55392,8
55397,1
55428,5
55474,3
55547,3
55548,3
55598,4
55609,1
55624,0
55651,0
55681,0
55753,4
55762,8
55853,8
55867,6
55873,0
55883,4
55963,1
55975,6
55979,8
56021,9
56031,4
56037,7
56053,3
56055,2
56056,8
56099,1
56153,6
56159,0
56163,0
56167,7
56186,6
56199,9
56211,6
56215,2
56217,0
56246,5
56250,8
56257,9
56261,1
56277,5
56289,2
56321,3
56363,5
56365,1
56370,5
56383,3
56399,6
56422,4
56475,3
56492,3
56497,4
56507,9
56573,0
56585,3
56587,5
56602,1
56607,9
56617,8
56622,9
56646,4
56665,2
56673,6
56691,2
56696,1
56706,6
56709,0
56710,8
56759,2
56791,3
56792,9
56813,5
56872,8
56889,8
56898,5
56924,7
56937,6
56983,7
57029,6
57047,9
57072,9
57140,6
57158,6
57173,3
57222,1
57232,5
57256,5
57373,3
57377,2
57402,3
57416,2
57418,1
57422,4
57431,7
57440,1
57444,9
57454,1
57459,4
57481,8
57505,1
57513,8
57519,6
57529,6
57533,3
57552,1
57553,5
57587,6
57599,1
57600,7
57614,1
57626,2
57638,9
57697,8
57725,7
57736,8
57751,7
57764,6
57781,3
57785,1
57786,9
57824,5
57907,0
57932,3
57937,4
57947,5
57949,7
57994,6
58010,6
58011,8
58021,3
58034,9
58036,0
58040,5
58060,2
58064,3
58145,5
58148,1
58154,5
58168,8
58200,3
58217,5
58219,3
58238,1
58242,9
58286,1
58304,6
58311,3
58314,2
58331,9
58334,8
58380,4
58384,8
58396,0
58406,3
58425,7
58435,6
58441,2
58459,1
58465,3
58483,3
58489,0
58492,0
58501,1
58522,6
58538,2
58548,4
58570,1
58574,7
58577,9
58606,7
58674,8
58693,8
58705,2
58715,7
58718,0
58719,1
58728,2
58743,0
58759,3
58805,4
58839,6
58844,7
58846,5
58852,9
58900,6
58933,8
58955,3
58963,1
58977,7
58990,8
58992,4
58993,8
59021,9
59030,2
59047,4
59084,9
59132,6
59174,9
59185,4
59204,7
59215,8
59246,7
59248,1
59256,0
59262,3
59278,5
59289,1
59304,7
59307,3
59328,3
59334,3
59357,4
59363,0
59372,0
59385,9
59401,4
59420,0
59481,4
59485,8
59496,9
59501,4
59554,7
59576,5
59589,4
59599,4
59600,5
59637,6
59667,2
59678,3
59694,1
59700,4
59751,8
59769,3
59774,7
59817,9
59825,3
59841,6
59869,0
59879,4
59905,4
59922,4
59931,4
59933,4
59961,3
59971,2
59999,8
