26,4
31,8
33,9
36,6
49,3
56,0
57,9
63,0
88,0
118,0
218,6
219,5
227,9
237,4
246,0
281,3
339,2
341,3
358,1
362,9
387,7
398,1
400,2
445,8
454,1
495,3
502,5
684,2
755,9
756,8
759,6
762,6
777,8
842,4
861,3
902,9
924,5
954,7
971,7
979,0
994,7
1030,4
1032,5
1049,0
1053,2
1057,7
1139,6
1152,0
1156,7
1188,2
1189,6
1196,4
1216,7
1227,4
1235,9
1239,8
1283,5
1290,3
1298,5
1332,7
1339,8
1344,8
1354,1
1374,2
1377,0
1420,5
1426,9
1439,8
1556,5
1561,2
1582,6
1615,5
1651,3
1657,8
1658,1
1681,1
1775,0
1783,8
1791,3
1820,9
1884,9
1895,9
1918,6
1994,3
2029,3
2045,1
2072,4
2075,2
2117,8
2126,6
2139,8
2191,0
2233,3
2237,8
2244,7
2285,8
2331,9
2379,3
2417,7
2461,5
2490,4
2496,6
2497,1
2523,6
2527,5
2528,0
2530,1
2577,8
2580,3
2603,3
2612,7
2616,1
2669,3
2707,3
2708,1
2719,1
2761,8
2808,4
2813,2
2817,0
2828,6
2857,5
2860,9
2875,2
2883,3
2907,1
2909,7
2942,8
2945,5
2947,6
2951,8
3025,5
3032,8
3043,6
3086,8
3109,6
3124,3
3133,2
3149,1
3151,7
3155,1
3226,1
3244,2
3367,0
3386,3
3476,8
3482,8
3527,5
3544,9
3555,8
3560,1
3611,4
3624,4
3691,0
3694,4
3695,5
3703,1
3765,2
3823,7
3831,1
3836,2
3840,7
3908,6
3910,6
3918,8
3931,8
3974,5
3978,4
3980,2
3993,6
3995,3
3996,1
4005,2
4030,6
4033,3
4042,7
4054,6
4060,9
4062,5
4084,8
4114,4
4122,9
4126,5
4128,1
4163,1
4171,5
4192,5
4204,2
4209,9
4213,8
4218,0
4246,3
4287,8
4288,0
4317,7
4397,5
4487,1
4515,5
4534,1
4541,2
4552,3
4567,4
4578,8
4628,3
4631,6
4632,3
4637,8
4663,9
4703,4
4735,3
4756,0
4779,4
4789,4
4837,4
4868,3
4879,9
4909,8
4922,6
4951,0
4958,1
4963,6
4994,0
5021,6
5026,6
5035,7
5070,6
5130,9
5173,3
5199,8
5208,9
5224,9
5254,5
5310,6
5312,7
5336,1
5383,5
5398,0
5408,3
5409,8
5428,1
5472,7
5482,4
5532,9
5544,9
5561,6
5565,7
5570,1
5581,4
5589,9
5634,6
5646,0
5658,9
5699,8
5717,3
5742,5
5749,1
5775,8
5789,1
5810,6
5819,8
5828,5
5851,7
5876,1
5882,1
5887,5
5904,5
5906,7
5946,7
5960,4
5975,7
5977,8
6000,6
6013,6
6019,9
6023,0
6066,8
6070,1
6127,4
6140,7
6166,9
6191,9
6209,1
6214,8
6218,4
6224,7
6252,2
6266,6
6269,3
6288,8
6296,0
6317,3
6336,4
6343,6
6386,2
6395,1
6401,5
6452,6
6456,6
6461,0
6465,2
6514,9
6516,3
6521,1
6523,8
6538,0
6542,9
6560,4
6565,1
6579,7
6613,1
6678,1
6710,3
6717,9
6729,4
6755,2
6760,8
6762,3
6767,6
6776,5
6848,5
6867,5
6890,4
6911,7
6935,0
6944,2
6968,0
6973,0
6982,6
7013,9
7028,7
7044,5
7066,0
7072,2
7089,1
7169,1
7192,3
7198,9
7212,6
7222,1
7259,2
7353,2
7372,0
7396,3
7418,7
7452,6
7460,6
7469,1
7553,1
7568,7
7572,1
7580,6
7599,1
7600,3
7610,7
7617,8
7624,2
7658,1
7667,9
7686,7
7688,2
7715,6
7824,8
7836,8
7844,8
7854,4
7869,7
7876,1
7880,6
7907,5
7919,4
7927,5
7939,2
7975,9
8004,6
8038,7
8046,0
8050,0
8131,1
8148,8
8153,6
8158,0
8190,5
8212,2
8221,8
8250,0
8257,2
8270,4
8276,9
8317,4
8322,9
8351,1
8366,8
8367,6
8394,1
8402,1
8415,4
8467,9
8496,8
8501,8
8502,7
8513,1
8549,5
8575,1
8630,9
8634,4
8635,3
8639,5
8695,4
8715,6
8724,0
8771,3
8776,9
8790,3
8793,2
8818,3
8825,4
8829,6
8840,4
8846,6
8882,3
8891,1
8905,2
8920,8
8930,4
8934,1
8938,5
8954,7
8967,3
8973,4
8983,2
8984,1
9007,7
9032,0
9047,0
9058,6
9059,3
9078,3
9093,5
9107,3
9118,9
9142,0
9154,8
9193,2
9248,2
9252,2
9258,2
9278,3
9285,8
9300,3
9311,9
9333,2
9338,6
9355,3
9361,8
9377,2
9383,2
9406,0
9410,4
9415,1
9425,9
9431,4
9437,9
9439,0
9468,6
9488,2
9507,1
9540,1
9554,8
9561,3
9564,8
9588,7
9604,2
9615,1
9616,1
9628,1
9683,9
9716,7
9721,2
9764,8
9779,3
9782,8
9803,1
9811,8
9822,0
9838,9
9844,8
9849,5
9856,1
9861,8
9867,4
9938,9
9960,1
9996,8
10006,1
10047,9
10070,9
10105,9
10134,1
10188,0
10255,5
10258,5
10298,6
10336,9
10353,5
10359,8
10372,0
10397,5
10403,2
10419,6
10449,9
10464,2
10475,6
10491,4
10500,1
10519,1
10525,4
10544,7
10579,0
10619,8
10633,4
10647,3
10652,5
10669,1
10722,9
10730,3
10737,4
10749,5
10784,9
10786,6
10810,9
10828,7
10830,3
10892,1
10918,4
10991,6
11016,4
11037,3
11047,1
11062,6
11103,9
11104,3
11114,3
11147,2
11158,6
11161,8
11173,6
11188,7
11199,9
11206,9
11224,9
11294,7
11317,1
11322,8
11381,4
11435,7
11449,2
11522,1
11527,9
11532,0
11542,5
11609,5
11621,2
11630,1
11650,7
11703,7
11747,3
11748,2
11774,2
11811,2
11833,0
11837,3
11839,5
11859,8
11861,4
11876,5
11885,8
11902,0
11936,5
11965,4
11974,0
12001,4
12006,9
12025,7
12038,1
12044,3
12059,9
12068,6
12074,9
12119,0
12129,2
12166,1
12190,8
12245,3
12248,9
12254,2
12285,4
12344,3
12345,3
12372,2
12382,1
12411,6
12485,4
12498,3
12526,7
12602,3
12610,4
12626,5
12627,8
12641,7
12647,1
12690,0
12716,0
12744,6
12783,3
12804,5
12822,2
12825,9
12830,4
12871,2
12888,0
12908,7
12922,4
12947,0
12977,6
13022,2
13065,8
13085,6
13106,1
13137,1
13196,0
13258,8
13264,5
13280,0
13298,3
13314,0
13321,5
13346,8
13357,6
13358,9
13359,9
13366,0
13419,4
13524,3
13571,7
13593,6
13596,9
13663,5
13664,4
13694,2
13698,9
13702,6
13707,3
13715,6
13717,9
13727,4
13796,5
13805,9
13812,8
13823,4
13853,0
13875,1
13877,2
13892,1
13897,9
13905,7
13912,6
13919,2
13947,1
14001,1
14012,0
14026,3
14049,5
14058,9
14059,0
14075,8
14140,8
14142,9
14165,0
14186,6
14195,5
14226,8
14254,9
14257,4
14311,0
14339,6
14341,9
14350,3
14369,2
14377,6
14384,0
14393,0
14409,9
14444,5
14464,1
14494,8
14502,9
14536,7
14609,5
14634,6
14647,9
14655,3
14666,6
14689,5
14702,2
14716,9
14737,5
14742,5
14765,3
14780,9
14792,3
14804,6
14823,3
14827,9
14831,8
14843,9
14871,7
14874,1
14916,3
14926,7
14940,6
14965,0
14980,1
14988,9
15025,6
15050,8
15051,6
15083,2
15102,8
15104,8
15105,1
15140,5
15150,0
15165,9
15169,0
15234,6
15244,9
15256,7
15270,2
15310,4
15343,8
15369,9
15372,3
15407,0
15409,3
15413,9
15449,7
15462,5
15494,7
15495,2
15511,3
15513,7
15532,8
15538,5
15546,8
15548,1
15550,1
15612,1
15615,4
15626,8
15684,1
15686,4
15701,3
15703,4
15740,7
15754,7
15766,8
15769,3
15819,5
15825,0
15829,2
15850,3
15851,1
15863,0
15870,6
15887,2
15909,7
15921,1
15925,2
15931,4
15980,3
16024,2
16033,2
16038,5
16061,1
16072,5
16110,1
16117,9
16156,3
16164,5
16169,7
16170,9
16177,3
16182,8
16190,3
16205,7
16206,4
16232,8
16257,5
16303,9
16305,0
16314,4
16317,6
16373,8
16394,7
16427,3
16430,6
16432,8
16433,6
16449,2
16468,1
16487,5
16577,7
16595,0
16654,2
16660,1
16681,9
16718,1
16752,8
16786,6
16833,8
16834,5
16867,3
16885,1
16887,1
16902,2
16912,4
16928,0
16937,8
16951,8
16996,4
17021,8
17032,1
17059,6
17066,6
17082,3
17088,3
17092,9
17102,4
17106,0
17117,7
17132,5
17136,7
17138,5
17168,6
17175,3
17213,1
17216,2
17223,0
17234,9
17241,2
17247,5
17266,2
17283,9
17300,4
17338,5
17351,1
17360,0
17390,4
17401,6
17413,1
17437,9
17441,7
17450,4
17487,1
17491,3
17492,4
17507,2
17524,6
17529,9
17541,1
17581,0
17597,9
17649,7
17732,5
17796,6
17801,4
17826,9
17844,4
17859,8
17937,8
17983,9
18047,8
18055,0
18090,5
18095,1
18103,5
18156,8
18161,7
18199,6
18212,0
18223,4
18234,5
18236,2
18263,0
18288,8
18304,1
18347,5
18351,7
18460,2
18479,7
18514,2
18538,0
18549,3
18551,4
18595,8
18601,4
18631,2
18643,2
18661,2
18682,7
18692,1
18717,4
18719,5
18729,7
18752,3
18812,3
18814,3
18853,1
18874,9
18963,1
18993,1
19059,4
19064,4
19097,2
19108,5
19123,4
19149,2
19154,2
19195,3
19205,3
19225,0
19227,1
19228,6
19237,8
19255,9
19276,6
19393,9
19400,1
19413,3
19454,0
19471,6
19477,9
19505,2
19514,4
19515,9
19529,5
19539,9
19561,4
19574,7
19579,3
19587,2
19608,4
19623,1
19642,7
19651,1
19653,2
19688,2
19739,3
19752,5
19791,7
19793,3
19834,3
19843,2
19860,9
19872,0
19902,0
19924,0
19929,7
19934,9
19952,4
19957,4
19971,9
20011,4
20049,0
20051,3
20074,4
20085,0
20123,0
20165,2
20174,0
20191,8
20228,9
20234,4
20267,9
20275,1
20304,7
20323,6
20326,3
20331,5
20363,8
20392,0
20398,7
20403,7
20417,7
20478,0
20534,5
20546,9
20573,9
20585,4
20600,7
20608,0
20641,9
20672,1
20690,8
20725,8
20735,9
20814,0
20847,2
20851,4
20871,9
20890,5
20904,8
20919,8
20924,4
20930,2
20950,4
20994,5
21006,2
21059,5
21068,1
21090,1
21103,6
21117,6
21122,6
21140,4
21152,4
21219,2
21225,5
21226,6
21236,7
21250,3
21253,1
21256,0
21283,2
21297,9
21299,0
21320,3
21335,7
21402,1
21414,2
21425,2
21429,7
21440,5
21468,3
21500,4
21503,4
21508,0
21520,8
21558,5
21562,9
21565,6
21590,4
21596,3
21607,3
21620,0
21631,9
21666,7
21681,0
21685,3
21694,8
21710,7
21721,0
21725,7
21733,8
21759,0
21789,0
21836,5
21869,9
21871,7
21873,5
21876,9
21891,2
21898,0
21899,1
21925,8
21993,3
22018,7
22031,4
22033,5
22044,2
22046,0
22057,7
22066,1
22068,6
22073,5
22088,9
22117,9
22124,2
22160,6
22165,9
22171,7
22210,6
22219,3
22228,7
22247,1
22248,1
22252,2
22256,9
22319,9
22323,6
22328,1
22359,9
22369,2
22457,2
22512,1
22523,9
22528,7
22564,4
22588,7
22590,4
22595,4
22602,4
22618,6
22621,1
22634,0
22640,0
22641,2
22666,4
22709,6
22716,6
22735,1
22778,2
22794,1
22807,2
22820,6
22844,1
22859,1
22881,2
22890,9
22904,6
22908,6
22911,7
22912,0
22913,8
22917,0
22961,9
22973,5
22992,4
22995,7
23012,1
23066,5
23116,3
23119,3
23122,4
23161,8
23196,4
23197,4
23204,1
23251,6
23266,9
23281,3
23310,2
23333,1
23344,3
23361,5
23372,0
23394,6
23406,4
23446,9
23450,6
23457,2
23465,6
23479,7
23568,5
23602,8
23633,5
23638,9
23640,5
23669,8
23674,8
23683,2
23694,6
23747,3
23780,6
23786,0
23814,2
23818,1
23852,1
23893,6
23914,0
23950,9
23959,6
23970,1
23986,3
24004,5
24047,4
24053,9
24078,0
24116,2
24131,7
24146,6
24164,9
24197,9
24241,8
24251,3
24389,0
24420,9
24433,2
24456,4
24460,8
24494,9
24495,0
24511,4
24530,4
24533,8
24534,8
24544,7
24553,9
24583,7
24596,9
24663,1
24694,9
24699,7
24735,3
24786,2
24832,6
24838,1
24842,0
24891,9
24904,1
24906,3
24913,0
24921,5
24929,4
24933,1
24992,4
24999,9
25001,4
25025,5
25054,1
25061,1
25070,7
25091,3
25140,7
25146,8
25182,4
25199,0
25201,7
25269,1
25298,9
25342,5
25359,5
25376,9
25402,5
25419,4
25446,9
25460,0
25464,8
25480,3
25487,2
25494,5
25620,8
25660,4
25680,6
25685,3
25711,5
25733,7
25756,7
25782,7
25788,7
25802,3
25841,7
25850,7
25931,4
25979,7
26042,9
26066,5
26071,6
26074,4
26106,4
26108,9
26140,3
26149,3
26182,1
26183,0
26197,0
26207,4
26221,2
26255,7
26257,8
26291,3
26324,3
26378,3
26413,5
26419,3
26440,9
26442,7
26449,3
26452,6
26463,3
26495,1
26548,3
26571,9
26580,8
26594,9
26600,7
26621,5
26659,7
26676,5
26688,2
26696,1
26705,7
26760,8
26780,1
26809,3
26840,0
26865,8
26876,5
26905,1
26915,6
26939,1
26968,1
26969,7
26973,9
26977,6
26992,4
27001,4
27046,6
27053,5
27082,0
27093,2
27094,0
27105,8
27143,3
27157,7
27161,6
27168,7
27171,2
27173,3
27186,2
27188,2
27192,2
27214,3
27226,9
27227,4
27233,2
27237,9
27243,6
27250,1
27291,5
27295,9
27307,0
27339,6
27390,6
27393,2
27395,0
27408,5
27443,3
27457,1
27499,5
27541,3
27544,0
27588,4
27655,6
27715,4
27716,7
27717,7
27723,7
27747,7
27753,2
27773,9
27777,5
27779,9
27782,4
27790,1
27793,1
27804,3
27808,7
27827,7
27833,6
27899,3
27901,4
27906,7
27911,0
27941,5
27964,8
27972,8
27988,3
28059,2
28061,7
28101,0
28131,0
28166,1
28196,1
28201,7
28216,6
28250,1
28279,9
28305,0
28332,5
28364,8
28396,9
28415,6
28440,6
28465,5
28472,3
28505,0
28508,6
28511,8
28540,0
28569,1
28600,4
28633,3
28640,2
28647,0
28684,2
28699,8
28707,3
28740,0
28790,7
28814,0
28824,0
28892,8
28917,4
28920,2
28927,9
28933,7
28967,6
28977,2
29004,2
29021,5
29095,8
29100,5
29153,3
29217,6
29235,0
29264,5
29285,1
29348,5
29370,6
29423,7
29453,2
29460,6
29492,9
29603,1
29671,3
29702,8
29714,7
29737,9
29740,1
29753,8
29777,8
29795,6
29807,1
29852,5
29888,7
29901,1
29947,9
29982,7
29995,8
30003,9
30041,3
30051,0
30056,2
30065,7
30071,0
30091,2
30098,8
30102,2
30137,1
30142,6
30197,5
30202,7
30248,8
30253,4
30278,5
30289,6
30302,7
30307,7
30336,2
30360,9
30381,1
30399,5
30438,0
30446,9
30448,5
30453,9
30456,5
30461,3
30488,5
30572,5
30580,2
30583,9
30590,4
30611,3
30616,1
30666,4
30714,5
30721,1
30757,1
30784,6
30806,8
30820,6
30821,7
30851,4
30907,3
30925,2
30975,2
30983,5
30989,6
30996,1
30998,7
31012,1
31026,0
31037,6
31068,2
31092,2
31146,2
31191,8
31223,4
31226,9
31246,4
31254,3
31256,9
31273,8
31336,9
31342,6
31350,0
31359,4
31402,5
31432,1
31450,3
31457,6
31474,8
31488,3
31536,4
31586,6
31594,7
31612,6
31613,6
31632,4
31668,4
31677,0
31705,6
31736,6
31776,4
31792,7
31803,9
31838,5
31839,1
31863,5
31867,6
31870,1
31871,1
31875,5
31920,1
31926,5
31953,5
31973,2
32007,0
32017,3
32039,5
32060,5
32090,5
32116,8
32200,5
32215,7
32221,0
32263,2
32271,9
32272,4
32276,3
32277,5
32291,7
32296,1
32322,5
32345,6
32354,5
32377,9
32391,4
32393,5
32403,9
32448,4
32455,6
32485,2
32574,0
32591,8
32624,6
32654,2
32672,9
32677,1
32714,9
32746,0
32747,8
32759,9
32789,0
32801,4
32802,4
32843,0
32849,7
32865,4
32877,7
32889,6
32907,8
32938,6
32950,0
32954,5
32975,3
32980,7
33015,6
33026,8
33139,3
33158,2
33169,3
33191,1
33193,8
33223,3
33258,6
33270,8
33279,1
33318,6
33349,5
33414,2
33423,7
33444,3
33448,5
33462,1
33481,8
33494,5
33526,2
33528,5
33534,0
33545,4
33576,9
33585,6
33607,3
33646,1
33677,0
33685,2
33700,5
33701,9
33745,3
33754,3
33808,5
33811,5
33814,6
33845,3
33852,4
33863,2
33895,8
33898,8
33902,1
33917,3
33956,8
33967,2
33980,6
33982,2
34022,4
34023,3
34041,5
34075,8
34078,2
34097,0
34107,8
34110,7
34135,6
34184,9
34192,4
34203,3
34206,1
34207,7
34216,4
34233,7
34264,1
34294,4
34321,9
34345,0
34367,4
34409,4
34413,6
34456,6
34466,6
34486,0
34503,7
34524,8
34525,3
34530,4
34558,2
34568,7
34577,8
34618,7
34630,3
34633,7
34639,0
34653,0
34691,8
34693,9
34699,0
34705,1
34753,9
34769,9
34772,7
34806,5
34833,2
34842,8
34848,2
34852,1
34877,5
34892,9
34914,7
34942,9
34956,6
34966,8
34969,9
34972,7
35027,6
35055,6
35056,0
35063,0
35099,6
35102,7
35127,9
35141,4
35207,5
35223,7
35258,4
35269,2
35277,7
35307,8
35318,6
35320,0
35358,9
35371,7
35383,8
35388,5
35419,6
35420,5
35450,7
35479,9
35492,2
35533,4
35539,7
35603,9
35667,0
35706,8
35717,0
35725,4
35748,4
35788,8
35793,0
35796,3
35834,7
35862,1
35899,7
35915,5
35925,1
35932,8
35942,1
35946,4
36001,2
36036,6
36038,6
36044,9
36090,0
36137,8
36142,2
36165,1
36184,6
36189,3
36230,7
36231,7
36235,4
36246,4
36249,9
36285,6
36294,6
36315,1
36334,7
36403,6
36408,1
36418,9
36424,5
36431,0
36471,3
36524,0
36525,3
36570,6
36593,2
36601,6
36619,4
36637,6
36655,9
36660,6
36661,5
36662,2
36690,5
36694,2
36695,5
36706,4
36761,3
36772,6
36799,7
36800,5
36809,0
36824,0
36834,8
36844,2
36888,5
36891,8
36915,8
36922,9
36940,4
36946,3
36964,7
36978,2
36994,0
37003,6
37014,1
37027,0
37039,8
37042,3
37043,0
37077,9
37090,7
37091,6
37092,0
37101,1
37143,2
37179,1
37193,7
37199,2
37230,6
37247,9
37256,6
37281,8
37288,7
37295,4
37345,6
37348,7
37358,5
37366,4
37388,4
37394,7
37409,5
37441,1
37480,7
37487,4
37489,2
37496,4
37512,8
37517,3
37524,3
37528,4
37553,9
37555,3
37556,7
37589,5
37618,1
37631,2
37647,0
37655,2
37703,3
37730,3
37733,7
37739,0
37778,8
37790,0
37808,8
37815,4
37824,9
37848,3
37864,5
37896,3
37916,4
37943,3
37944,3
37947,7
37950,0
37952,8
37964,2
37980,0
37982,6
38021,4
38087,9
38095,1
38129,3
38131,4
38167,3
38175,4
38180,3
38196,1
38250,5
38312,9
38316,4
38318,6
38389,7
38393,6
38402,4
38407,4
38410,3
38430,2
38470,9
38486,5
38494,0
38522,1
38568,4
38576,6
38577,5
38598,7
38618,2
38672,7
38680,9
38709,1
38712,3
38713,1
38728,7
38752,3
38761,6
38765,8
38796,6
38800,2
38805,8
38858,8
38922,4
38928,1
38935,2
38944,5
38961,6
38962,2
38971,8
38999,9
39007,1
39018,1
39042,2
39123,4
39172,9
39196,1
39199,9
39214,5
39254,7
39295,0
39300,1
39324,4
39348,7
39382,8
39416,5
39427,5
39474,0
39500,7
39509,3
39625,5
39639,0
39652,1
39655,2
39720,4
39745,5
39790,2
39829,9
39832,8
39873,8
39877,7
39906,0
39908,6
39909,3
39915,8
39954,4
39967,6
40001,7
40005,3
40016,8
40020,3
40027,2
40031,8
40055,3
40092,8
40110,8
40116,4
40124,6
40154,5
40157,6
40160,2
40180,0
40198,2
40200,0
40240,0
40257,3
40259,8
40268,5
40289,2
40329,0
40405,2
40415,7
40456,0
40500,7
40507,9
40508,9
40530,2
40534,5
40575,3
40593,4
40600,4
40607,2
40613,0
40624,5
40633,0
40637,2
40652,8
40654,5
40658,1
40674,5
40677,4
40721,4
40730,7
40746,0
40761,5
40775,6
40792,8
40806,4
40825,0
40830,3
40836,3
40878,1
40898,3
40910,4
40940,3
40956,2
41021,9
41047,6
41050,6
41056,0
41057,8
41095,7
41099,7
41111,6
41115,8
41119,1
41121,2
41147,5
41176,7
41187,0
41198,6
41202,5
41255,2
41275,7
41321,5
41348,2
41403,9
41405,7
41410,6
41437,1
41438,2
41465,0
41478,2
41489,2
41493,7
41513,3
41562,9
41605,9
41617,0
41622,8
41628,5
41629,3
41667,0
41688,6
41691,4
41693,5
41720,3
41759,5
41774,4
41797,6
41842,6
41872,7
41940,6
41962,9
42008,0
42009,8
42023,7
42034,8
42061,7
42069,9
42082,3
42086,9
42087,3
42115,2
42135,2
42144,9
42155,8
42162,6
42188,2
42189,1
42233,4
42250,0
42258,9
42265,7
42267,5
42270,0
42290,7
42310,2
42335,6
42363,7
42365,8
42374,0
42393,1
42482,9
42567,4
42584,1
42603,2
42605,3
42629,7
42635,8
42660,5
42663,5
42666,1
42670,7
42739,7
42748,7
42761,5
42777,3
42801,0
42827,5
42835,0
42852,1
42904,6
42918,2
42920,8
42925,0
42982,2
43014,3
43043,3
43071,1
43090,3
43162,1
43168,7
43226,8
43280,3
43281,6
43291,4
43312,2
43336,1
43356,7
43362,7
43411,1
43412,5
43436,2
43441,2
43447,8
43460,3
43466,3
43492,3
43528,7
43545,6
43634,4
43643,6
43654,3
43657,4
43678,6
43688,4
43692,8
43698,8
43763,7
43764,1
43799,5
43810,9
43831,2
43833,3
43855,5
43859,7
43881,4
43886,7
43921,8
43929,4
43944,8
43953,8
43957,5
43971,1
43981,0
43994,2
43995,6
44026,9
44052,4
44080,7
44082,6
44123,8
44128,6
44131,1
44176,8
44208,0
44229,2
44243,0
44294,4
44304,2
44317,1
44336,6
44357,9
44394,6
44431,1
44433,8
44471,0
44472,7
44474,0
44483,6
44506,5
44514,8
44518,0
44519,3
44558,0
44570,7
44571,6
44579,8
44585,2
44593,4
44596,3
44600,9
44602,6
44638,8
44649,6
44672,2
44680,1
44790,6
44794,2
44796,0
44820,5
44838,0
44857,1
44865,7
44898,2
44917,0
44951,0
44961,8
44980,8
44986,1
45015,3
45127,6
45132,5
45160,5
45162,0
45184,4
45238,4
45241,6
45243,4
45257,7
45304,9
45336,3
45371,0
45383,0
45406,2
45413,8
45415,9
45427,8
45450,9
45489,7
45491,5
45515,0
45567,5
45581,6
45585,8
45615,7
45625,9
45628,3
45634,6
45648,2
45661,2
45677,1
45678,8
45683,1
45727,3
45741,0
45744,7
45747,3
45790,1
45820,1
45823,0
45824,9
45855,1
45861,1
45874,8
45878,3
45883,5
45886,5
45892,9
45901,7
45924,5
45933,5
45944,9
45945,3
45947,5
45954,8
45960,0
46061,3
46087,9
46095,7
46100,9
46172,4
46204,1
46212,2
46250,2
46264,7
46269,3
46274,7
46305,4
46312,5
46313,8
46371,0
46382,6
46418,5
46448,5
46465,3
46489,5
46534,3
46536,6
46572,9
46576,5
46613,4
46669,6
46683,0
46696,1
46708,2
46769,7
46771,7
46784,9
46787,5
46805,5
46825,6
46860,0
46878,5
46884,4
46905,0
46954,1
46974,2
46988,8
46995,4
47016,5
47025,6
47042,0
47083,2
47088,2
47116,8
47123,3
47126,9
47128,4
47242,7
47293,4
47316,0
47336,4
47343,6
47379,4
47385,7
47452,0
47481,3
47486,6
47502,1
47518,4
47526,5
47530,2
47537,7
47553,1
47561,6
47580,1
47582,8
47598,2
47600,7
47614,2
47672,1
47712,9
47729,1
47762,9
47768,5
47820,0
47827,6
47854,5
47907,2
47911,6
48008,2
48034,2
48038,3
48073,7
48122,7
48196,0
48267,0
48270,2
48279,2
48286,4
48317,6
48327,4
48370,6
48371,0
48377,7
48378,2
48392,3
48427,6
48482,3
48500,3
48592,1
48664,1
48678,7
48680,5
48685,4
48687,5
48708,9
48735,3
48773,8
48822,2
48828,8
48849,3
48855,8
48875,8
48876,4
48881,2
48891,8
48916,1
48955,7
48958,6
48964,9
48974,3
48978,3
48996,9
49004,6
49011,0
49048,5
49113,1
49147,3
49152,5
49169,4
49175,6
49210,1
49216,6
49242,7
49262,9
49265,1
49271,4
49281,0
49298,9
49327,7
49338,1
49343,5
49345,4
49349,2
49370,0
49416,2
49450,3
49492,9
49514,4
49542,4
49551,7
49558,5
49567,2
49603,1
49615,7
49620,8
49634,8
49645,3
49678,3
49708,5
49710,9
49712,4
49715,8
49721,7
49724,8
49729,3
49734,9
49742,7
49781,2
49834,2
49835,0
49855,1
49861,4
49889,0
49895,5
49906,7
49935,5
49989,0
50037,7
50077,8
50098,6
50102,9
50111,5
50132,6
50135,6
50196,2
50235,0
50252,5
50286,3
50288,3
50316,5
50356,1
50378,3
50383,5
50434,0
50483,7
50491,3
50497,5
50505,8
50507,5
50514,8
50555,8
50558,9
50561,1
50588,6
50591,4
50597,8
50600,1
50653,4
50657,6
50660,8
50662,5
50680,3
50708,7
50744,2
50754,9
50814,2
50852,0
50859,9
50868,7
50876,0
50895,5
50931,1
50965,8
50970,8
50973,9
51023,7
51049,4
51055,6
51073,2
51074,7
51104,8
51108,0
51125,4
51134,8
51143,8
51192,9
51255,4
51260,3
51272,8
51318,9
51339,5
51340,2
51385,5
51393,9
51399,2
51400,6
51433,5
51439,1
51473,5
51571,3
51576,8
51598,0
51607,6
51616,3
51655,3
51663,7
51665,8
51682,2
51699,2
51712,4
51720,8
51735,2
51754,8
51810,2
51823,4
51826,0
51877,6
51900,1
51921,4
51929,4
51955,5
51973,5
51979,4
51990,5
51994,5
52017,9
52083,2
52088,1
52090,8
52124,7
52126,0
52130,0
52189,2
52219,8
52232,9
52305,0
52332,5
52334,1
52335,2
52343,4
52350,3
52352,8
52384,4
52410,2
52415,3
52434,6
52470,0
52473,4
52508,0
52517,4
52533,8
52548,2
52555,9
52560,6
52570,9
52584,6
52613,0
52631,4
52659,2
52688,6
52690,3
52691,0
52714,9
52792,5
52818,3
52845,9
52853,3
52862,8
52869,2
52872,1
52879,7
52883,9
52914,5
52920,4
52933,8
52978,0
52992,7
53008,2
53050,5
53054,5
53057,6
53069,5
53089,2
53186,8
53250,9
53273,1
53276,9
53277,6
53284,2
53290,0
53304,1
53327,4
53360,0
53396,9
53403,0
53404,0
53409,1
53462,8
53463,6
53481,6
53482,3
53488,3
53491,2
53521,1
53556,8
53561,9
53572,5
53574,8
53575,0
53598,5
53606,6
53617,5
53647,5
53686,8
53688,3
53774,8
53790,2
53807,4
53819,2
53831,9
53853,9
53856,4
53905,4
53939,1
53945,4
53964,9
53976,9
53978,5
53990,4
54003,0
54023,1
54028,3
54040,8
54104,0
54112,4
54122,5
54133,6
54157,8
54180,8
54184,5
54197,4
54208,3
54226,8
54227,6
54246,5
54248,3
54263,0
54274,7
54294,4
54368,0
54374,4
54427,4
54441,7
54489,1
54512,0
54522,7
54562,5
54565,7
54569,8
54590,8
54598,5
54689,0
54698,9
54713,9
54720,1
54754,2
54758,2
54765,2
54781,5
54792,7
54832,0
54854,2
54893,2
54902,5
54935,8
54947,1
54973,2
54985,0
54987,2
54990,8
54998,4
55008,3
55038,3
55094,7
55111,6
55117,7
55124,4
55126,9
55160,4
55206,4
55207,9
55250,8
55270,7
55287,5
55303,4
55306,1
55344,7
55345,0
55353,3
55354,0
55432,3
55445,8
55451,8
55466,7
55473,9
55485,3
55490,4
55502,1
55504,2
55507,2
55518,7
55523,1
55545,2
55560,7
55611,8
55644,1
55665,3
55679,0
55683,8
55731,6
55763,9
55773,4
55796,3
55799,7
55812,4
55820,6
55858,3
55866,3
55878,5
55920,1
55942,6
55948,4
55986,0
55996,2
56005,0
56023,0
56026,8
56029,3
56036,5
56044,6
56052,7
56067,3
56091,8
56094,4
56101,0
56103,0
56109,7
56142,4
56162,6
56217,0
56237,9
56254,8
56267,4
56292,9
56298,2
56317,9
56347,0
56354,7
56390,7
56405,6
56408,9
56485,8
56496,4
56512,0
56514,2
56528,3
56533,0
56562,6
56588,7
56624,3
56630,5
56636,8
56641,6
56690,9
56699,4
56724,0
56738,3
56755,0
56768,1
56841,7
56852,5
56860,5
56878,6
56884,9
56903,1
56911,8
56913,8
56915,7
56923,9
56978,8
57001,8
57004,3
57007,2
57029,6
57059,4
57063,7
57065,6
57082,4
57109,1
57110,7
57115,0
57120,0
57131,3
57135,4
57136,5
57141,3
57159,9
57175,9
57192,1
57218,6
57321,0
57345,5
57354,4
57355,8
57369,5
57385,1
57396,3
57398,2
57484,8
57514,6
57536,0
57537,4
57543,0
57545,9
57577,6
57586,0
57664,8
57680,3
57685,0
57692,7
57753,9
57787,5
57795,0
57812,5
57819,4
57847,0
57865,1
57870,8
57895,9
57899,2
57900,5
57919,3
57936,2
57960,1
57971,6
57981,2
57998,1
58009,7
58019,2
58041,6
58046,8
58066,4
58075,9
58084,3
58087,2
58109,7
58117,5
58121,0
58124,6
58135,2
58151,4
58176,6
58182,2
58191,6
58193,5
58211,4
58226,6
58240,4
58292,7
58303,6
58333,3
58335,1
58341,1
58351,9
58365,5
58409,2
58413,9
58450,7
58466,1
58468,2
58494,2
58522,6
58535,5
58541,3
58548,4
58574,7
58576,1
58644,2
58655,5
58665,0
58726,0
58760,3
58781,6
58801,2
58812,3
58847,4
58886,1
58919,4
58941,7
58949,6
58963,1
58986,4
59013,8
59018,8
59019,7
59065,6
59082,7
59094,2
59104,3
59109,9
59115,7
59118,7
59130,2
59140,7
59143,0
59154,0
59158,3
59187,0
59213,7
59215,8
59240,4
59248,1
59252,2
59282,3
59289,1
59291,5
59318,3
59341,9
59378,6
59389,7
59426,5
59461,3
59469,7
59476,2
59487,0
59565,8
59571,1
59573,9
59582,4
59627,8
59633,9
59649,8
59657,4
59658,1
59667,2
59669,5
59684,2
59700,4
59710,7
59723,0
59726,5
59737,2
59753,4
59757,2
59809,4
59824,2
59830,7
59854,1
59881,4
59917,9
59922,4
59939,9
59956,5
59969,9
59987,0
59988,7
