42,7
47,5
186,6
188,8
195,9
211,1
377,7
493,2
509,3
560,7
679,5
753,7
920,1
1004,4
1049,0
1053,2
1097,3
1264,2
1335,7
1415,6
1433,5
1524,5
1538,6
1600,0
1661,3
1690,5
1804,8
1916,0
2030,8
2067,8
2117,8
2169,4
2176,4
2187,7
2297,7
2455,7
2465,9
2468,3
2500,0
2626,2
2714,2
2734,3
2807,1
2832,4
3253,7
3290,4
3308,2
3333,2
3395,2
3455,4
3458,4
3530,6
3559,6
3678,9
3733,1
3817,4
3836,2
3837,4
3859,5
3878,1
4020,7
4044,0
4051,2
4221,6
4290,5
4572,6
4589,9
4700,8
4714,2
4720,9
4824,9
4851,2
4878,3
4921,5
4959,4
4963,6
5032,4
5043,8
5078,8
5089,7
5090,1
5108,0
5253,7
5274,6
5396,3
5421,2
5422,7
5538,9
5544,9
5591,5
5692,0
5728,3
5740,9
5745,9
5800,8
5807,4
5842,1
5932,0
5958,3
6001,0
6091,7
6100,9
6159,6
6231,2
6245,0
6263,9
6288,8
6345,9
6349,2
6379,9
6445,2
6454,4
6555,5
6617,1
6628,2
6645,0
6667,3
6682,1
6691,5
6759,4
6790,9
7058,3
7128,0
7238,5
7282,4
7363,1
7376,8
7412,3
7432,2
7475,5
7493,6
7577,6
7591,5
7650,1
7707,0
7774,9
7815,6
7816,0
7824,8
8070,1
8217,7
8311,6
8323,0
8506,1
8618,8
8779,5
8792,6
8864,2
8911,6
9128,9
9139,4
9144,6
9240,1
9273,7
9288,1
9316,6
9411,3
9461,4
9682,2
9789,8
9818,6
9861,8
9876,9
9941,9
10003,9
10055,9
10124,8
10157,1
10316,5
10324,7
10350,4
10533,7
10596,8
10620,2
10624,1
10625,0
10673,2
10822,5
10861,0
10872,3
11090,9
11154,5
11261,6
11322,8
11428,0
11447,4
11486,5
11540,7
11737,2
11806,5
11880,8
11944,7
11977,2
12018,7
12024,3
12088,6
12121,4
12168,0
12182,8
12208,7
12234,2
12259,0
12289,5
12330,3
12374,0
12397,4
12446,3
12510,1
12519,5
12556,1
12576,7
12647,1
12669,9
12694,5
12712,8
12717,7
12903,9
12919,6
13005,0
13042,7
13127,3
13208,3
13209,9
13258,8
13286,0
13296,1
13458,4
13517,5
13524,3
13571,7
13596,9
13661,6
13673,3
13714,4
13764,0
13828,6
13972,2
14090,5
14122,5
14211,8
14214,5
14248,6
14249,9
14265,6
14370,5
14425,0
14434,9
14445,0
14483,5
14643,7
14646,2
14861,2
14888,9
14996,2
15014,3
15055,2
15161,4
15191,0
15206,5
15213,7
15425,7
15446,9
15452,7
15479,4
15499,7
15742,5
15928,0
15951,6
16038,5
16126,5
16129,5
16155,4
16264,7
16389,4
16581,9
16632,6
16668,6
16682,5
16837,2
16844,5
16980,5
17026,3
17080,2
17122,0
17148,3
17157,4
17249,6
17266,2
17311,9
17345,8
17419,7
17431,2
17444,4
17549,0
17584,5
17588,3
17645,5
17804,8
17815,1
17923,0
17929,3
17986,1
18073,0
18162,5
18289,7
18307,3
18315,7
18325,3
18351,7
18485,3
18492,1
18505,0
18629,8
18634,2
18774,8
18787,4
18800,1
18830,1
18860,9
18861,9
19232,2
19385,6
19400,1
19406,4
19684,6
19743,9
19758,3
19800,7
19859,0
20009,3
20053,4
20054,9
20134,7
20286,6
20298,1
20356,3
20383,6
20421,9
20450,9
20521,8
20601,5
20615,3
20656,6
20681,0
20743,8
20751,0
20803,1
20988,1
21109,1
21183,8
21254,2
21305,3
21563,5
21595,9
21613,8
21624,7
21708,8
21917,2
21977,6
21995,6
22015,5
22073,5
22206,3
22211,5
22244,5
22254,0
22261,8
22312,9
22370,1
22440,0
22707,0
22750,4
22815,1
22850,1
22922,2
22938,0
22967,9
23096,4
23144,3
23193,8
23334,7
23401,0
23567,5
23596,4
23605,8
23699,6
23723,9
23733,5
23763,5
23777,2
23859,2
23870,5
23982,2
24091,6
24401,9
24406,2
24510,0
24565,7
24620,9
24621,3
24738,1
24778,5
24907,7
24911,9
24924,1
25039,0
25092,0
25097,8
25113,6
25123,7
25154,4
25217,2
25224,9
25313,4
25341,8
25387,8
25489,6
25499,6
25741,8
25773,0
25801,9
25810,9
25902,2
25961,1
26111,4
26141,7
26207,4
26229,5
26279,1
26291,3
26295,1
26317,1
26362,8
26495,1
26592,5
26669,2
26769,4
26816,4
26853,0
26864,4
26997,9
27026,2
27034,1
27066,9
27087,9
27258,2
27335,4
27370,9
27523,6
27713,4
27803,3
27861,3
27922,4
27947,8
27990,0
28035,1
28036,4
28050,2
28077,2
28163,6
28328,0
28340,5
28385,0
28391,3
28454,2
28478,5
28523,9
28654,5
28672,2
28704,6
28768,6
28772,0
28834,1
28875,0
29068,1
29169,6
29263,0
29283,0
29309,7
29501,2
29536,9
29539,5
29561,4
29600,4
29678,8
29849,1
29854,4
29878,9
30299,1
30306,3
30321,4
30360,9
30383,8
30525,8
30574,3
30597,6
30615,5
30730,2
30802,2
30990,7
31081,1
31100,7
31159,4
31176,7
31287,5
31346,5
31350,0
31376,9
31440,8
31528,8
31683,0
31788,3
31809,9
31841,9
31866,9
31911,1
31939,9
31968,8
32011,8
32159,7
32176,3
32210,0
32310,4
32359,7
32468,8
32481,2
32540,1
32547,5
32550,0
32582,5
32708,0
32758,5
32789,0
32831,5
32862,4
32900,3
32949,2
32960,3
33057,7
33108,1
33148,0
33177,4
33178,6
33229,3
33248,4
33250,2
33546,8
33549,6
33572,6
33605,5
33635,7
33660,7
33734,5
33750,1
33792,4
33949,1
33982,2
34113,2
34228,2
34290,4
34310,2
34420,9
34543,6
34616,9
34676,7
34756,4
34827,6
34860,4
34866,3
34924,6
34929,8
34957,9
34959,7
35016,9
35127,9
35155,3
35161,2
35353,8
35380,9
35441,9
35520,3
35739,0
35912,1
35962,6
35976,5
36027,7
36048,3
36050,9
36141,1
36142,2
36258,7
36358,6
36373,1
36406,3
36587,9
36604,3
36645,3
36777,9
36810,6
36822,1
36863,9
36974,8
36975,0
36983,8
37188,3
37241,2
37250,3
37302,4
37396,8
37400,9
37565,1
37566,3
37568,2
37612,7
37625,3
37705,0
37720,8
37865,5
37987,7
37998,6
38020,9
38028,6
38138,0
38328,1
38345,5
38378,5
38413,1
38424,1
38453,8
38473,0
38476,8
38505,7
38666,1
38671,4
38785,2
38891,4
38892,3
38903,0
38906,4
38914,0
38915,6
39003,7
39052,1
39294,7
39352,1
39430,6
39494,0
39501,9
39553,3
39634,4
39657,9
39841,8
39843,1
39844,4
39849,1
39985,5
40009,6
40056,1
40196,1
40229,6
40262,0
40264,9
40343,4
40378,7
40427,3
40447,3
40565,0
40699,2
40723,4
40771,6
40784,7
40842,4
40856,8
40902,5
40961,6
40993,5
40999,1
41023,5
41049,5
41101,0
41160,6
41180,8
41184,7
41198,6
41239,9
41352,0
41477,6
41557,0
41577,6
41671,4
41754,5
41760,7
41813,9
41886,4
41893,8
41994,3
42006,8
42059,9
42147,8
42175,1
42188,2
42345,4
42408,8
42479,8
42482,9
42490,6
42495,8
42508,3
42543,5
42553,4
42636,3
42646,7
42670,7
42689,6
42692,2
42803,1
42807,3
42878,8
42883,2
42987,8
43002,2
43011,0
43089,7
43130,4
43317,2
43323,1
43373,3
43404,0
43454,5
43469,1
43474,3
43594,6
43611,9
43621,4
43695,8
43808,1
43838,5
43865,3
44054,2
44111,7
44291,4
44459,4
44509,9
44539,7
44556,1
44565,2
44615,8
44731,4
44747,2
44756,7
44780,9
45046,3
45069,4
45185,7
45225,6
45256,5
45336,3
45339,4
45343,9
45357,4
45367,2
45403,1
45465,9
45591,5
45622,6
45732,3
45824,9
45851,6
45871,7
45902,3
45924,5
45961,1
45971,8
45979,3
46027,3
46047,2
46060,5
46192,0
46332,0
46335,1
46418,5
46425,3
46456,4
46565,7
46591,2
46605,7
46682,6
46692,3
46715,6
46744,7
46798,4
46873,7
46934,1
46983,3
47006,6
47137,7
47161,7
47163,8
47238,2
47370,0
47371,0
47592,3
47689,3
48085,1
48118,2
48155,8
48203,8
48255,9
48308,7
48387,6
48498,3
48527,2
48778,6
48841,2
49061,5
49069,7
49073,8
49181,2
49189,2
49195,4
49281,0
49386,9
49429,0
49433,3
49534,1
49556,3
49665,4
49855,1
49889,0
50025,3
50052,2
50066,7
50073,6
50309,9
50312,3
50422,5
50441,2
50504,2
50559,0
50561,1
50625,8
50641,5
50647,1
50748,2
50756,2
50776,6
50785,8
50788,1
50813,0
50865,6
50925,8
50929,0
50977,2
51050,5
51213,6
51217,3
51278,5
51355,6
51424,8
51455,9
51459,8
51460,7
51638,0
51643,7
51755,6
51931,2
51945,9
51964,8
52048,0
52065,5
52076,6
52079,0
52145,6
52147,7
52292,8
52359,1
52362,1
52463,7
52479,3
52500,9
52504,6
52531,1
52532,4
52573,8
52753,3
52823,4
52888,1
52922,3
53119,1
53133,8
53175,6
53287,3
53304,1
53312,8
53318,6
53571,2
53608,2
53766,7
53914,4
53934,0
54026,9
54082,8
54087,1
54118,7
54135,7
54163,8
54224,6
54256,7
54366,5
54390,6
54438,1
54468,1
54497,7
54525,5
54650,4
54730,3
54767,3
54769,4
54785,4
54808,0
54821,8
54836,0
55152,0
55309,7
55380,1
55437,2
55592,3
55619,8
55644,1
55673,4
55725,6
55814,9
55842,7
55910,5
55932,3
55958,5
55976,4
55979,8
55991,0
56042,7
56058,7
56103,0
56106,4
56153,6
56155,5
56242,9
56305,3
56358,6
56479,5
56519,6
56532,4
56562,6
56578,3
56651,0
56774,9
56810,1
56822,7
56961,2
56968,0
57125,6
57197,1
57211,5
57250,1
57320,5
57370,4
57422,4
57429,7
57506,2
57689,3
57724,4
57863,3
57913,9
58175,5
58201,8
58206,0
58265,0
58296,8
58514,4
58543,8
58647,0
58843,4
58857,2
58872,5
58898,9
58913,1
58993,8
59049,8
59073,6
59260,8
59277,8
59308,3
59395,8
59405,7
59515,4
59564,9
59648,8
59681,0
59733,7
59826,2
59991,2
