4,9
32,6
52,7
84,7
247,9
264,9
326,0
358,1
460,9
497,7
601,9
604,1
649,6
809,1
822,9
838,1
1014,7
1022,7
1033,2
1112,9
1127,7
1131,1
1242,1
1269,6
1293,1
1312,3
1433,5
1611,3
1635,5
1708,6
1723,0
1789,7
1795,5
1801,6
1811,9
1823,2
1970,5
2007,7
2008,1
2169,4
2184,2
2198,1
2391,7
2413,8
2421,8
2591,7
2676,7
2689,4
2804,9
2833,8
2902,4
2963,4
2965,5
3032,8
3160,0
3187,6
3249,7
3262,0
3342,2
3396,0
3419,5
3746,9
3759,8
3801,5
3803,3
3805,7
3933,7
4122,9
4150,6
4308,8
4309,5
4334,7
4381,8
4402,6
4475,5
4699,6
4892,0
4924,1
5002,4
5039,6
5134,4
5246,0
5273,6
5311,6
5312,7
5356,4
5365,6
5385,6
5436,2
5492,9
5498,0
5527,1
5530,1
5695,8
5722,2
5743,8
5859,1
5919,3
6217,5
6244,1
6275,8
6375,7
6391,2
6401,5
6458,1
6531,1
6536,4
6576,3
6811,2
6891,8
6923,0
7025,0
7220,6
7226,7
7268,6
7438,7
7592,5
7608,7
7613,3
7697,7
7903,4
7929,2
7946,9
7968,6
8050,0
8053,1
8129,0
8393,9
8483,7
8518,9
8547,9
8654,9
8762,3
8852,2
8859,8
8934,1
9004,3
9157,7
9165,8
9217,6
9269,0
9305,6
9311,9
9318,2
9319,3
9394,9
9563,1
9586,4
9591,8
9695,0
9765,6
9842,1
9871,3
9969,9
10030,5
10176,0
10241,4
10242,0
10255,5
10304,6
10380,0
10387,9
10388,7
10410,9
10436,2
10446,8
10669,1
10688,2
10799,9
10805,2
10876,3
10964,4
10978,2
11052,0
11221,3
11248,1
11359,5
11398,8
11401,6
11422,0
11478,8
11484,5
11507,5
11512,4
11644,5
11676,1
11718,2
11724,8
11764,4
11971,2
12026,8
12094,3
12137,5
12228,3
12434,1
12706,1
12709,3
12733,5
12764,0
12814,3
12902,6
12937,5
12980,6
13107,1
13134,3
13186,8
13321,5
13328,5
13354,8
13372,1
13457,5
13486,2
13488,3
13602,5
13648,1
13763,9
13765,4
13814,7
13828,6
13891,9
14049,5
14077,9
14085,5
14086,4
14159,6
14183,5
14221,1
14273,2
14283,3
14363,2
14497,9
14574,0
14660,6
14661,6
14722,0
14727,7
14776,2
14784,6
14857,0
15078,4
15170,9
15236,8
15237,0
15289,8
15324,6
15352,4
15408,8
15409,3
15488,5
15562,9
15654,9
15668,4
15784,4
15916,4
15966,2
15968,3
16100,7
16189,7
16209,2
16379,7
16381,1
16440,8
16563,0
16580,9
16713,1
16793,3
16811,3
16835,1
16848,7
16886,4
16915,7
16963,6
17009,0
17014,6
17033,7
17045,4
17075,6
17117,7
17147,9
17283,9
17539,0
17553,3
17715,3
17734,3
17741,0
17777,3
17804,8
17854,1
18028,0
18055,0
18139,2
18149,6
18157,5
18406,8
18461,0
18468,1
18491,8
18501,4
18592,4
18598,9
18643,2
18858,0
18879,5
18943,2
18995,2
19077,5
19125,6
19219,5
19245,2
19322,9
19407,0
19412,9
19513,9
19545,2
19550,0
19604,0
19617,6
19626,1
19647,6
19694,2
19702,5
19727,4
19735,1
19779,2
19804,1
19824,9
19875,4
19881,6
19902,0
19918,1
19935,0
19948,8
20061,7
20102,8
20106,8
20117,0
20197,4
20201,3
20206,7
20231,1
20245,6
20443,1
20469,6
20535,8
20566,7
20587,3
20655,2
20826,9
21053,2
21093,5
21124,5
21353,0
21381,3
21405,7
21487,3
21499,4
21568,1
21595,9
21711,8
21728,6
21751,1
21764,6
21778,8
21786,9
21808,6
21850,5
21874,0
21887,4
21894,7
21975,0
21999,4
22104,2
22141,8
22144,0
22225,0
22258,6
22322,3
22457,2
22495,4
22553,4
22569,3
22585,8
22613,7
22657,0
22707,0
22829,0
22842,9
22846,5
22863,3
22906,3
23033,4
23034,1
23110,6
23435,4
23436,8
23463,9
23504,0
23514,5
23548,9
23576,1
23694,6
23700,3
23705,2
23923,5
23963,6
23979,4
24026,8
24049,7
24063,3
24090,1
24142,3
24156,9
24234,8
24300,9
24302,4
24329,1
24335,5
24393,0
24419,0
24568,7
24571,7
24631,1
24632,2
24675,7
24902,9
24965,3
25062,7
25108,6
25173,4
25382,4
25402,5
25523,3
25598,5
25656,4
25674,8
25818,0
25911,3
25958,5
25969,9
26042,9
26176,0
26185,9
26191,0
26284,3
26310,1
26478,3
26492,1
26496,8
26522,2
26673,4
26733,2
26759,6
26782,2
26785,6
26877,9
27115,3
27137,0
27144,7
27161,6
27182,1
27297,1
27338,6
27403,5
27447,8
27513,8
27523,6
27618,2
27646,8
27736,2
27762,8
27769,6
27818,5
27879,1
27884,9
28015,1
28032,3
28061,7
28108,0
28159,4
28241,8
28286,0
28314,7
28478,5
28485,3
28492,4
28557,1
28560,2
28577,2
28612,0
28699,8
28818,0
28888,0
28972,7
28984,9
29117,7
29185,3
29357,3
29447,1
29596,8
29734,2
29777,8
29807,1
29885,4
29916,5
29996,9
30174,4
30186,4
30210,1
30222,0
30283,4
30382,0
30394,9
30417,3
30712,9
30818,6
30821,7
30864,5
30894,1
30904,6
30923,0
30951,2
30952,7
31138,0
31158,5
31235,4
31251,4
31277,0
31279,1
31336,9
31415,5
31422,2
31437,6
31487,1
31578,1
31830,0
31860,4
31872,4
31873,2
31884,2
31974,6
31997,7
32020,4
32156,5
32191,4
32209,3
32352,8
32493,0
32584,7
32620,7
32726,2
32747,8
32806,8
32820,7
32906,7
33057,7
33090,2
33176,1
33232,9
33260,5
33267,5
33281,2
33309,8
33484,6
33578,0
33601,6
33756,9
33852,4
33867,7
34003,6
34218,2
34382,8
34387,3
34391,5
34458,9
34513,1
34565,8
34642,3
34649,8
34659,3
34704,7
34737,0
34789,2
34901,8
34920,9
34936,2
34945,1
35086,3
35173,3
35177,7
35337,7
35341,9
35359,1
35415,3
35554,1
35658,3
35669,1
35711,7
35838,5
35866,4
35929,3
35973,0
36097,4
36104,9
36118,5
36293,6
36307,7
36318,0
36591,1
36605,8
36694,2
36732,3
36839,5
36908,1
36939,5
36966,6
36986,8
37008,1
37022,3
37025,9
37182,1
37183,0
37194,6
37390,6
37407,5
37468,3
37514,2
37538,9
37542,6
37576,6
37605,8
37608,8
37803,6
37889,3
37972,1
38133,7
38166,3
38272,1
38319,2
38324,8
38354,2
38646,9
38681,6
38695,6
38730,6
38861,6
38887,9
38898,4
38924,2
38959,5
38973,4
38985,1
38999,9
39079,2
39224,0
39228,2
39250,6
39286,9
39302,4
39436,5
39520,3
39616,7
39617,3
39621,9
39627,2
39640,9
39663,2
39665,6
39791,4
39831,5
39861,0
39865,8
39909,3
39938,8
40001,7
40157,6
40168,4
40170,7
40189,5
40234,4
40238,4
40270,9
40303,0
40362,1
40379,4
40387,7
40448,9
40460,4
40501,6
40571,8
40627,7
40769,1
40789,3
40938,9
40979,6
40998,8
41230,5
41231,8
41302,9
41311,9
41361,6
41484,2
41550,8
41641,1
41673,5
41704,3
41705,8
41724,4
41767,3
41794,2
41814,6
41901,8
41916,2
41947,8
41978,3
42051,8
42109,9
42150,3
42163,7
42204,7
42275,0
42303,3
42310,2
42406,1
42504,8
42539,2
42566,9
42648,7
42743,9
42839,2
42844,7
42854,4
42979,8
43079,2
43124,2
43136,5
43451,5
43590,2
43636,4
43709,4
43715,1
43927,1
43991,3
44127,0
44179,6
44192,3
44246,7
44259,8
44343,8
44387,7
44428,6
44447,4
44473,1
44548,1
44610,7
44660,0
44702,8
44933,0
44952,6
45009,4
45039,9
45045,7
45234,4
45497,5
45678,8
45727,3
45744,7
45768,1
45790,1
45846,6
45876,4
45911,3
45919,5
45940,3
46022,4
46046,1
46063,8
46069,0
46182,3
46271,9
46300,5
46317,2
46502,8
46509,5
46531,5
46674,3
46787,5
46830,2
46859,6
46946,9
46961,9
46968,5
47009,9
47016,5
47121,4
47164,2
47202,0
47316,0
47347,4
47655,3
47735,1
47868,1
47940,5
47999,2
48021,8
48232,1
48245,9
48316,4
48334,2
48367,5
48422,7
48447,4
48508,4
48553,4
48683,3
48691,7
48708,9
48778,6
48795,9
48799,2
48804,9
49009,2
49057,3
49066,6
49137,3
49160,2
49165,8
49225,8
49282,2
49384,1
49428,5
49647,4
49654,3
49655,5
49886,6
49946,3
50038,7
50185,0
50196,2
50227,7
50343,6
50369,3
50392,7
50601,5
50634,8
50765,8
50808,0
50945,8
51084,7
51199,4
51318,9
51403,4
51454,4
51855,5
51867,1
51933,8
51960,0
52043,5
52105,0
52122,5
52155,4
52201,8
52256,7
52262,1
52296,8
52353,5
52472,6
52479,3
52584,6
52658,4
52672,9
52711,8
52744,7
52938,2
52955,0
53064,8
53116,0
53152,5
53199,1
53200,5
53205,4
53212,0
53252,3
53332,3
53360,0
53368,7
53377,2
53386,9
53413,5
53463,6
53495,4
53590,5
53603,6
53697,6
53771,7
53814,0
53948,9
53993,6
54021,9
54049,6
54090,2
54130,4
54131,5
54168,2
54220,2
54294,4
54305,2
54307,9
54352,8
54550,8
54560,3
54634,4
54672,4
54696,7
54699,6
54755,0
54877,2
54920,8
54924,2
54961,9
55009,9
55028,3
55065,0
55162,6
55351,4
55378,3
55460,5
55673,4
55718,5
55725,6
55753,4
55814,9
55915,7
56037,7
56090,9
56174,0
56236,0
56325,2
56394,2
56489,0
56527,9
56631,2
56711,5
56836,1
56911,8
56935,5
56959,8
56999,5
57192,1
57207,3
57224,4
57230,7
57351,3
57364,0
57553,5
57596,8
57612,3
57647,1
57769,0
57773,8
57940,4
57996,7
58007,6
58047,4
58105,4
58106,7
58113,3
58117,5
58121,0
58247,0
58343,3
58371,8
58437,9
58533,2
58582,3
58653,5
58655,5
58700,3
58755,6
58762,8
58865,1
58885,7
58902,4
58936,2
58941,7
58981,7
59115,7
59116,1
59200,1
59355,2
59360,7
59372,0
59460,1
59530,1
59552,7
59575,2
59641,2
59691,3
59831,2
59867,5
59940,0
