2,4
4,9
166,4
311,6
553,1
745,0
903,0
1205,7
1323,6
1687,7
1696,1
1732,9
1853,8
1911,4
1912,9
1957,6
1963,0
1987,2
2012,1
2032,4
2055,7
2111,5
2191,0
2262,6
2398,9
2432,1
2646,5
2650,7
2660,3
2671,3
2841,8
3164,9
3188,5
3329,2
3396,0
3563,5
3743,0
3809,0
4038,4
4046,7
4174,4
4331,7
4424,5
4586,6
5003,6
5403,5
5448,7
5845,2
6110,1
6121,9
6137,0
6256,4
6373,6
6407,5
6606,8
6669,4
6770,7
6776,5
6863,3
6882,7
6948,2
7277,7
7291,6
7316,8
7338,0
7442,4
7662,6
7664,0
7693,1
7722,4
7762,3
7793,8
7871,8
7925,0
7955,4
8001,6
8016,0
8172,0
8196,7
8288,0
8408,9
8453,2
8719,8
8770,6
8817,6
8832,4
9004,3
9042,6
9057,8
9168,3
9217,6
9445,7
9498,7
9575,2
9815,1
9885,7
9943,6
9958,5
10301,1
10313,4
10316,5
10466,3
10492,5
10514,2
10541,1
10679,4
10843,6
10905,8
10975,0
10986,7
11045,0
11103,9
11130,7
11201,3
11292,1
11381,4
11454,3
11789,7
11821,7
11902,0
11949,3
11980,5
12075,4
12094,3
12248,9
12298,8
12343,4
12383,1
12601,7
12772,7
13258,8
13402,8
13502,5
13600,7
13660,3
13768,9
13825,1
14161,0
14254,9
14279,8
14283,3
14296,4
14369,2
14386,7
14772,8
14842,9
14862,5
15108,0
15136,5
15227,3
15464,5
15564,0
15739,8
15820,8
15944,9
15996,5
16103,9
16230,8
16246,8
16259,1
16273,6
16296,3
16315,5
16322,8
16473,2
16499,5
16518,0
16553,5
16561,9
16580,9
16689,3
17004,6
17013,8
17129,1
17357,4
17455,9
17457,1
17552,4
17669,1
17759,1
17833,7
17913,4
17943,1
17978,9
18106,9
18272,8
18758,1
18854,4
18950,7
18956,6
19016,3
19039,7
19188,1
19289,1
19550,0
19815,2
19979,0
20355,3
20397,3
20688,0
20823,8
20947,0
20983,0
21270,4
21497,0
21568,1
21672,7
21678,5
21852,2
22121,6
22158,1
22240,6
22358,2
22455,1
22530,7
22886,0
22889,6
22971,7
23075,6
23150,4
23151,4
23246,7
23328,8
23455,5
23590,7
23668,5
23848,8
24078,0
24330,5
24398,9
24465,1
24485,2
24626,1
24813,7
24929,4
25014,4
25017,2
25114,4
25185,2
25394,1
25398,3
25628,1
25718,2
25829,3
25846,4
25938,4
26140,3
26141,7
26187,3
26213,2
26282,9
26306,3
26425,6
26427,0
26434,2
26447,2
26529,7
26550,3
26675,5
26711,3
26812,1
27048,8
27195,8
27311,2
27337,5
27384,2
27446,0
27470,2
27480,3
27698,9
27909,9
27995,8
28034,4
28202,0
28410,5
28457,0
28488,1
28689,9
28738,1
29119,0
29219,2
29294,3
29311,0
29361,5
29419,9
29441,6
29452,7
29696,5
29774,6
29784,2
29871,5
29943,7
29947,9
30062,3
30104,1
30281,1
30419,9
30588,4
30666,4
30714,5
30769,2
30890,4
31008,5
31044,3
31070,2
31221,2
31294,6
31311,3
31668,4
31709,2
32152,9
32239,9
32290,5
32461,0
32465,1
32529,7
32593,9
32703,3
32707,5
32833,6
32903,6
32973,2
32998,2
33018,8
33056,6
33165,4
33425,1
33587,3
33598,5
34022,4
34069,7
34143,3
34215,1
34282,1
34450,2
34546,6
34647,7
34776,6
34866,3
34965,5
35123,8
35408,0
35411,6
35795,6
35819,1
35866,4
35968,6
36064,2
36486,9
36591,1
36612,7
36651,8
36704,2
36840,7
36925,7
36927,8
36942,2
36955,1
36984,5
37052,0
37105,3
37173,6
37195,6
37260,3
37398,8
37588,2
37893,4
37907,4
37919,9
38003,9
38036,2
38113,5
38237,8
38265,9
38467,9
38586,7
38592,5
38597,9
38778,8
38796,6
38907,5
38916,7
38965,1
38984,4
39004,6
39083,4
39341,4
39480,9
39619,3
39621,9
39861,0
39873,8
39977,1
40078,3
40110,8
40132,1
40184,3
40246,0
40408,8
40720,3
40894,6
40905,5
40983,1
41057,8
41073,1
41107,3
41185,5
41191,0
41779,7
41855,9
42004,7
42117,3
42181,4
42188,2
42215,3
42259,8
42260,1
42297,8
42437,9
42640,9
42703,0
42777,3
42978,6
43056,5
43080,3
43156,4
43295,4
43320,6
43413,6
43422,0
43474,3
43721,4
43832,4
43891,9
43985,5
44162,3
44248,2
44355,6
44377,2
44396,9
44490,2
44505,7
44527,8
44601,7
44630,3
44902,2
45022,2
45081,7
45236,9
45314,7
45359,0
45430,2
45466,7
45562,5
45616,5
45645,7
45713,6
45742,6
45814,3
45877,8
45886,5
46184,3
46292,0
47120,9
47227,9
47324,0
47355,9
47414,5
47536,7
47807,6
47813,9
47873,5
47890,2
47977,1
47992,3
48158,2
48175,1
48187,0
48211,2
48361,1
48513,1
48516,2
48520,4
48533,5
48581,4
48598,2
48817,3
48834,0
49149,3
49287,3
49301,7
49550,6
49759,5
49956,9
49977,6
49983,9
50327,8
50447,1
50534,0
50564,4
50684,0
50767,9
50995,3
51016,2
51040,5
51052,0
51131,2
51146,4
51163,8
51186,0
51259,0
51343,3
51375,0
51486,3
51504,8
51510,8
51654,9
51853,4
52033,8
52046,1
52068,2
52110,7
52220,1
52412,6
52472,6
52500,9
52634,2
52669,7
52690,3
52760,7
52800,9
52809,0
52872,1
52959,2
53179,6
53187,1
53306,5
53320,6
53464,8
53592,9
53613,4
53738,4
53748,2
53952,8
54137,8
54150,6
54180,8
54528,5
54659,5
55157,2
55178,4
55273,6
55328,4
55357,8
55477,9
55507,2
55523,1
55551,6
55596,1
55800,5
55897,6
56180,8
56220,7
56737,1
56890,5
56937,6
56978,8
56988,6
57023,6
57068,0
57296,0
57324,8
57549,7
57592,2
57678,8
57721,4
57848,5
58004,9
58057,4
58059,9
58135,2
58156,8
58337,7
58360,0
58457,0
58595,8
58716,8
58717,9
58771,2
58775,2
59213,7
59236,9
59291,5
59387,1
59545,1
59585,0
59678,3
59821,4
59822,5
59989,8
