43,9
46,8
238,6
255,3
283,0
318,2
321,3
341,3
362,9
440,0
749,4
825,0
865,8
914,4
993,1
1054,7
1105,8
1180,4
1242,1
1291,9
1390,2
1443,0
1537,4
1584,2
1610,9
1615,5
1621,8
1721,5
1768,6
1790,8
1866,6
1882,9
1916,0
1943,8
1958,7
2010,2
2105,2
2156,6
2286,3
2461,5
2462,1
2479,6
2516,6
2532,0
2665,4
2685,8
2710,6
2783,2
2785,6
2883,3
2990,4
3114,8
3198,0
3265,9
3286,0
3355,9
3450,4
3467,5
3521,3
3522,7
3526,8
3536,2
3597,6
3610,0
3637,5
3649,9
3695,5
3806,0
3819,5
3894,7
3989,2
4082,0
4162,1
4289,0
4379,4
4391,8
4400,3
4531,6
4538,4
4622,5
4691,8
4784,7
4810,1
4813,1
4817,6
4865,1
4965,7
5188,5
5254,5
5270,3
5278,4
5452,5
5470,0
5506,5
5514,0
5668,5
5701,9
5868,9
5909,2
6058,4
6080,2
6123,3
6206,1
6219,6
6240,8
6255,5
6325,0
6412,5
6487,7
6503,8
6556,4
6586,1
6593,0
6601,3
6605,2
6902,7
6930,6
6963,6
7101,8
7253,1
7293,3
7313,2
7381,9
7390,5
7420,7
7422,3
7471,0
7499,0
7513,7
7680,9
7785,6
7822,9
7898,1
7960,2
8016,0
8186,7
8239,4
8288,0
8350,3
8526,6
8605,3
8748,5
8768,4
8844,2
8858,2
8912,0
8927,5
9075,6
9187,6
9261,5
9283,7
9328,5
9364,8
9376,5
9385,4
9447,9
9504,9
9572,2
9592,3
9594,8
9652,5
9719,6
9824,5
9850,2
9857,0
9899,5
9925,8
9970,8
10135,6
10178,7
10399,1
10489,4
10526,2
10533,7
10547,7
10591,6
10675,1
10726,8
10857,9
10869,4
10920,2
10969,7
11010,3
11263,6
11466,6
11481,3
11505,5
11513,3
11525,7
11611,8
11736,7
11763,7
11901,1
11963,5
12019,4
12227,4
12290,6
12366,2
12370,2
12404,2
12515,9
12562,9
12621,2
12657,1
12697,5
12799,0
12826,3
12847,1
13032,9
13048,7
13163,4
13268,0
13327,8
13383,3
13517,5
13571,7
13608,8
13654,2
13764,0
13804,2
13824,3
13924,8
14088,7
14166,3
14170,8
14186,6
14231,7
14332,9
14452,8
14483,5
14532,7
14566,3
14630,5
14668,0
14700,4
14733,8
14769,4
14847,2
14875,9
14893,8
14908,8
14925,9
14971,0
15099,1
15220,6
15228,2
15315,5
15378,5
15447,6
15454,0
15546,8
15573,2
15650,2
15674,6
15687,6
15702,5
15730,1
15834,5
16070,6
16177,3
16350,9
16528,7
16682,5
16823,7
16930,1
16936,6
16952,2
17161,6
17214,0
17267,7
17284,6
17285,0
17290,8
17317,9
17351,1
17527,8
17718,7
17730,4
17807,7
17849,7
17862,4
17877,0
18016,1
18146,9
18160,7
18165,1
18166,9
18200,4
18243,3
18412,0
18448,9
18468,1
18542,3
18663,1
18741,1
18786,9
18793,7
18813,9
18819,7
18826,3
18851,2
18878,0
18916,9
18925,5
18934,5
19028,2
19051,1
19149,2
19189,0
19227,1
19235,7
19271,2
19459,0
19511,7
19522,4
19567,9
19575,3
19654,2
19657,4
19762,6
19981,8
19989,7
19993,6
20016,3
20149,4
20163,1
20168,6
20231,1
20253,6
20292,0
20302,1
20313,2
20569,5
20656,6
20676,9
20754,5
20763,9
20764,6
20861,9
20868,3
20951,1
21025,6
21033,2
21143,1
21192,9
21202,1
21209,3
21246,4
21270,4
21291,6
21360,5
21386,7
21483,7
21570,3
21634,1
21652,2
21819,5
21833,5
21879,9
21938,3
21967,6
22075,6
22143,0
22195,9
22272,5
22287,7
22390,9
22407,2
22425,6
22729,5
22784,8
22866,5
22929,0
23017,4
23044,0
23060,0
23296,8
23306,4
23388,7
23412,3
23426,8
23456,8
23462,1
23468,2
23499,0
23530,1
23561,2
23721,2
23777,2
23801,4
23823,0
23831,8
23868,9
23970,1
24017,3
24026,8
24065,8
24119,3
24120,4
24190,8
24199,9
24306,1
24372,7
24389,0
24418,2
24468,9
24651,3
24706,0
24729,1
24911,9
24953,8
24983,9
24993,0
25021,7
25052,1
25065,0
25067,1
25072,8
25185,2
25259,5
25287,1
25317,6
25355,7
25364,1
25395,0
25540,1
25613,4
25705,7
25780,2
25951,8
25995,4
26073,0
26145,8
26154,3
26216,7
26252,6
26344,6
26362,8
26397,8
26443,8
26595,2
26604,1
26693,4
26785,6
26798,4
26862,5
26875,2
26899,2
26938,6
26973,9
27096,8
27133,3
27214,3
27226,9
27260,9
27324,8
27339,6
27341,7
27346,4
27386,8
27443,3
27462,0
27548,2
27621,7
27867,7
27876,9
27878,2
27958,8
27967,1
28049,4
28058,9
28230,0
28235,1
28275,2
28410,5
28472,3
28493,4
28498,8
28606,5
28694,8
28703,4
28706,4
28784,0
28814,0
28960,9
29248,5
29259,8
29287,2
29349,9
29458,3
29606,4
29614,0
29633,7
29697,1
29854,4
29980,9
30069,9
30074,6
30113,4
30285,5
30302,7
30360,9
30553,5
30594,2
30673,3
30718,7
30843,8
30857,6
30881,2
30928,5
30967,8
30969,1
31006,4
31078,5
31218,9
31286,1
31359,4
31386,1
31404,3
31428,3
31550,7
31682,5
31719,3
31847,8
31914,7
31921,5
31934,9
31977,4
32008,2
32020,4
32043,6
32050,6
32195,7
32230,6
32252,7
32296,1
32371,3
32745,9
32780,2
32838,4
32884,8
32901,2
32973,2
32994,6
33027,2
33054,3
33153,7
33218,4
33233,2
33257,0
33294,5
33313,9
33418,1
33425,1
33458,1
33514,8
33539,8
33588,6
33638,4
33713,5
33807,2
33831,0
33855,9
33896,3
33901,6
34004,1
34037,0
34045,0
34062,2
34086,0
34093,4
34094,7
34148,5
34240,4
34346,4
34501,7
34691,8
34708,0
34751,7
34755,5
34794,8
34897,6
34954,9
34980,1
35043,3
35063,0
35114,5
35148,0
35235,2
35290,2
35337,7
35446,7
35452,6
35469,7
35507,1
35524,9
35631,3
35713,8
35796,3
35915,5
35934,0
36046,3
36100,2
36151,4
36300,8
36343,6
36362,0
36410,1
36544,5
36561,6
36618,1
36639,5
36643,7
36671,3
36708,8
36709,3
36932,4
37089,5
37133,7
37152,8
37179,1
37182,1
37303,0
37471,7
37571,0
37603,4
37611,9
37688,9
37734,2
37767,4
37780,0
37830,5
37831,6
37836,5
37857,8
37870,8
37879,9
37935,9
37943,3
37959,3
38028,6
38052,4
38068,2
38193,3
38317,1
38323,4
38336,4
38340,1
38376,6
38409,2
38414,5
38434,8
38466,1
38494,0
38589,8
38635,2
38658,5
38701,9
38753,2
38770,2
38780,6
38782,6
38805,8
38985,1
38992,9
39177,6
39235,3
39287,4
39363,0
39500,7
39567,6
39733,9
39745,5
39994,8
39997,9
40024,1
40039,0
40382,3
40566,2
40594,6
40653,2
40937,7
40938,9
40948,2
41182,2
41317,3
41332,1
41390,5
41413,6
41415,6
41596,1
41678,4
41705,8
41729,0
41739,1
41793,6
41818,4
41836,1
41849,6
41874,6
41904,5
41952,8
42012,2
42086,9
42144,9
42265,7
42275,0
42285,9
42423,3
42432,3
42470,8
42477,3
42582,7
42623,0
42658,0
42715,9
42768,1
42813,8
42819,1
42842,2
42915,0
42933,4
42965,0
43054,6
43171,3
43180,3
43277,7
43298,3
43338,2
43405,9
43466,3
43572,6
43609,8
43658,3
43672,3
43684,1
43791,1
43796,7
43839,6
43841,7
43842,2
43874,2
44148,5
44178,7
44374,2
44471,0
44473,1
44539,7
44605,6
44661,1
44669,7
44803,7
44846,0
44918,8
44919,1
44998,4
45079,3
45095,4
45171,3
45182,1
45253,1
45256,5
45270,8
45344,5
45407,3
45448,6
45512,5
45524,7
45540,0
45888,9
45908,0
45979,3
46003,6
46005,3
46080,8
46177,6
46200,8
46210,1
46279,3
46296,3
46305,4
46521,6
46590,6
46624,4
46704,6
46891,5
46956,2
47091,9
47097,1
47244,9
47270,2
47279,1
47419,0
47422,0
47454,6
47462,8
47478,8
47482,0
47522,2
47528,5
47571,4
47574,6
47618,3
47717,7
47757,5
47836,9
47879,7
47918,9
48013,4
48090,6
48095,7
48170,7
48212,2
48272,9
48344,9
48360,3
48393,4
48449,5
48472,8
48571,8
48655,8
48685,4
48737,8
48853,4
48918,6
48956,1
48964,9
48989,1
49154,1
49191,2
49193,3
49261,9
49327,7
49454,2
49541,9
49549,9
49624,6
49697,1
49736,7
49903,0
49923,7
50009,4
50097,8
50109,4
50114,8
50202,5
50284,4
50370,7
50483,7
50653,4
50726,3
50739,5
50769,0
50901,2
50930,0
50968,0
50989,3
50996,8
51036,9
51297,9
51360,4
51390,1
51426,1
51430,9
51513,8
51584,9
51606,1
51694,4
51702,2
51706,3
51893,4
51904,8
52012,8
52031,1
52040,5
52057,5
52062,6
52086,5
52103,4
52105,0
52164,3
52254,1
52281,3
52410,2
52485,8
52490,7
52512,2
52534,6
52540,5
52621,0
52683,5
52764,8
52826,5
52867,1
52885,0
52931,3
53149,4
53182,3
53376,3
53408,5
53458,4
53491,2
53564,4
53570,3
53655,4
53687,1
53752,9
53772,2
54053,5
54159,5
54211,6
54218,7
54260,5
54304,3
54322,3
54356,0
54401,5
54415,4
54502,0
54635,3
54818,7
54960,4
55137,2
55187,4
55282,4
55393,3
55396,5
55423,4
55448,7
55598,4
55649,3
55671,1
55832,1
55876,3
55938,9
55967,0
55986,0
56113,5
56152,9
56175,2
56180,8
56445,4
56501,6
56543,7
56554,5
56657,3
56683,1
56684,9
56691,2
56816,7
56885,6
56976,8
56989,0
57117,0
57177,7
57188,7
57314,6
57315,8
57328,4
57344,7
57377,2
57395,0
57508,6
57766,3
57767,8
57787,5
57867,7
57965,4
58016,6
58042,7
58103,2
58243,9
58324,3
58423,6
58468,2
58521,0
58529,9
58606,7
58647,0
58669,6
58712,4
58894,5
58920,9
59022,5
59106,4
59214,9
59363,0
59388,7
59511,8
59534,4
59644,9
59668,9
59676,5
59697,1
59783,1
59792,7
59795,0
59829,9
59832,1
59957,3
