1,0
63,0
78,1
79,7
88,0
119,0
205,1
231,1
249,0
276,1
277,2
310,1
316,5
343,8
398,1
435,0
474,5
496,5
505,7
526,0
588,2
594,8
610,5
616,4
633,0
662,0
664,2
673,2
675,3
769,8
803,7
821,1
835,1
836,5
838,1
850,4
891,1
918,7
954,7
963,8
964,5
984,0
999,6
1039,5
1081,1
1097,3
1101,8
1119,3
1135,5
1205,7
1223,8
1264,2
1280,4
1282,9
1323,6
1324,5
1331,1
1334,2
1411,4
1444,2
1462,9
1483,1
1495,0
1512,0
1528,1
1567,6
1579,1
1637,6
1658,1
1665,1
1666,8
1677,3
1691,5
1694,6
1701,0
1724,2
1769,0
1775,0
1787,1
1802,6
1822,1
1823,2
1825,7
1864,5
1888,2
1897,0
1947,2
1964,8
1965,5
1971,3
1975,7
1989,1
1991,5
2012,1
2014,7
2018,7
2020,6
2022,2
2028,5
2051,0
2080,5
2082,0
2094,1
2110,1
2149,3
2152,6
2183,3
2191,0
2193,5
2206,4
2211,5
2232,3
2267,9
2270,2
2280,2
2327,0
2332,2
2334,4
2361,4
2374,1
2378,8
2380,7
2418,2
2419,1
2425,8
2437,1
2457,2
2487,6
2532,0
2547,1
2554,5
2581,0
2582,0
2670,2
2680,6
2688,1
2723,6
2755,5
2772,4
2866,2
2882,0
2946,5
2948,5
2955,0
2970,1
2975,0
2977,1
2985,7
2990,4
2991,8
2994,1
2998,1
2999,5
3001,0
3011,8
3014,8
3019,1
3021,0
3071,4
3106,0
3108,3
3279,8
3295,1
3328,0
3334,4
3361,5
3367,0
3393,1
3401,5
3411,1
3419,5
3427,1
3500,5
3576,3
3605,1
3644,1
3660,2
3684,3
3693,0
3694,4
3724,4
3748,2
3754,3
3759,8
3764,6
3777,0
3790,7
3792,8
3793,3
3801,5
3815,3
3853,2
3878,1
3888,0
3907,5
3972,5
3980,2
3996,1
4002,0
4076,5
4137,1
4145,0
4162,1
4171,5
4187,2
4195,4
4205,4
4240,4
4299,5
4312,5
4323,9
4344,0
4367,6
4431,6
4441,1
4513,4
4533,6
4534,1
4557,1
4584,3
4622,5
4626,4
4705,8
4738,0
4789,4
4796,4
4801,5
4803,8
4847,5
4855,0
4865,1
4883,3
4927,8
4948,5
4954,4
4971,1
5011,3
5032,4
5133,0
5151,2
5189,1
5199,8
5202,0
5248,8
5268,0
5280,7
5283,7
5309,5
5322,4
5331,4
5340,0
5382,5
5420,2
5423,5
5425,1
5439,1
5440,5
5453,5
5489,5
5526,5
5533,4
5545,2
5599,5
5646,0
5692,0
5734,4
5745,9
5806,9
5822,4
5823,2
5826,6
5828,5
5841,2
5847,5
5859,1
5884,0
5887,5
5888,0
5921,0
5935,6
5946,7
5962,6
5976,7
6008,0
6045,0
6097,0
6114,2
6116,1
6126,2
6133,0
6142,1
6144,2
6151,5
6179,0
6195,5
6199,8
6211,2
6229,1
6250,7
6290,5
6296,0
6325,0
6330,0
6363,5
6364,8
6371,1
6401,5
6422,0
6442,2
6471,5
6477,8
6569,5
6617,1
6664,5
6699,9
6704,0
6736,1
6764,2
6766,3
6776,5
6785,1
6786,5
6802,0
6814,8
6830,5
6847,0
6860,2
6911,7
6913,1
6953,7
6973,0
6987,0
6995,4
7008,6
7024,5
7032,5
7074,1
7075,1
7078,1
7130,0
7133,5
7183,0
7195,6
7260,5
7276,5
7295,3
7307,8
7319,4
7325,0
7371,0
7382,5
7427,0
7462,0
7464,4
7465,0
7471,0
7482,5
7546,5
7573,4
7639,5
7654,2
7658,1
7716,1
7738,5
7743,2
7748,1
7753,0
7763,8
7776,2
7807,0
7840,5
7862,3
7882,0
7895,2
7907,5
7925,0
7930,0
7931,7
7936,9
7950,7
7970,6
7985,0
7999,4
8001,6
8003,0
8043,2
8045,8
8061,4
8093,0
8096,0
8121,6
8126,5
8130,7
8131,1
8166,1
8203,1
8237,7
8245,5
8261,4
8288,0
8307,5
8334,2
8382,1
8402,1
8418,1
8421,5
8434,5
8460,2
8465,8
8480,2
8532,6
8545,0
8584,8
8588,1
8591,2
8602,1
8624,5
8703,0
8704,1
8711,4
8725,1
8793,2
8838,0
8895,1
8898,6
8911,6
8935,0
8938,5
8961,0
9001,7
9018,0
9027,0
9035,0
9059,3
9085,1
9111,5
9159,5
9163,5
9171,5
9177,6
9196,0
9236,5
9242,2
9249,2
9276,7
9296,0
9301,2
9312,1
9332,1
9340,5
9398,2
9399,1
9406,0
9414,5
9415,1
9416,7
9421,6
9435,0
9449,2
9475,6
9478,0
9480,1
9487,1
9570,1
9572,2
9578,5
9589,5
9605,5
9608,8
9647,5
9651,8
9661,8
9705,1
9707,0
9708,9
9735,1
9755,1
9778,3
9800,5
9801,5
9804,1
9805,8
9849,5
9874,0
9921,6
9954,7
10010,0
10024,2
10041,8
10065,5
10078,2
10113,2
10127,2
10159,4
10179,7
10187,8
10203,0
10213,6
10215,7
10218,6
10245,0
10257,1
10261,0
10265,0
10318,1
10323,0
10348,0
10367,2
10373,5
10376,1
10385,5
10386,5
10389,3
10399,1
10401,5
10409,1
10423,3
10448,1
10470,3
10472,2
10517,7
10538,5
10539,9
10556,1
10563,0
10582,2
10656,5
10742,5
10751,5
10762,3
10777,5
10783,1
10822,5
10863,1
10884,5
10892,1
10920,2
10924,0
10930,6
10962,2
10973,8
11004,1
11013,2
11029,0
11051,1
11057,1
11094,5
11147,2
11168,7
11189,6
11195,6
11217,0
11251,2
11264,4
11270,5
11275,1
11301,3
11315,0
11334,7
11338,5
11354,0
11361,0
11418,1
11423,9
11470,5
11482,8
11507,5
11510,7
11529,8
11624,4
11634,1
11643,5
11650,7
11792,0
11802,5
11846,0
11854,7
11904,8
11914,0
11922,5
11933,0
11963,5
11971,2
11973,0
11983,5
12015,2
12046,5
12079,2
12095,0
12145,1
12223,2
12254,2
12256,4
12257,9
12344,3
12357,0
12382,1
12404,2
12414,0
12449,5
12465,4
12505,4
12509,6
12511,7
12512,1
12540,5
12555,0
12572,5
12577,4
12582,2
12585,2
12611,5
12617,3
12631,5
12653,0
12670,0
12672,2
12675,4
12691,0
12697,5
12716,0
12720,3
12737,7
12765,0
12805,1
12864,2
12871,2
12876,6
12882,3
12947,0
12992,0
13006,1
13020,6
13054,0
13066,0
13078,5
13110,3
13120,5
13121,2
13142,3
13161,3
13198,2
13251,4
13256,5
13268,0
13327,8
13328,5
13334,1
13339,4
13371,0
13411,0
13483,0
13484,2
13489,8
13499,9
13518,8
13538,5
13590,1
13603,5
13649,1
13663,5
13684,7
13720,9
13734,0
13742,9
13748,1
13770,6
13773,3
13795,8
13804,2
13833,0
13863,5
13896,0
13975,7
13991,5
14016,1
14029,5
14031,6
14040,2
14081,2
14087,3
14152,7
14195,5
14214,5
14234,1
14265,6
14318,5
14322,8
14357,2
14381,2
14384,0
14404,5
14419,0
14435,5
14481,0
14510,2
14513,0
14530,0
14556,7
14564,0
14570,6
14589,0
14602,4
14606,1
14616,4
14623,5
14628,5
14638,8
14639,5
14683,4
14797,2
14807,2
14828,5
14858,1
14872,8
14877,0
14890,0
14896,8
14904,4
14907,5
14939,4
14941,8
14942,1
14951,5
14979,5
14980,1
14985,9
15015,0
15020,1
15030,2
15042,0
15046,0
15056,8
15060,0
15074,7
15091,8
15148,1
15164,1
15178,5
15188,6
15197,5
15199,7
15224,1
15238,5
15278,2
15335,3
15341,8
15375,3
15378,5
15396,1
15435,1
15464,5
15488,5
15502,8
15521,4
15555,1
15559,0
15566,0
15580,0
15583,0
15619,0
15631,5
15643,7
15676,5
15679,2
15684,1
15698,5
15702,5
15703,4
15706,6
15728,9
15731,2
15761,0
15790,1
15793,3
15825,0
15834,5
15854,0
15868,0
15873,5
15886,5
15911,8
15956,8
15965,0
16023,8
16031,0
16037,4
16038,5
16061,1
16062,1
16079,7
16080,1
16083,0
16122,0
16142,2
16179,8
16204,1
16268,5
16276,5
16320,2
16325,1
16335,6
16338,4
16347,5
16367,1
16403,2
16406,5
16423,0
16426,5
16436,6
16447,1
16458,1
16471,5
16482,2
16485,0
16494,5
16498,0
16532,2
16543,0
16573,5
16583,6
16590,6
16603,5
16615,7
16629,5
16691,1
16692,5
16705,0
16720,1
16726,6
16760,2
16767,5
16786,6
16789,1
16820,8
16840,7
16895,2
16908,5
16944,1
16966,7
17001,6
17012,1
17036,8
17064,0
17073,5
17089,2
17156,5
17162,8
17175,3
17217,5
17222,8
17269,2
17277,5
17286,1
17331,1
17344,6
17386,3
17434,2
17446,5
17595,2
17619,6
17623,6
17641,8
17677,2
17761,0
17779,0
17784,8
17797,0
17800,7
17821,2
17834,1
17841,2
17863,6
17876,6
17907,1
17914,5
17935,7
17958,9
17968,0
17992,2
18033,6
18083,5
18103,5
18160,7
18176,1
18196,1
18214,8
18243,3
18248,5
18262,6
18352,1
18361,2
18367,7
18395,2
18439,8
18460,2
18462,0
18470,5
18586,0
18591,5
18608,6
18614,8
18676,5
18681,7
18707,1
18721,6
18745,4
18748,2
18775,8
18778,5
18799,0
18831,4
18852,1
18889,0
18921,0
18926,0
18943,2
18969,7
18995,2
18998,2
19002,6
19011,1
19013,2
19019,5
19031,2
19061,0
19064,4
19080,0
19125,6
19127,0
19136,1
19168,1
19171,0
19224,8
19241,0
19271,2
19291,8
19318,5
19321,2
19357,4
19419,0
19423,2
19430,5
19443,2
19456,5
19482,1
19483,4
19508,2
19510,1
19526,1
19541,8
19543,0
19590,5
19599,4
19682,0
19709,0
19719,5
19731,1
19748,9
19765,1
19787,0
19822,0
19899,0
19908,0
20010,0
20049,0
20055,2
20057,6
20091,5
20127,8
20160,2
20200,5
20218,7
20256,0
20279,1
20282,9
20299,2
20339,8
20342,5
20394,1
20404,7
20418,0
20441,2
20503,6
20504,7
20533,0
20592,8
20598,5
20601,5
20602,0
20609,0
20622,0
20635,5
20653,4
20691,1
20699,1
20713,0
20727,0
20739,2
20776,4
20780,3
20786,2
20800,3
20854,5
20885,5
20908,4
20913,1
20959,2
20983,0
20987,1
20988,1
21003,6
21039,5
21053,2
21068,1
21090,1
21114,5
21152,4
21166,1
21185,6
21196,1
21198,5
21199,0
21203,0
21215,0
21222,7
21257,6
21272,1
21285,3
21294,6
21347,6
21350,0
21376,1
21402,1
21409,1
21416,5
21440,5
21524,3
21527,2
21550,5
21552,1
21576,0
21587,7
21598,2
21604,5
21634,1
21661,5
21691,2
21720,3
21772,6
21785,8
21795,3
21832,6
21858,4
21881,2
21902,5
21907,0
21921,1
21927,5
21952,2
21961,6
22002,3
22038,5
22099,8
22107,6
22120,1
22149,3
22172,3
22173,1
22193,5
22246,9
22248,1
22276,4
22281,8
22295,4
22306,0
22339,6
22359,9
22373,0
22378,0
22411,2
22432,0
22478,1
22487,0
22508,5
22510,0
22565,5
22586,1
22628,1
22634,0
22635,2
22637,0
22644,1
22686,5
22703,8
22709,6
22720,5
22733,3
22736,5
22748,1
22749,0
22756,5
22764,0
22775,6
22845,5
22860,0
22867,5
22869,6
22944,6
22949,0
22950,7
22972,1
23006,5
23017,4
23030,1
23035,8
23047,3
23058,2
23115,1
23124,0
23163,8
23183,5
23189,5
23204,1
23206,3
23210,0
23219,1
23231,2
23235,5
23243,8
23249,5
23255,1
23268,2
23289,0
23310,2
23336,5
23343,6
23361,5
23364,2
23414,8
23426,8
23449,5
23450,6
23496,5
23516,5
23544,5
23601,0
23607,7
23612,1
23626,6
23630,5
23636,4
23637,8
23643,0
23671,5
23677,2
23716,2
23739,0
23746,5
23751,1
23806,5
23808,5
23830,6
23831,8
23882,0
23912,5
23954,1
23960,1
23964,8
23988,0
24005,7
24038,1
24046,8
24060,2
24067,2
24090,1
24098,2
24106,5
24206,2
24212,0
24222,1
24233,4
24276,0
24281,3
24307,3
24321,2
24384,7
24402,5
24407,3
24421,5
24427,2
24440,0
24447,1
24465,1
24541,0
24564,1
24627,0
24629,0
24641,8
24660,5
24688,1
24715,0
24726,6
24747,3
24776,0
24778,5
24790,2
24792,5
24816,7
24834,1
24851,6
24872,0
24887,5
24899,3
24904,1
24910,5
24913,0
24928,7
24940,0
25008,8
25025,5
25027,1
25034,3
25038,2
25057,1
25146,8
25155,7
25165,6
25209,3
25241,6
25260,4
25299,7
25301,8
25302,1
25305,0
25311,3
25330,5
25332,2
25350,7
25357,5
25389,0
25492,2
25494,5
25551,2
25557,5
25569,1
25597,7
25635,4
25650,0
25655,9
25693,7
25738,5
25762,5
25765,5
25769,6
25806,7
25825,1
25839,0
25857,1
25859,8
25862,7
25889,6
25910,1
25912,2
25914,0
25967,5
25994,2
26062,5
26090,8
26152,1
26157,2
26198,5
26229,5
26241,0
26250,1
26258,0
26271,7
26300,0
26308,0
26325,2
26355,2
26365,4
26376,1
26381,5
26390,1
26407,5
26413,5
26473,1
26476,1
26477,2
26485,1
26514,1
26519,8
26532,8
26538,5
26560,7
26576,6
26617,1
26631,9
26636,5
26670,6
26675,5
26680,5
26704,4
26819,6
26821,2
26835,1
26840,0
26853,0
26857,5
26903,0
26909,3
26910,1
26959,1
27011,1
27018,1
27049,5
27050,0
27051,8
27063,1
27111,1
27144,7
27145,0
27170,0
27196,4
27205,1
27206,0
27215,2
27220,7
27223,2
27228,5
27245,1
27298,6
27300,1
27329,1
27372,8
27376,2
27470,2
27483,6
27490,2
27539,5
27575,4
27598,2
27634,1
27637,0
27658,0
27662,1
27674,6
27697,0
27745,5
27785,1
27821,1
27869,2
27886,1
27916,8
27954,5
27963,5
27985,0
27999,8
28005,9
28006,3
28065,8
28090,1
28098,1
28099,1
28101,0
28102,0
28111,3
28117,7
28135,2
28144,8
28171,3
28175,5
28178,5
28223,1
28231,5
28232,1
28244,1
28277,5
28278,2
28286,0
28292,1
28300,1
28306,8
28311,4
28333,6
28351,8
28366,2
28384,5
28410,5
28429,7
28439,1
28478,5
28493,4
28531,1
28543,0
28594,6
28606,5
28640,2
28660,1
28679,5
28704,6
28706,4
28718,1
28738,1
28744,2
28751,8
28758,6
28779,8
28793,1
28842,2
28846,5
28904,0
28907,4
28937,2
28968,0
28992,0
28993,0
29006,5
29027,5
29040,1
29063,4
29112,5
29118,8
29143,1
29147,6
29155,5
29192,8
29193,4
29199,0
29230,0
29244,2
29245,1
29267,2
29310,5
29320,1
29347,1
29350,6
29375,1
29420,0
29425,2
29436,7
29469,0
29491,7
29515,0
29563,8
29624,2
29637,5
29676,0
29677,0
29729,8
29746,1
29755,0
29765,3
29773,1
29786,7
29828,1
29834,5
29842,5
29848,0
29854,4
29857,9
29862,0
29890,5
29918,0
29933,8
29985,0
30012,5
30030,5
30079,4
30099,9
30102,2
30127,0
30129,1
30171,1
30178,6
30202,7
30212,0
30214,1
30219,8
30270,1
30305,1
30333,5
30337,1
30347,8
30352,0
30363,0
30387,6
30409,0
30430,1
30465,7
30476,5
30504,7
30515,3
30523,8
30535,1
30572,5
30584,8
30641,7
30651,0
30653,0
30665,0
30709,0
30730,2
30761,5
30796,6
30800,0
30819,6
30831,2
30864,5
30869,1
30884,2
30918,5
30928,5
30948,0
30958,1
30960,3
30961,5
30965,0
30988,7
31066,7
31079,0
31081,1
31114,4
31158,5
31168,8
31231,6
31237,1
31294,6
31302,5
31322,4
31329,8
31354,2
31370,1
31371,6
31392,0
31433,4
31442,5
31444,8
31492,2
31493,2
31495,5
31498,1
31509,0
31518,0
31525,8
31530,8
31557,6
31575,0
31577,6
31621,9
31681,2
31684,7
31764,1
31817,4
31823,2
31827,2
31861,7
31921,5
31937,0
31954,6
31999,5
32002,6
32009,0
32035,2
32078,8
32117,7
32132,5
32133,1
32146,2
32167,1
32189,1
32213,4
32225,8
32252,7
32273,0
32276,3
32290,5
32296,1
32333,0
32337,2
32350,9
32422,3
32445,5
32450,2
32453,8
32486,1
32501,5
32507,5
32514,0
32567,5
32570,5
32574,0
32575,0
32587,6
32636,8
32641,8
32658,6
32667,8
32701,6
32710,1
32730,3
32760,8
32775,3
32778,0
32790,3
32792,2
32793,0
32828,5
32840,5
32915,5
33006,6
33012,1
33019,8
33051,4
33063,6
33084,1
33149,0
33171,7
33178,6
33184,2
33200,5
33222,5
33244,0
33272,6
33279,1
33288,5
33292,0
33327,0
33363,0
33383,1
33389,0
33403,0
33404,5
33429,6
33442,0
33446,1
33464,0
33465,0
33482,0
33492,0
33512,0
33525,7
33555,5
33579,8
33582,7
33628,1
33640,0
33661,0
33662,2
33693,6
33713,5
33732,0
33753,7
33773,5
33777,8
33782,6
33794,6
33811,5
33840,3
33850,1
33856,1
33863,2
33869,1
33882,4
33918,1
33925,4
33953,3
33967,2
33968,5
33969,3
33978,0
33987,2
34016,0
34017,1
34041,5
34046,6
34054,0
34074,1
34097,0
34120,3
34152,0
34247,6
34251,0
34260,6
34296,0
34309,5
34371,2
34392,0
34412,1
34421,0
34427,3
34460,8
34483,1
34493,1
34502,0
34512,1
34514,0
34527,5
34535,6
34550,4
34557,5
34582,0
34584,5
34585,1
34587,3
34610,5
34614,2
34620,2
34623,0
34626,5
34638,1
34644,3
34659,3
34682,4
34684,3
34700,6
34731,0
34749,1
34807,7
34811,5
34830,4
34855,4
34860,4
34875,4
34895,4
34923,1
34938,1
34945,1
34984,5
34996,5
34997,7
35018,8
35040,5
35071,2
35089,1
35126,4
35146,6
35215,2
35216,2
35235,2
35241,6
35285,1
35300,8
35303,1
35331,2
35357,1
35359,1
35399,1
35401,3
35404,1
35487,1
35489,2
35513,4
35514,1
35536,0
35537,6
35608,5
35626,4
35643,3
35644,2
35650,5
35659,0
35680,0
35689,2
35690,2
35705,4
35707,5
35730,8
35739,0
35744,3
35775,0
35784,5
35787,5
35806,3
35815,0
35839,7
35848,8
35862,1
35882,2
35942,1
35960,7
35962,6
35982,0
35983,8
36036,6
36037,1
36081,2
36085,1
36120,2
36131,4
36137,8
36153,5
36160,4
36163,0
36171,4
36193,5
36200,4
36236,5
36245,5
36255,0
36298,3
36302,7
36331,0
36333,1
36353,1
36365,7
36366,5
36377,3
36380,1
36381,5
36383,6
36387,8
36545,7
36577,4
36584,4
36599,5
36614,2
36617,0
36654,7
36658,5
36662,2
36672,8
36676,4
36689,0
36693,2
36712,0
36717,2
36736,5
36739,5
36740,3
36753,2
36755,3
36756,5
36796,7
36831,1
36904,2
36984,5
36999,5
37061,1
37122,8
37138,1
37148,5
37189,0
37200,1
37216,5
37253,8
37313,5
37341,5
37366,4
37394,7
37429,4
37440,2
37453,5
37473,8
37479,8
37494,7
37506,0
37509,6
37547,1
37550,7
37558,5
37566,3
37571,0
37593,9
37598,1
37609,5
37695,8
37698,5
37759,0
37798,2
37805,5
37806,2
37809,1
37816,1
37830,5
37837,0
37843,1
37854,0
37876,7
37904,2
37905,6
37926,1
37941,2
37955,1
37985,2
37988,4
37992,5
38016,1
38018,7
38040,2
38062,0
38102,0
38126,0
38134,5
38179,0
38202,5
38220,7
38234,5
38311,1
38318,6
38319,2
38330,2
38343,4
38345,5
38359,2
38360,5
38401,2
38409,2
38449,1
38459,5
38497,0
38498,4
38526,1
38543,0
38548,6
38559,0
38566,8
38579,0
38587,8
38590,0
38617,2
38621,7
38653,3
38657,3
38698,5
38718,1
38723,7
38774,1
38793,2
38806,1
38850,0
38860,1
38882,3
38896,5
38920,7
38921,7
38928,1
38949,0
38952,2
38965,1
38990,3
39037,0
39049,1
39050,0
39121,6
39123,4
39132,5
39147,2
39169,1
39171,2
39175,0
39225,5
39236,0
39237,1
39243,0
39258,6
39280,5
39282,2
39303,4
39304,4
39368,4
39369,6
39376,0
39385,6
39386,4
39396,4
39409,5
39432,8
39448,9
39478,8
39490,7
39496,6
39510,2
39527,0
39530,8
39541,1
39542,1
39544,7
39546,1
39561,2
39589,6
39597,2
39636,4
39666,5
39711,1
39748,5
39776,1
39782,1
39801,0
39808,5
39840,2
39861,0
39878,1
39894,4
39912,1
39937,1
39984,1
39988,1
39996,5
40007,1
40168,4
40208,0
40241,0
40262,0
40290,5
40306,8
40312,0
40326,5
40336,0
40346,5
40354,4
40357,7
40462,3
40478,5
40492,6
40560,6
40569,2
40582,0
40599,5
40617,2
40658,1
40659,5
40682,1
40692,1
40770,1
40773,5
40816,2
40844,0
40864,1
40868,5
40893,8
40905,5
40928,8
40967,2
40979,6
40982,1
41029,1
41105,2
41119,1
41120,4
41137,0
41211,0
41217,2
41219,9
41252,0
41266,1
41281,9
41291,0
41296,0
41370,5
41388,0
41408,6
41418,1
41432,0
41450,7
41486,5
41495,8
41498,5
41508,6
41554,1
41578,8
41599,9
41614,0
41619,3
41628,5
41654,6
41657,5
41668,2
41676,6
41693,5
41758,8
41766,2
41773,3
41791,9
41801,8
41820,3
41842,6
41868,5
41908,1
41948,9
42008,0
42019,2
42038,0
42053,0
42081,0
42093,1
42100,0
42132,1
42133,1
42183,0
42184,1
42226,8
42251,3
42265,7
42279,1
42287,5
42297,8
42317,5
42322,5
42323,2
42347,8
42393,1
42394,2
42415,7
42422,1
42440,1
42452,6
42489,6
42518,1
42532,2
42546,1
42548,7
42570,6
42579,0
42585,3
42601,1
42609,5
42611,6
42614,0
42660,5
42667,6
42710,4
42723,6
42730,6
42764,0
42776,0
42807,3
42818,0
42832,8
42850,5
42866,2
42874,1
42875,1
42912,6
42930,3
42947,1
42981,0
42983,5
43025,1
43032,2
43084,5
43111,5
43118,1
43155,3
43195,0
43203,8
43229,0
43244,5
43247,0
43251,6
43268,8
43297,1
43303,5
43307,7
43314,2
43317,2
43323,1
43330,3
43340,7
43367,0
43374,7
43429,1
43442,5
43468,0
43508,5
43557,3
43568,5
43585,5
43599,3
43658,3
43715,1
43801,1
43829,1
43937,5
43939,0
43958,8
44000,0
44006,5
44017,6
44023,0
44031,1
44105,4
44113,1
44136,1
44152,5
44155,4
44173,8
44202,8
44204,6
44227,1
44307,5
44322,7
44337,6
44345,4
44440,3
44446,1
44451,0
44453,1
44457,3
44481,5
44494,5
44508,5
44517,6
44554,5
44620,4
44661,1
44693,1
44712,4
44713,5
44736,5
44756,7
44792,1
44872,0
44873,3
44881,2
44886,1
44887,1
44896,7
44907,5
44914,7
44943,7
44964,5
45066,0
45073,2
45075,1
45081,7
45083,0
45106,8
45107,6
45115,0
45133,2
45155,5
45165,0
45167,1
45193,0
45206,2
45214,4
45230,0
45245,8
45253,1
45276,0
45282,5
45299,4
45303,0
45314,7
45332,2
45348,2
45356,8
45386,0
45444,1
45476,0
45491,5
45504,0
45510,6
45516,1
45551,7
45556,1
45585,8
45600,7
45624,5
45631,2
45661,2
45667,5
45672,2
45683,1
45687,3
45701,0
45715,7
45759,3
45761,4
45766,0
45769,0
45786,3
45797,5
45798,8
45812,0
45830,0
45847,4
45855,1
45872,5
45886,5
45909,1
45927,1
45952,0
45958,2
45967,7
45994,1
45999,1
46050,2
46062,3
46072,3
46090,0
46117,3
46142,1
46169,5
46173,1
46178,1
46184,3
46185,1
46212,2
46234,4
46258,8
46262,2
46275,1
46281,4
46320,8
46335,1
46364,2
46371,0
46407,1
46473,7
46484,0
46489,5
46493,7
46501,7
46502,8
46551,2
46569,9
46582,0
46584,8
46599,5
46619,2
46625,0
46646,6
46715,6
46751,0
46753,8
46761,4
46775,0
46789,8
46796,0
46827,8
46929,9
46936,1
46948,5
46951,2
46954,1
46990,5
47000,0
47005,0
47025,6
47033,4
47050,1
47071,7
47077,5
47085,8
47114,2
47164,2
47167,0
47221,7
47238,2
47252,4
47253,7
47314,5
47336,4
47361,3
47366,5
47383,6
47387,8
47405,0
47427,9
47443,2
47445,9
47448,2
47503,5
47543,5
47553,1
47574,6
47579,0
47591,5
47604,7
47612,2
47623,2
47690,0
47695,4
47716,0
47725,3
47786,0
47828,5
47839,2
47843,4
47886,8
47889,5
47908,1
47912,2
47927,4
47943,6
47969,1
47985,1
48011,8
48037,8
48044,1
48060,8
48129,2
48132,5
48145,6
48165,7
48191,2
48222,9
48226,1
48227,0
48264,3
48277,2
48340,6
48354,2
48358,5
48366,6
48395,1
48406,8
48408,5
48461,1
48467,4
48474,2
48491,6
48502,2
48517,1
48533,5
48542,0
48547,0
48565,6
48608,4
48621,2
48622,7
48673,6
48707,6
48710,4
48720,1
48723,8
48742,0
48756,8
48774,5
48777,5
48787,7
48797,1
48808,0
48813,4
48826,5
48841,2
48855,8
48867,6
48897,1
48911,0
48920,0
48947,0
48949,1
48951,2
48971,5
49038,5
49058,7
49100,5
49118,1
49131,1
49132,5
49158,2
49189,2
49210,1
49224,0
49228,3
49270,5
49278,0
49281,0
49309,4
49316,5
49364,7
49368,1
49392,1
49400,8
49427,5
49428,5
49458,7
49470,5
49476,5
49488,1
49508,5
49516,7
49528,0
49555,2
49576,0
49630,8
49666,7
49680,1
49681,1
49702,2
49706,1
49717,1
49722,4
49726,5
49733,4
49762,2
49785,5
49820,5
49856,2
49860,1
49872,0
49884,1
49927,1
49928,5
49935,5
49989,0
50073,6
50082,6
50109,4
50120,1
50211,2
50261,1
50292,1
50306,8
50313,1
50315,2
50319,4
50321,5
50328,0
50341,5
50348,2
50353,0
50357,0
50366,5
50449,2
50485,0
50489,1
50504,2
50530,8
50550,1
50558,9
50592,5
50608,1
50624,5
50665,7
50667,1
50716,2
50723,0
50727,0
50729,0
50757,4
50803,3
50858,4
50877,7
50902,8
50980,4
50985,5
51044,0
51096,6
51131,2
51137,5
51150,0
51187,1
51232,6
51271,9
51298,5
51323,2
51333,3
51345,5
51358,7
51364,5
51384,7
51385,5
51423,4
51424,8
51427,6
51433,5
51451,1
51475,6
51503,5
51520,0
51524,5
51544,1
51546,0
51555,3
51580,2
51603,1
51605,5
51633,2
51660,2
51714,1
51736,5
51762,5
51767,1
51773,8
51774,0
51779,1
51796,9
51824,0
51859,7
51866,0
51875,5
51901,1
51911,7
51921,4
51925,0
51975,1
51978,0
51984,7
52033,8
52062,6
52075,1
52097,1
52105,0
52121,5
52187,1
52221,0
52231,5
52234,1
52245,0
52284,5
52287,3
52295,5
52299,4
52312,0
52320,0
52347,5
52359,1
52366,2
52371,3
52392,1
52424,4
52433,2
52470,0
52488,2
52497,7
52508,0
52529,5
52552,1
52610,5
52627,1
52637,2
52659,2
52664,3
52699,8
52706,5
52716,0
52721,4
52745,1
52794,3
52797,0
52811,1
52863,8
52869,2
52875,5
52892,8
52902,5
52907,3
52937,7
52947,5
52955,0
52978,0
52997,7
52999,5
53004,1
53011,8
53014,0
53074,7
53085,0
53133,8
53150,8
53179,6
53201,5
53206,1
53212,0
53219,0
53239,2
53298,0
53299,0
53300,4
53319,0
53356,5
53366,2
53391,2
53402,3
53410,5
53432,0
53453,3
53466,5
53484,1
53491,2
53493,3
53500,2
53520,8
53531,1
53573,0
53610,1
53632,0
53663,8
53690,5
53692,2
53734,0
53750,1
53761,1
53786,8
53789,0
53797,5
53814,0
53823,1
53835,2
53836,7
53857,0
53859,5
53953,8
53959,0
53968,5
53969,6
53971,5
53975,3
53984,2
54006,8
54009,4
54035,7
54045,5
54049,6
54056,8
54078,2
54090,2
54102,0
54108,0
54150,6
54156,4
54184,5
54188,6
54205,6
54214,0
54220,2
54221,0
54222,9
54256,7
54263,0
54272,0
54281,5
54320,0
54429,5
54446,5
54464,0
54500,5
54510,5
54528,5
54533,1
54543,1
54550,8
54596,8
54604,5
54614,1
54632,7
54643,7
54673,5
54689,0
54692,1
54696,7
54716,1
54722,3
54749,8
54755,0
54765,2
54778,4
54811,5
54844,0
54851,6
54852,4
54865,0
54867,3
54877,2
54883,5
54901,1
54935,8
54942,0
54969,6
54982,0
54988,5
54997,0
55025,4
55030,0
55073,4
55080,1
55099,5
55111,6
55157,2
55159,9
55183,2
55223,5
55225,5
55228,2
55242,0
55271,1
55275,0
55277,0
55285,4
55291,7
55298,5
55326,2
55330,8
55337,4
55345,0
55349,5
55358,1
55388,5
55408,0
55418,4
55428,5
55429,2
55467,7
55478,1
55518,7
55576,0
55587,1
55629,2
55635,1
55645,6
55659,7
55681,0
55697,8
55704,2
55727,0
55748,5
55765,0
55772,8
55795,5
55805,0
55817,0
55818,5
55855,1
55894,5
55903,5
55907,0
55919,2
55958,5
56000,1
56002,5
56013,5
56037,7
56046,1
56057,1
56061,5
56065,2
56121,7
56141,8
56145,8
56243,2
56295,8
56306,5
56328,1
56332,0
56347,0
56383,3
56389,0
56404,0
56433,5
56450,0
56455,6
56462,7
56514,2
56530,0
56543,7
56549,6
56555,7
56563,4
56569,2
56582,6
56584,1
56586,5
56651,0
56660,1
56686,0
56720,5
56736,6
56767,6
56804,5
56819,2
56825,4
56845,6
56847,2
56848,2
56867,8
56914,0
56953,1
56970,4
56990,5
56994,3
57031,8
57112,2
57142,2
57166,3
57186,0
57247,3
57326,0
57348,8
57363,2
57371,4
57384,0
57394,2
57441,3
57478,2
57503,2
57535,7
57540,7
57546,7
57558,0
57583,2
57588,2
57593,5
57634,0
57644,1
57661,1
57668,8
57679,3
57692,7
57706,4
57821,5
57868,3
57884,7
57920,3
57933,2
58033,1
58039,5
58070,8
58073,0
58074,0
58098,2
58103,2
58120,1
58121,0
58145,5
58209,4
58276,1
58388,2
58440,1
58452,2
58453,7
58472,2
58481,1
58487,2
58492,0
58516,6
58520,7
58553,0
58568,2
58594,0
58597,1
58602,3
58605,6
58610,1
58688,5
58704,2
58706,5
58731,5
58767,1
58795,4
58804,9
58808,5
58883,6
58935,1
58997,6
59023,0
59037,0
59085,1
59091,5
59103,0
59119,3
59136,5
59153,1
59170,5
59190,5
59201,5
59218,2
59226,6
59231,2
59266,1
59291,5
59326,2
59333,2
59342,0
59394,3
59400,5
59426,5
59459,5
59476,2
59507,5
59524,7
59526,7
59529,3
59548,6
59553,5
59575,2
59577,2
59597,2
59619,1
59651,0
59670,5
59676,5
59730,0
59732,2
59744,6
59781,1
59792,7
59838,8
59867,5
59878,0
59926,8
59944,0
59952,0
59954,1
59983,2
59987,0
