4,9
33,9
65,5
72,1
75,0
77,1
88,0
102,1
118,0
145,5
154,9
165,6
175,5
176,9
182,5
227,9
234,0
246,0
273,5
278,5
364,9
377,7
392,3
429,0
440,0
447,1
475,1
490,3
491,1
503,8
514,5
539,8
573,1
577,0
585,4
586,7
603,0
621,9
655,4
659,3
722,5
738,1
775,5
778,5
836,5
838,1
847,4
850,4
852,6
871,1
876,8
891,1
900,9
903,0
912,5
932,9
963,8
990,4
1015,0
1024,5
1057,7
1102,0
1117,6
1138,9
1170,8
1179,0
1194,9
1200,1
1273,4
1286,9
1292,9
1368,0
1377,0
1387,0
1425,1
1437,7
1482,5
1504,6
1512,0
1555,9
1584,2
1589,7
1640,1
1641,8
1664,0
1706,6
1712,0
1729,0
1733,9
1757,9
1760,8
1794,9
1824,5
1827,4
1837,0
1875,9
1885,4
1887,5
1925,9
1950,9
1977,1
1995,0
2008,1
2011,3
2051,0
2062,6
2107,3
2192,0
2227,1
2266,5
2278,0
2327,0
2349,8
2356,1
2370,9
2432,1
2436,0
2461,5
2471,9
2528,0
2581,0
2597,0
2604,1
2621,0
2634,7
2651,5
2673,7
2681,8
2722,9
2726,3
2732,4
2739,5
2755,5
2780,5
2781,8
2836,6
2878,1
2890,0
2921,5
2932,1
2934,9
2944,0
2952,0
2966,5
2998,1
2999,5
3009,4
3049,0
3144,8
3187,6
3195,0
3219,5
3220,3
3234,1
3258,3
3275,5
3276,7
3355,9
3361,5
3362,2
3389,9
3429,0
3446,8
3461,0
3501,8
3528,9
3536,2
3537,6
3540,1
3569,2
3588,9
3590,0
3593,1
3602,1
3611,4
3638,5
3681,5
3690,8
3706,6
3751,7
3770,9
3784,9
3786,9
3793,3
3809,0
3817,4
3904,9
3913,9
3987,9
4004,5
4020,7
4045,9
4048,5
4104,5
4127,9
4146,4
4168,5
4196,3
4212,2
4215,8
4241,2
4248,1
4289,0
4294,1
4298,7
4300,1
4313,9
4320,9
4340,0
4343,0
4437,2
4456,9
4480,5
4482,8
4483,9
4503,9
4505,0
4518,2
4559,7
4588,0
4607,0
4648,2
4655,0
4657,1
4691,8
4693,9
4728,5
4738,0
4751,1
4769,9
4790,1
4801,5
4829,4
4838,4
4871,6
4875,7
4880,2
4885,5
4931,0
4942,1
4983,9
5017,9
5023,1
5044,9
5056,5
5062,9
5074,0
5079,5
5089,7
5108,0
5128,1
5135,2
5136,9
5143,3
5148,3
5183,8
5204,1
5233,9
5240,5
5321,0
5331,4
5335,8
5339,9
5344,0
5403,5
5406,4
5414,5
5428,1
5445,4
5472,7
5488,0
5512,0
5515,5
5525,0
5569,7
5580,4
5601,1
5620,5
5626,7
5627,0
5639,4
5658,9
5681,1
5756,1
5758,2
5782,6
5828,5
5829,9
5835,4
5856,5
5883,0
5915,1
5929,0
5930,1
5937,9
5943,9
5981,0
6019,9
6087,7
6100,9
6137,0
6158,8
6161,2
6166,9
6180,5
6192,1
6213,3
6228,0
6245,0
6285,9
6300,5
6305,5
6334,9
6345,9
6373,6
6401,5
6424,4
6448,4
6461,0
6483,4
6527,5
6545,3
6564,9
6610,5
6615,0
6655,5
6664,5
6665,1
6673,6
6703,8
6723,0
6730,0
6735,5
6736,1
6748,1
6762,3
6765,9
6778,4
6793,1
6803,8
6831,8
6832,0
6872,9
6875,0
6878,7
6879,4
6921,2
6922,9
6923,0
6986,7
7001,7
7004,0
7013,9
7034,8
7039,1
7101,8
7104,6
7125,7
7128,0
7136,8
7138,1
7238,5
7239,9
7252,9
7253,1
7270,5
7346,5
7351,5
7360,2
7403,7
7432,2
7471,0
7515,0
7518,9
7540,8
7554,2
7566,0
7588,1
7629,0
7669,0
7677,4
7706,2
7708,0
7716,1
7725,4
7744,6
7800,3
7819,1
7827,2
7830,0
7835,0
7910,1
7924,8
7930,0
7934,0
7955,4
7982,3
7983,2
7985,0
8015,9
8024,2
8044,7
8063,1
8073,9
8088,0
8126,5
8127,9
8131,1
8149,6
8175,8
8176,1
8189,1
8215,4
8243,4
8255,1
8271,9
8289,0
8316,9
8319,1
8330,1
8348,1
8364,7
8365,8
8397,8
8407,6
8425,3
8441,8
8463,7
8510,9
8518,9
8540,0
8595,1
8654,9
8665,7
8680,8
8687,0
8689,1
8732,8
8766,5
8847,9
8874,4
8875,4
8883,2
8900,5
8912,0
8925,4
8937,1
8938,5
8953,9
8970,1
8979,0
9002,9
9007,7
9039,1
9066,9
9071,4
9118,9
9128,9
9133,1
9156,6
9166,0
9167,9
9178,8
9181,1
9198,7
9282,4
9314,8
9346,9
9353,4
9378,1
9395,7
9413,3
9422,0
9441,0
9463,0
9485,0
9491,3
9515,5
9520,3
9647,5
9649,6
9650,8
9687,0
9698,0
9703,0
9713,9
9769,8
9770,5
9773,0
9799,8
9800,5
9822,0
9834,0
9839,8
9866,8
9896,9
9902,1
9904,3
9935,8
9981,1
9983,0
10023,9
10054,8
10070,9
10147,7
10160,7
10219,9
10226,5
10245,0
10277,5
10283,0
10290,1
10292,9
10326,0
10351,4
10361,9
10369,3
10374,9
10417,2
10431,7
10458,1
10471,0
10508,1
10513,8
10563,0
10596,8
10635,3
10683,4
10685,9
10691,0
10692,1
10704,4
10723,2
10752,9
10771,8
10773,0
10800,8
10810,9
10816,6
10819,9
10821,0
10849,0
10904,5
10961,5
10970,9
10982,1
10986,7
10987,5
11045,0
11064,5
11070,8
11213,8
11223,9
11245,9
11293,9
11312,1
11320,0
11333,9
11357,6
11373,9
11410,5
11433,1
11440,1
11442,9
11471,4
11477,5
11497,6
11541,0
11552,2
11565,3
11580,9
11591,7
11606,1
11631,5
11634,1
11639,0
11653,4
11663,1
11690,4
11701,0
11715,1
11725,5
11730,6
11732,9
11768,7
11789,7
11807,0
11816,9
11822,7
11862,9
11879,4
11887,0
11888,0
11917,1
11947,9
11994,7
12013,1
12043,8
12064,4
12070,4
12071,1
12074,9
12098,4
12132,1
12154,1
12156,2
12162,9
12181,5
12190,8
12202,9
12221,1
12255,8
12264,0
12301,9
12306,4
12329,3
12333,3
12376,5
12378,8
12387,0
12400,8
12414,0
12424,2
12476,5
12484,5
12502,5
12533,0
12535,9
12553,0
12554,0
12638,5
12648,8
12669,9
12704,1
12707,2
12711,4
12784,2
12793,1
12804,5
12837,0
12866,6
12868,9
12907,0
12915,4
12940,5
12957,5
13007,1
13030,0
13070,5
13080,1
13105,3
13129,1
13150,7
13178,9
13188,7
13217,0
13230,0
13247,9
13268,0
13279,5
13308,9
13314,0
13316,8
13342,8
13347,0
13360,5
13364,6
13402,8
13441,4
13460,5
13462,9
13483,0
13492,0
13558,1
13568,3
13608,8
13643,1
13663,5
13668,9
13689,1
13695,9
13699,5
13721,1
13747,5
13791,9
13793,8
13816,0
13830,0
13833,0
13843,5
13844,2
13846,6
13863,5
13871,9
13882,1
13914,2
13942,4
13970,6
13983,3
13997,9
14020,8
14037,9
14038,1
14052,0
14058,9
14090,5
14096,5
14124,2
14139,2
14157,0
14167,6
14179,0
14182,9
14197,7
14203,8
14224,1
14236,3
14250,8
14256,6
14257,4
14262,3
14276,0
14325,0
14365,9
14382,8
14407,9
14409,9
14415,4
14461,0
14465,2
14481,0
14482,4
14528,4
14566,3
14568,9
14583,6
14595,1
14640,8
14647,9
14662,9
14708,6
14762,9
14779,8
14810,3
14838,2
14840,0
14851,3
14870,1
14892,1
14899,1
14920,7
14921,6
14928,9
14936,1
14953,1
14971,0
14974,9
15028,0
15029,9
15069,5
15079,9
15082,1
15099,1
15112,9
15130,0
15150,0
15154,1
15169,0
15175,1
15249,0
15289,8
15315,5
15364,8
15382,0
15399,0
15410,7
15445,0
15481,5
15541,9
15546,8
15593,9
15602,9
15665,4
15685,5
15692,0
15758,1
15765,0
15772,8
15832,9
15855,5
15857,3
15864,0
15872,3
15874,5
15891,4
15934,0
15957,6
16008,9
16022,8
16026,8
16031,0
16073,8
16080,1
16122,0
16128,8
16133,7
16156,3
16181,1
16213,5
16244,0
16309,2
16319,7
16330,9
16363,0
16373,8
16405,5
16412,0
16444,9
16477,9
16483,1
16484,0
16485,0
16495,1
16546,1
16585,0
16633,5
16681,9
16775,9
16777,0
16778,9
16817,0
16827,9
16828,8
16833,8
16844,5
16846,9
16864,8
16880,8
16923,1
16946,1
16973,9
16974,8
16987,0
16997,0
17005,1
17036,8
17042,1
17050,0
17055,8
17056,8
17099,5
17106,0
17126,6
17129,1
17172,5
17175,3
17184,1
17196,8
17200,0
17206,7
17210,0
17219,5
17236,0
17293,0
17328,3
17368,7
17369,2
17378,1
17392,0
17445,9
17501,9
17503,0
17530,8
17557,7
17612,9
17634,3
17637,1
17666,9
17667,8
17670,6
17671,9
17672,8
17750,1
17807,7
17808,8
17834,1
17843,6
17877,0
17879,5
17891,4
17895,2
17904,3
17930,0
17971,5
17999,8
18002,7
18008,4
18021,9
18043,9
18070,1
18084,2
18130,8
18136,4
18137,0
18247,0
18251,9
18281,8
18308,4
18316,1
18328,6
18329,5
18337,0
18339,1
18342,5
18360,1
18369,8
18400,1
18434,8
18446,5
18529,9
18535,2
18551,4
18584,3
18598,9
18599,0
18601,4
18606,0
18614,8
18630,3
18653,9
18685,8
18698,9
18708,4
18728,9
18756,9
18759,0
18761,1
18833,1
18858,0
18889,0
18909,0
18917,9
18956,6
19002,6
19005,8
19013,2
19033,4
19049,0
19051,1
19060,0
19087,2
19104,0
19109,9
19125,6
19127,0
19196,6
19199,7
19200,3
19216,0
19220,9
19229,2
19238,3
19269,9
19300,9
19363,6
19366,5
19367,8
19410,1
19411,1
19421,1
19446,1
19529,5
19544,1
19573,4
19583,0
19612,0
19628,0
19629,9
19641,9
19648,7
19670,5
19671,1
19684,6
19690,9
19698,6
19719,5
19729,9
19745,6
19760,0
19768,1
19778,9
19809,7
19852,5
19854,2
19860,9
19872,0
19885,9
19937,1
19945,5
19953,9
19957,4
20005,6
20012,0
20045,1
20073,9
20085,0
20086,9
20102,8
20116,8
20133,8
20135,1
20144,4
20194,1
20226,7
20233,6
20235,9
20263,1
20331,5
20334,0
20345,9
20361,1
20363,8
20369,0
20380,7
20418,0
20478,0
20490,4
20515,2
20548,0
20557,7
20563,1
20564,5
20625,0
20643,1
20692,9
20716,5
20724,0
20767,9
20772,1
20785,8
20799,5
20814,0
20815,5
20832,2
20833,3
20868,3
20871,9
20911,0
20920,9
20955,0
20957,6
20974,1
21020,9
21059,5
21071,1
21137,0
21139,5
21179,3
21201,1
21211,8
21220,1
21225,5
21234,6
21248,1
21267,9
21283,2
21288,1
21300,9
21302,9
21308,0
21316,6
21346,5
21354,0
21370,3
21397,5
21401,1
21406,8
21433,5
21443,2
21446,1
21487,3
21516,9
21542,0
21595,9
21629,5
21640,0
21661,5
21671,5
21676,6
21722,2
21737,1
21739,5
21751,1
21782,5
21794,1
21825,8
21836,5
21842,9
21847,1
21855,8
21889,1
21909,0
21961,6
22021,2
22043,0
22063,0
22072,9
22125,9
22202,0
22206,3
22283,9
22306,0
22332,9
22340,9
22344,0
22367,4
22408,3
22431,5
22471,9
22478,1
22501,9
22505,9
22540,9
22545,1
22548,2
22557,8
22560,1
22571,5
22592,6
22597,9
22607,4
22613,7
22616,6
22666,4
22692,9
22732,5
22757,0
22765,9
22768,4
22782,9
22795,9
22815,1
22816,0
22824,9
22912,0
22954,0
23033,4
23061,9
23093,0
23104,0
23120,0
23159,9
23160,1
23173,7
23204,1
23238,1
23240,1
23250,0
23252,5
23255,1
23266,9
23275,9
23288,8
23298,3
23363,6
23366,9
23368,8
23438,5
23506,0
23511,1
23524,8
23539,9
23553,8
23574,9
23583,4
23589,0
23591,8
23610,2
23619,9
23624,9
23683,2
23685,4
23702,8
23719,9
23749,1
23779,3
23782,7
23787,7
23817,8
23835,1
23838,9
23871,4
23901,9
23910,1
23920,5
23931,1
23935,8
23940,0
23945,9
23950,9
23951,7
23960,1
23973,1
23991,0
23997,3
24042,3
24044,7
24066,3
24083,1
24086,1
24128,5
24137,8
24149,5
24156,9
24163,1
24178,9
24189,0
24198,2
24216,1
24229,2
24244,4
24274,4
24298,4
24357,1
24366,1
24370,8
24413,9
24426,5
24454,9
24460,8
24485,2
24497,9
24515,7
24529,0
24537,0
24566,9
24619,1
24626,1
24636,0
24676,0
24689,0
24696,0
24704,9
24712,9
24788,7
24825,9
24837,6
24867,3
24869,4
24873,7
24878,7
24929,4
24938,7
25051,0
25102,6
25116,3
25119,9
25137,0
25158,5
25159,0
25217,2
25239,9
25242,7
25267,9
25270,6
25286,7
25322,1
25351,6
25375,9
25389,0
25432,9
25461,0
25483,5
25497,0
25513,1
25515,9
25523,3
25560,5
25562,9
25565,9
25566,5
25584,0
25600,1
25656,4
25675,5
25719,1
25728,3
25793,5
25818,0
25824,9
25862,7
25881,9
25897,7
25913,5
25935,5
25950,3
25966,5
25991,2
25996,3
26020,5
26061,8
26068,9
26069,5
26073,0
26093,2
26148,3
26191,0
26198,5
26210,0
26227,6
26230,0
26233,9
26241,0
26256,0
26258,0
26283,5
26292,0
26317,1
26363,5
26387,5
26408,0
26420,1
26437,5
26470,6
26544,4
26553,5
26588,4
26617,1
26636,5
26694,3
26722,0
26731,0
26745,1
26746,1
26748,9
26756,7
26761,0
26765,6
26772,1
26811,7
26812,1
26827,1
26831,3
26832,0
26842,5
26858,4
26921,9
26938,6
26943,3
26953,8
26970,9
26978,5
26991,1
26995,5
26996,8
27053,5
27082,0
27110,9
27138,2
27140,3
27154,5
27169,6
27170,0
27201,1
27224,5
27245,1
27248,3
27256,1
27258,2
27283,0
27298,6
27314,5
27336,1
27368,9
27393,2
27414,0
27420,3
27469,8
27499,5
27501,1
27511,9
27540,3
27546,7
27556,6
27564,1
27565,9
27568,8
27601,9
27608,8
27792,1
27815,9
27832,4
27836,1
27844,2
27848,9
27849,8
27857,4
27865,0
27921,5
27923,6
27947,8
27960,3
27984,7
28024,0
28033,8
28041,0
28050,2
28079,0
28149,9
28165,0
28168,9
28203,0
28208,1
28246,1
28252,3
28284,2
28317,0
28335,2
28342,8
28349,1
28350,1
28354,9
28367,1
28410,5
28457,0
28540,0
28546,0
28552,6
28553,9
28576,6
28634,7
28658,5
28685,2
28738,1
28761,9
28763,0
28764,7
28775,7
28776,6
28788,8
28797,6
28804,1
28818,0
28821,0
28830,6
28871,8
28872,2
28878,1
28947,6
28959,8
28960,9
28988,7
28989,8
28990,7
28998,2
29046,4
29049,5
29055,0
29062,1
29068,1
29077,5
29106,2
29112,5
29121,3
29125,1
29128,0
29168,9
29171,2
29177,0
29186,7
29214,1
29238,7
29245,1
29280,8
29298,7
29301,9
29323,1
29329,5
29331,6
29345,0
29364,0
29386,0
29390,9
29403,1
29405,0
29410,5
29445,9
29498,0
29500,2
29512,7
29539,5
29542,4
29567,1
29580,9
29596,8
29609,1
29628,1
29675,3
29685,5
29703,4
29709,7
29713,0
29732,0
29745,8
29748,5
29753,8
29780,8
29790,5
29809,0
29834,5
29847,9
29857,9
29858,8
29859,7
29895,0
29902,1
29916,5
29936,3
30003,9
30009,0
30038,8
30049,9
30050,8
30071,0
30080,0
30081,5
30126,1
30146,1
30152,6
30159,3
30160,0
30210,1
30227,2
30247,8
30261,1
30269,4
30289,6
30364,1
30368,1
30390,5
30427,1
30429,2
30430,1
30451,8
30488,5
30523,8
30558,7
30583,9
30613,4
30635,8
30647,5
30660,9
30663,2
30688,8
30696,9
30704,9
30757,1
30783,9
30790,0
30822,6
30838,9
30843,8
30849,0
30862,8
30879,7
30895,3
30896,5
30902,7
30920,1
30981,9
31001,1
31002,2
31020,0
31027,9
31028,5
31038,1
31048,1
31068,2
31109,0
31127,0
31166,1
31215,9
31237,1
31256,9
31260,8
31261,9
31274,3
31278,1
31279,1
31280,1
31306,8
31336,9
31348,1
31350,0
31351,9
31353,9
31389,0
31395,3
31420,1
31455,5
31482,3
31592,1
31606,6
31634,2
31643,7
31658,2
31719,3
31732,8
31746,5
31748,3
31756,5
31830,0
31836,0
31840,9
31870,1
31886,5
31906,8
31910,7
31927,7
31929,5
31958,2
31979,5
32021,9
32030,8
32040,5
32078,8
32097,0
32100,9
32132,5
32134,5
32173,7
32184,0
32201,9
32215,7
32223,3
32233,5
32258,5
32268,0
32273,0
32286,4
32293,0
32304,9
32315,1
32324,5
32332,1
32344,5
32426,8
32427,0
32469,4
32485,2
32493,0
32511,5
32514,0
32518,4
32533,5
32557,0
32566,5
32571,7
32574,0
32575,0
32642,3
32682,0
32702,5
32717,8
32729,9
32741,1
32745,9
32772,4
32870,5
32890,1
32902,5
32911,4
32912,6
32916,9
32920,7
32925,0
32937,1
32959,9
32970,9
33000,3
33021,9
33036,8
33077,5
33115,4
33141,9
33159,6
33162,8
33176,1
33212,9
33253,0
33261,2
33279,1
33300,9
33301,4
33319,1
33352,5
33365,5
33390,0
33393,7
33417,1
33442,0
33491,3
33564,6
33610,9
33684,1
33717,7
33719,8
33750,1
33752,1
33819,2
33820,8
33844,0
33851,7
33864,0
33871,6
33883,8
33918,1
33930,2
33971,4
33976,9
33978,0
34015,4
34031,9
34073,0
34127,3
34150,8
34151,8
34172,0
34173,1
34177,0
34246,0
34251,0
34273,0
34279,4
34281,4
34304,8
34313,8
34376,8
34382,8
34383,1
34419,9
34447,6
34449,4
34477,7
34498,4
34562,0
34569,9
34590,1
34598,9
34616,9
34640,1
34641,1
34690,7
34707,8
34710,3
34727,5
34753,9
34759,1
34770,8
34813,8
34844,9
34863,8
34883,8
34913,5
34920,9
34934,7
34946,8
34970,7
34975,9
34980,1
34999,0
35040,5
35041,5
35052,1
35082,5
35087,0
35103,8
35105,9
35181,6
35228,5
35251,8
35264,8
35274,5
35294,0
35307,8
35322,6
35324,4
35367,1
35379,3
35385,6
35397,5
35412,4
35414,1
35448,1
35479,9
35480,9
35552,1
35557,3
35605,9
35621,1
35645,7
35646,0
35651,0
35673,4
35679,2
35700,0
35712,0
35741,9
35743,5
35746,0
35798,1
35811,1
35816,0
35836,9
35840,4
35857,0
35862,1
35867,5
35878,9
35883,6
35898,3
35900,1
35919,7
35953,5
35962,6
35982,0
36000,9
36011,5
36022,0
36024,9
36106,1
36122,9
36138,0
36146,0
36161,9
36168,0
36172,9
36184,6
36195,6
36212,4
36249,9
36267,6
36268,5
36304,0
36320,8
36368,1
36371,0
36386,8
36390,6
36420,9
36431,0
36433,1
36458,3
36477,9
36492,8
36497,9
36510,9
36534,7
36537,0
36552,4
36560,0
36584,4
36589,0
36598,8
36610,8
36614,2
36673,6
36686,6
36712,0
36785,8
36795,4
36801,1
36807,9
36816,8
36819,5
36834,8
36835,3
36880,9
36892,1
36893,6
36912,3
36945,9
36962,4
36966,6
36997,1
37010,4
37016,5
37018,6
37030,8
37047,0
37085,3
37097,9
37110,1
37111,9
37120,2
37136,9
37206,9
37248,4
37285,1
37338,9
37409,5
37424,9
37447,4
37511,0
37522,8
37534,9
37552,5
37554,0
37557,5
37597,5
37608,8
37611,9
37619,0
37627,3
37633,4
37677,0
37692,3
37716,1
37721,8
37722,4
37742,1
37744,0
37757,9
37761,1
37765,3
37772,9
37787,0
37828,1
37837,0
37868,8
37877,9
37882,1
37906,9
37916,4
37934,9
37992,5
38000,8
38007,1
38016,1
38073,5
38106,0
38110,0
38148,2
38153,9
38160,1
38165,5
38172,6
38198,0
38279,9
38280,5
38325,5
38342,6
38349,7
38411,0
38420,8
38449,1
38455,1
38511,6
38532,1
38537,7
38548,6
38559,0
38593,3
38598,7
38605,0
38611,9
38663,0
38668,4
38693,0
38696,0
38697,1
38706,0
38729,0
38768,9
38813,9
38816,0
38823,1
38843,5
38849,8
38853,6
38857,7
38864,5
38888,5
38889,0
38905,9
38909,1
38960,4
38972,7
38994,7
38995,9
39023,0
39025,9
39037,0
39062,7
39084,1
39111,9
39162,2
39183,7
39185,1
39196,1
39198,2
39262,1
39265,1
39333,9
39346,0
39451,1
39504,0
39537,9
39555,1
39573,5
39574,5
39588,9
39597,2
39612,0
39629,5
39642,9
39661,1
39663,2
39667,4
39669,2
39684,1
39693,8
39695,1
39701,0
39750,9
39818,1
39845,7
39852,3
39877,7
39944,0
39952,5
39953,9
39955,0
39962,5
39977,1
40008,5
40038,0
40053,2
40065,9
40128,9
40173,0
40180,0
40200,0
40225,4
40240,0
40254,3
40276,1
40295,8
40322,0
40330,9
40380,1
40389,0
40456,0
40466,8
40472,8
40474,5
40485,9
40504,1
40570,3
40582,0
40649,0
40683,3
40713,5
40748,5
40751,6
40790,1
40859,0
40898,3
40906,7
40920,5
40977,9
40989,0
40993,5
41002,7
41035,8
41051,0
41058,9
41060,6
41076,1
41114,9
41135,9
41139,1
41143,3
41238,1
41242,6
41245,0
41271,8
41282,1
41329,9
41364,9
41409,1
41411,3
41432,0
41507,3
41547,6
41554,1
41559,1
41587,5
41597,7
41605,9
41619,3
41625,4
41642,6
41643,0
41646,0
41647,0
41652,8
41663,8
41665,9
41713,0
41718,8
41743,0
41773,3
41787,9
41788,7
41804,4
41809,1
41823,1
41826,1
41839,1
41847,5
41877,0
41964,4
42014,2
42039,1
42047,5
42063,0
42109,9
42133,1
42152,9
42157,0
42198,4
42285,9
42295,6
42307,1
42322,5
42344,9
42355,3
42358,0
42362,0
42381,6
42389,0
42392,5
42404,1
42414,5
42441,3
42446,0
42458,9
42482,9
42494,1
42522,2
42539,2
42554,5
42560,5
42562,2
42651,9
42670,7
42671,2
42687,5
42688,8
42690,1
42713,1
42721,9
42722,7
42731,1
42750,4
42806,1
42864,5
42887,2
42889,5
42923,8
42953,4
42980,0
42984,5
43028,9
43050,0
43056,5
43057,9
43100,3
43109,8
43114,9
43119,4
43167,9
43195,0
43242,8
43245,5
43249,1
43273,0
43282,9
43367,0
43369,1
43383,8
43392,9
43404,0
43411,1
43423,0
43461,7
43462,6
43543,9
43551,9
43568,5
43595,1
43603,5
43613,0
43615,1
43616,1
43622,4
43634,4
43651,5
43652,1
43660,9
43687,8
43715,1
43749,8
43764,1
43815,2
43868,3
43874,2
43879,1
43882,5
43915,0
43916,9
43937,5
43945,8
43950,9
43951,1
43961,0
43971,1
43981,0
43986,8
43998,7
44015,7
44021,2
44030,0
44083,9
44084,9
44089,1
44125,1
44154,9
44163,8
44171,8
44199,0
44205,0
44223,9
44227,1
44230,9
44243,0
44264,4
44271,7
44277,1
44279,4
44308,8
44333,0
44344,0
44363,0
44433,8
44437,8
44481,5
44483,6
44496,4
44513,0
44531,0
44537,9
44560,0
44569,1
44590,7
44665,5
44732,6
44749,3
44767,2
44789,8
44796,0
44800,1
44817,6
44847,2
44855,9
44883,0
44913,8
44921,4
44925,6
44940,7
44955,0
44979,0
45028,2
45047,2
45070,5
45107,6
45146,0
45161,8
45178,9
45186,1
45201,9
45227,9
45333,7
45363,1
45381,9
45383,0
45386,0
45415,9
45434,0
45467,0
45480,3
45516,1
45532,1
45562,5
45563,3
45654,9
45656,3
45676,0
45743,1
45744,7
45757,6
45760,0
45792,2
45793,9
45817,0
45821,4
45843,3
45860,4
45899,5
45907,1
45911,3
45927,1
46013,6
46021,9
46032,9
46034,8
46045,6
46090,0
46103,1
46108,5
46113,1
46127,1
46144,0
46145,3
46165,1
46191,8
46240,1
46259,2
46261,9
46291,1
46312,5
46352,4
46362,9
46368,8
46398,0
46401,4
46416,1
46454,3
46469,5
46497,9
46530,4
46560,0
46569,9
46571,0
46616,8
46627,0
46652,3
46659,9
46668,4
46741,9
46771,7
46795,4
46854,3
46913,1
46917,0
46924,5
46936,1
46943,6
47003,7
47033,4
47035,1
47071,7
47107,5
47123,3
47162,6
47176,8
47190,0
47213,1
47234,1
47237,9
47251,5
47256,5
47295,8
47300,6
47310,1
47382,1
47401,8
47436,6
47437,6
47451,6
47478,8
47516,1
47554,5
47611,6
47659,9
47676,3
47713,6
47714,0
47720,3
47748,8
47749,3
47777,1
47785,1
47820,0
47837,1
47848,5
47875,1
47889,5
47902,0
47953,0
47974,9
47976,0
47982,1
47997,0
48015,4
48024,1
48034,2
48067,4
48081,8
48121,0
48130,9
48154,9
48159,9
48173,0
48185,0
48196,0
48197,5
48205,9
48223,8
48229,1
48245,9
48273,1
48322,0
48368,1
48388,9
48396,3
48406,8
48420,2
48424,5
48425,5
48444,1
48456,1
48459,0
48473,7
48477,9
48481,1
48488,0
48502,2
48529,0
48543,1
48559,8
48560,8
48567,5
48574,0
48582,4
48589,9
48603,9
48608,4
48613,0
48617,8
48628,3
48641,0
48643,2
48715,0
48720,1
48726,8
48745,4
48790,0
48796,8
48797,1
48869,7
48893,7
48902,1
48913,1
48931,1
48977,1
49007,9
49008,1
49040,5
49051,8
49062,5
49065,0
49074,2
49094,5
49099,1
49121,9
49131,1
49148,2
49182,9
49185,0
49213,9
49217,8
49225,8
49281,0
49304,0
49312,3
49320,7
49359,1
49380,1
49425,2
49428,5
49440,1
49472,7
49493,8
49517,6
49525,8
49533,0
49535,0
49549,9
49550,6
49575,0
49635,7
49664,1
49668,5
49696,9
49706,1
49752,9
49770,0
49774,0
49808,8
49849,7
49855,1
49860,1
49882,3
49883,0
49987,0
49989,0
50020,9
50036,0
50062,1
50075,7
50101,0
50116,8
50118,6
50151,0
50208,0
50219,1
50235,0
50290,2
50292,1
50313,1
50324,0
50332,5
50353,0
50356,1
50390,0
50406,5
50410,8
50413,8
50435,0
50456,5
50459,8
50490,9
50493,1
50540,5
50541,1
50544,9
50549,5
50570,5
50582,1
50682,1
50696,0
50699,4
50701,9
50714,8
50731,1
50734,5
50746,9
50749,0
50764,5
50780,6
50806,9
50823,6
50833,9
50839,0
50841,4
50905,7
50919,5
50959,5
50961,6
50989,3
50993,1
51003,1
51009,8
51045,0
51072,5
51086,5
51150,0
51165,9
51174,7
51242,8
51249,1
51264,4
51267,9
51281,9
51292,7
51296,5
51318,9
51338,4
51394,8
51405,5
51427,6
51434,0
51447,1
51453,4
51456,6
51470,9
51472,9
51475,6
51548,1
51567,2
51592,9
51593,4
51598,0
51606,1
51629,0
51645,8
51671,1
51675,3
51727,5
51733,0
51752,7
51782,2
51800,5
51818,0
51887,5
51900,1
51940,3
51950,5
51977,6
52028,0
52111,3
52114,0
52121,5
52122,5
52193,4
52238,0
52239,9
52285,8
52294,0
52306,8
52313,0
52323,0
52359,1
52381,1
52396,0
52397,0
52419,5
52491,5
52498,1
52520,0
52537,1
52579,7
52597,0
52600,4
52745,1
52850,1
52896,5
52900,8
52912,6
52929,9
52958,4
52989,9
53036,8
53037,3
53117,0
53119,1
53139,2
53152,5
53163,4
53170,8
53173,0
53178,1
53212,0
53235,8
53293,0
53297,0
53298,0
53319,0
53401,0
53413,5
53444,0
53460,0
53467,1
53481,6
53489,1
53507,5
53529,5
53539,1
53552,5
53563,1
53564,4
53567,5
53577,1
53636,8
53657,0
53661,9
53664,1
53675,5
53678,0
53730,8
53732,5
53773,2
53823,1
53903,3
53906,8
53934,0
53996,8
54010,0
54061,1
54080,0
54112,4
54159,5
54200,6
54213,1
54226,8
54243,8
54244,9
54307,9
54331,5
54333,6
54335,9
54386,9
54400,5
54445,0
54489,1
54504,9
54575,9
54618,6
54649,0
54695,7
54705,8
54711,0
54724,3
54741,8
54757,8
54821,8
54850,9
54862,5
54898,3
54943,0
54947,1
54970,5
54973,2
54988,5
54989,9
54995,7
55027,0
55031,1
55056,0
55060,5
55061,8
55083,1
55095,0
55120,9
55128,8
55219,6
55232,1
55233,5
55333,9
55342,5
55383,3
55400,0
55403,5
55410,0
55516,4
55554,5
55567,1
55571,9
55572,5
55606,8
55609,1
55640,3
55646,0
55679,0
55683,8
55765,0
55785,0
55806,0
55823,5
55825,1
55835,9
55841,6
55847,9
55852,8
55864,3
55903,5
55905,5
55968,8
55970,9
55983,4
55992,9
56005,0
56010,1
56034,7
56041,9
56051,9
56062,9
56079,2
56140,0
56161,0
56187,4
56202,5
56241,1
56249,5
56281,4
56338,1
56341,9
56346,7
56352,0
56367,1
56390,7
56423,1
56460,0
56490,1
56496,4
56507,9
56532,4
56537,1
56560,8
56575,1
56580,9
56615,3
56666,5
56683,1
56715,0
56721,3
56766,0
56777,0
56788,9
56792,9
56851,1
56876,2
56928,5
56984,0
57021,8
57023,6
57057,1
57072,9
57109,1
57160,1
57203,1
57221,0
57239,9
57246,9
57252,0
57268,1
57280,7
57346,6
57362,1
57371,4
57389,4
57402,3
57407,0
57410,1
57469,9
57482,4
57497,5
57509,2
57525,0
57547,7
57579,1
57585,4
57586,0
57618,8
57623,9
57627,9
57644,1
57657,9
57658,2
57662,5
57665,8
57685,0
57695,0
57706,4
57727,0
57736,8
57760,0
57787,5
57811,0
57813,1
57822,0
57870,8
57898,8
57924,0
57963,0
58015,0
58032,2
58036,0
58051,1
58062,0
58068,2
58085,5
58117,5
58120,1
58139,1
58146,0
58148,1
58151,4
58184,4
58236,9
58251,6
58262,5
58270,5
58284,9
58290,5
58319,4
58320,1
58356,0
58372,9
58397,1
58403,5
58453,7
58456,5
58461,0
58462,0
58469,9
58475,8
58494,2
58496,4
58515,5
58529,9
58531,4
58532,0
58535,5
58538,2
58545,4
58622,5
58639,9
58659,0
58668,0
58700,3
58719,1
58729,3
58743,0
58768,0
58773,1
58793,3
58810,1
58818,9
58819,0
58873,4
58886,1
58890,7
58944,1
58959,7
58968,9
58982,0
58989,5
59027,9
59036,1
59058,9
59064,5
59080,9
59124,7
59128,8
59154,0
59179,4
59194,9
59231,2
59244,0
59247,1
59266,1
59269,5
59270,8
59353,0
59381,9
59401,4
59429,8
59439,0
59452,0
59476,2
59496,9
59502,5
59512,3
59518,9
59520,7
59521,1
59580,4
59588,3
59594,9
59654,5
59694,1
59713,1
59728,1
59748,9
59776,9
59780,4
59784,0
59796,1
59804,9
59823,5
59855,2
59858,9
59864,1
59968,5
59975,4
59994,1
59999,8
