50,3
68,0
146,8
152,1
160,8
175,5
177,1
219,5
234,0
270,1
272,4
288,7
316,5
330,3
356,3
370,7
440,0
479,3
496,5
519,0
538,1
574,3
599,7
609,1
614,5
640,7
677,4
679,5
691,1
748,5
764,9
777,8
792,8
796,8
823,8
835,1
850,4
865,8
884,7
886,5
909,3
913,8
916,5
921,5
926,4
932,9
961,1
964,5
992,3
1026,8
1130,3
1131,1
1161,9
1174,1
1194,9
1227,4
1241,3
1246,2
1272,9
1295,3
1319,8
1330,2
1334,2
1346,0
1347,7
1349,0
1362,8
1377,0
1387,0
1408,4
1484,8
1509,5
1523,7
1578,0
1613,4
1637,6
1645,0
1685,4
1690,5
1702,5
1740,9
1764,4
1780,8
1797,0
1803,7
1817,5
1820,9
1852,2
1872,3
1891,7
1893,8
1927,0
1937,9
1954,2
1964,8
1971,3
1972,2
2010,2
2011,3
2029,3
2046,4
2054,7
2084,0
2165,5
2193,5
2208,4
2221,9
2222,4
2255,1
2268,5
2283,2
2304,5
2363,5
2376,7
2393,1
2408,3
2428,5
2434,9
2437,1
2439,4
2441,4
2449,4
2467,4
2509,9
2510,2
2511,8
2518,2
2572,1
2586,0
2641,2
2663,1
2678,8
2681,8
2714,2
2732,4
2739,5
2762,1
2790,2
2793,9
2804,9
2811,1
2824,2
2829,4
2872,1
2874,4
2883,3
2887,2
2890,0
2921,5
2952,0
2953,9
2974,0
3008,7
3015,0
3025,5
3028,8
3060,7
3072,4
3082,8
3084,9
3101,4
3170,5
3174,3
3202,9
3241,0
3256,9
3257,9
3274,2
3277,9
3328,0
3379,1
3400,3
3417,4
3428,7
3462,3
3465,9
3521,3
3555,8
3598,9
3610,0
3708,4
3735,3
3737,8
3748,2
3752,5
3754,3
3819,5
3835,3
3861,6
3862,4
3890,2
3893,3
3938,3
3940,7
3988,5
3997,3
4017,5
4019,9
4027,0
4032,9
4033,3
4076,5
4092,9
4125,4
4130,7
4141,7
4209,9
4224,4
4225,1
4227,7
4261,8
4264,4
4302,5
4306,9
4308,8
4316,0
4402,6
4408,6
4442,2
4449,3
4463,6
4468,8
4524,1
4529,5
4537,8
4540,4
4562,5
4572,6
4598,8
4601,5
4624,0
4625,5
4626,4
4653,0
4682,0
4689,9
4690,9
4793,0
4816,9
4826,9
4831,9
4844,5
4854,0
4865,1
4880,2
4921,5
4926,0
4936,9
4949,9
4952,4
4981,0
4982,8
5000,7
5019,0
5083,0
5132,1
5163,8
5169,1
5175,4
5185,9
5211,5
5239,1
5241,2
5243,8
5258,2
5265,4
5276,9
5316,9
5327,0
5337,3
5338,8
5420,2
5440,5
5447,7
5452,5
5518,9
5523,9
5557,8
5559,9
5563,0
5567,3
5585,0
5617,5
5674,0
5694,0
5704,9
5720,4
5749,1
5756,1
5763,8
5799,3
5800,8
5806,9
5815,2
5823,2
5851,7
5874,9
5882,1
5883,0
5886,0
5901,9
5907,2
5926,3
5987,3
6025,4
6040,3
6048,3
6162,9
6218,4
6227,0
6238,9
6248,7
6251,3
6294,9
6299,3
6306,9
6326,0
6342,3
6383,9
6405,3
6406,0
6456,6
6461,0
6529,5
6568,1
6579,7
6600,7
6606,8
6611,0
6612,3
6662,3
6666,7
6669,4
6706,3
6711,3
6717,9
6718,1
6774,8
6776,5
6791,0
6795,8
6823,0
6852,5
6872,9
6883,0
6890,4
6893,9
6897,8
6901,4
6936,5
6958,0
6986,7
6996,4
6999,9
7006,9
7035,8
7044,5
7051,8
7052,0
7074,1
7091,5
7129,0
7169,1
7178,4
7219,0
7224,6
7229,7
7241,9
7335,9
7338,0
7349,1
7354,5
7355,0
7372,0
7383,3
7406,1
7407,9
7423,7
7451,0
7454,1
7475,5
7482,5
7500,2
7506,0
7535,5
7538,9
7645,8
7646,2
7659,5
7691,0
7699,5
7705,4
7711,6
7728,0
7738,5
7756,9
7759,6
7861,3
7899,7
7941,1
7954,0
7963,5
7987,3
8036,9
8058,2
8059,9
8065,3
8101,4
8108,0
8124,1
8136,8
8160,1
8180,1
8184,3
8233,0
8261,4
8271,9
8284,0
8294,0
8343,0
8355,0
8363,9
8381,3
8403,2
8404,9
8414,5
8444,7
8477,4
8482,8
8494,3
8521,5
8530,1
8550,1
8568,3
8584,8
8585,9
8612,0
8635,3
8645,8
8705,1
8722,8
8739,0
8745,9
8749,2
8752,2
8779,5
8780,8
8784,2
8789,5
8795,3
8796,4
8825,4
8849,7
8878,2
8880,3
8891,1
8894,0
8902,9
8938,5
8944,4
8976,3
8979,0
8983,2
9005,0
9025,4
9033,5
9050,8
9077,7
9101,0
9111,5
9114,9
9129,9
9150,9
9169,2
9171,5
9183,3
9197,0
9240,1
9257,0
9264,1
9266,2
9298,1
9322,0
9336,5
9344,5
9354,1
9394,9
9397,5
9403,3
9419,5
9431,4
9439,0
9543,8
9549,7
9563,1
9568,5
9607,5
9636,3
9640,8
9666,0
9678,1
9691,0
9695,0
9742,0
9762,8
9796,1
9803,1
9804,1
9825,9
9832,8
9843,7
9849,5
9850,2
9859,5
9889,9
9900,8
9916,3
9932,3
9934,0
9936,8
9953,3
9965,0
9968,9
9978,0
10001,8
10006,1
10010,0
10030,5
10084,2
10109,9
10126,8
10148,7
10156,1
10161,3
10187,8
10189,8
10195,0
10201,8
10216,4
10234,6
10259,0
10279,2
10283,0
10318,1
10340,0
10348,0
10352,0
10361,9
10380,0
10433,4
10442,6
10481,6
10516,9
10536,5
10543,5
10561,8
10564,0
10635,3
10663,8
10668,3
10745,3
10757,3
10797,8
10805,2
10841,7
10846,2
10848,9
10863,1
10879,6
10880,3
10900,3
10902,3
10903,5
10919,0
10983,1
10984,3
11025,5
11114,3
11128,6
11136,5
11167,4
11196,9
11203,2
11302,8
11342,1
11371,1
11408,4
11413,8
11414,4
11428,0
11443,2
11467,3
11492,5
11509,1
11524,3
11536,9
11556,3
11596,5
11626,9
11675,0
11681,8
11698,9
11706,5
11714,3
11727,2
11738,2
11792,0
11822,7
11838,7
11860,0
11880,8
11899,2
11965,4
11984,8
11986,4
12010,8
12046,5
12119,0
12125,4
12130,8
12137,5
12168,0
12179,9
12189,3
12211,3
12215,1
12223,2
12226,1
12229,5
12255,8
12274,3
12280,9
12294,9
12322,4
12339,0
12356,1
12371,1
12378,8
12385,2
12402,6
12405,5
12411,6
12417,9
12425,9
12441,1
12479,1
12497,0
12499,1
12503,3
12504,0
12591,1
12597,7
12612,4
12657,1
12669,9
12773,9
12792,9
12852,9
12869,0
12877,3
12878,1
12883,1
12889,9
12893,5
12902,6
12914,9
12917,5
12951,2
12962,5
13005,0
13016,8
13041,9
13057,9
13074,0
13079,8
13118,8
13132,4
13133,6
13135,0
13263,4
13280,0
13301,8
13383,3
13411,0
13425,9
13447,8
13480,9
13483,0
13509,5
13516,3
13561,7
13587,6
13615,3
13628,3
13641,0
13656,3
13659,5
13660,3
13682,8
13745,3
13752,9
13766,4
13796,5
13803,8
13833,0
13863,5
13868,4
13871,9
13884,1
13891,9
13914,2
13921,0
13925,2
13943,4
13955,0
13956,1
13967,1
13987,4
14016,1
14051,6
14104,7
14133,1
14151,9
14158,0
14160,0
14169,1
14176,4
14207,4
14225,8
14239,9
14253,8
14262,3
14316,5
14396,8
14404,5
14409,9
14414,1
14422,2
14429,2
14447,3
14451,5
14452,8
14461,0
14468,2
14489,5
14644,0
14649,0
14654,4
14655,3
14656,1
14665,8
14678,8
14693,0
14699,9
14736,3
14742,5
14754,8
14755,7
14812,1
14826,8
14831,8
14848,6
14868,2
14872,8
14877,0
14895,9
14927,4
14940,6
14994,5
15045,3
15075,3
15090,3
15117,9
15121,1
15143,5
15156,0
15167,9
15200,7
15244,9
15285,5
15324,6
15340,7
15384,6
15398,5
15402,5
15420,4
15430,8
15444,5
15451,1
15461,2
15471,0
15504,0
15525,4
15542,0
15564,0
15567,0
15580,0
15583,0
15590,0
15608,1
15612,1
15622,4
15628,0
15644,9
15655,5
15668,4
15671,7
15673,6
15677,1
15711,0
15718,7
15738,8
15743,3
15751,2
15764,3
15765,0
15769,3
15805,1
15840,4
15846,2
15869,3
15883,0
15888,1
15890,0
15891,4
15900,7
15941,8
15946,0
15963,8
15974,1
16087,1
16093,4
16104,2
16129,5
16164,5
16201,9
16213,5
16227,0
16232,8
16256,9
16329,3
16341,9
16418,1
16421,9
16469,6
16485,0
16512,3
16540,0
16551,4
16563,0
16568,9
16578,4
16582,5
16629,5
16708,3
16711,7
16722,1
16724,8
16725,8
16761,0
16785,8
16816,9
16829,9
16847,6
16860,8
16873,3
16884,9
16903,0
16906,1
16977,4
16979,8
16980,5
16989,2
16995,4
17005,1
17010,3
17013,8
17028,1
17086,7
17103,3
17104,3
17106,0
17142,9
17192,3
17197,8
17211,9
17215,4
17234,9
17239,5
17277,5
17355,3
17377,9
17389,3
17392,0
17478,4
17491,3
17519,0
17526,3
17534,0
17548,2
17573,4
17598,5
17610,5
17650,1
17664,1
17682,9
17683,7
17702,9
17722,5
17742,5
17757,2
17969,7
18010,2
18021,9
18043,9
18047,8
18108,3
18117,2
18124,0
18143,9
18145,4
18148,1
18167,5
18191,7
18229,1
18235,1
18250,6
18254,5
18260,2
18282,1
18357,0
18362,4
18363,3
18364,5
18374,9
18397,3
18398,4
18409,1
18416,5
18424,0
18429,7
18455,4
18456,5
18476,5
18483,4
18492,1
18507,0
18545,1
18581,0
18585,2
18586,0
18598,9
18599,0
18641,0
18697,9
18707,1
18727,3
18786,9
18796,3
18801,1
18822,5
18832,0
18873,7
18880,1
18892,0
18919,3
18939,3
18947,5
18955,3
19006,0
19022,5
19034,4
19049,0
19171,0
19192,4
19201,8
19242,8
19268,9
19342,3
19379,7
19394,1
19401,4
19419,0
19423,2
19443,2
19474,3
19475,8
19487,5
19502,2
19531,4
19589,5
19630,1
19649,0
19702,5
19755,2
19770,0
19806,9
19819,4
19828,6
19852,5
19857,0
19885,9
19910,9
19914,9
19923,4
19929,7
19951,8
19973,5
19994,5
20008,4
20017,5
20018,1
20054,9
20071,2
20098,4
20129,9
20140,5
20167,3
20178,1
20186,5
20187,6
20203,3
20204,8
20230,4
20246,5
20248,9
20284,2
20321,0
20327,1
20369,0
20392,0
20401,6
20405,8
20416,6
20429,4
20437,3
20443,1
20462,9
20518,9
20552,7
20591,0
20598,5
20638,9
20646,7
20654,1
20659,1
20711,4
20783,2
20793,5
20809,4
20853,5
20864,9
20877,0
20902,3
20945,8
20968,8
20973,8
20980,7
21010,1
21060,1
21077,4
21121,2
21150,3
21151,2
21191,0
21209,3
21216,0
21227,5
21232,4
21252,5
21260,0
21303,2
21310,8
21330,2
21351,9
21358,0
21371,5
21418,6
21436,2
21446,1
21477,1
21481,5
21509,9
21519,5
21526,0
21578,8
21655,4
21747,0
21765,1
21773,2
21799,5
21822,4
21826,8
21827,9
21830,4
21833,5
21835,9
21875,4
21890,0
21908,1
21917,2
21970,0
21971,0
21973,4
21990,1
21994,4
22012,4
22019,2
22080,9
22087,1
22089,5
22157,6
22182,3
22189,4
22207,1
22252,2
22264,5
22268,5
22270,0
22294,0
22314,7
22328,1
22373,0
22377,7
22389,8
22447,9
22477,3
22493,3
22499,8
22529,0
22533,1
22603,0
22645,4
22719,9
22825,3
22827,5
22829,0
22899,1
22905,4
22906,3
22908,6
22926,1
22967,9
23057,9
23084,9
23086,8
23097,1
23113,0
23174,4
23185,2
23191,5
23203,1
23220,7
23224,9
23235,5
23243,8
23256,6
23272,4
23275,9
23293,0
23297,0
23319,2
23331,0
23372,0
23453,6
23461,8
23480,9
23497,5
23507,7
23511,1
23536,0
23595,4
23633,5
23648,4
23651,5
23685,4
23692,4
23710,9
23744,9
23754,0
23768,8
23800,2
23836,5
23840,7
23866,3
23910,1
23928,5
23933,4
23937,6
23964,8
23987,8
23990,9
23991,0
23998,9
24032,4
24068,5
24106,5
24128,5
24160,8
24165,6
24208,1
24234,8
24243,9
24250,5
24261,8
24272,4
24313,9
24366,1
24367,0
24368,1
24403,5
24414,3
24415,7
24444,0
24454,9
24458,6
24468,9
24486,6
24491,2
24494,9
24507,9
24534,8
24580,1
24582,2
24619,1
24672,3
24683,5
24689,0
24690,2
24692,7
24693,0
24698,0
24732,2
24748,3
24778,5
24780,3
24787,3
24820,5
24850,3
24867,3
24904,1
24910,5
24926,8
24940,0
24956,9
24960,5
24961,2
24967,9
24978,0
24997,2
25012,8
25061,1
25078,3
25082,0
25088,2
25197,4
25214,0
25235,1
25239,9
25280,9
25307,1
25311,3
25342,5
25343,9
25346,3
25377,3
25385,9
25395,0
25420,0
25425,3
25471,4
25472,9
25524,1
25528,9
25529,0
25536,3
25554,7
25592,8
25616,4
25618,2
25625,9
25631,3
25634,9
25637,9
25651,1
25659,5
25662,4
25697,1
25707,0
25709,8
25728,3
25755,0
25768,3
25781,1
25801,9
25803,0
25837,9
25846,4
25856,4
25858,1
25951,8
25958,5
25959,6
25966,5
25978,0
26007,0
26045,9
26060,9
26118,1
26130,3
26158,7
26178,0
26184,0
26211,5
26215,9
26219,0
26239,5
26241,0
26251,5
26307,3
26317,1
26333,2
26338,0
26350,1
26400,9
26421,1
26455,7
26458,4
26462,9
26509,2
26538,5
26590,5
26627,4
26662,3
26716,6
26747,1
26757,1
26780,1
26791,8
26806,9
26843,0
26864,4
26869,4
26899,2
26971,8
26972,5
26979,0
27001,4
27013,1
27020,1
27035,0
27053,5
27100,5
27115,3
27129,4
27139,5
27160,3
27179,5
27191,9
27207,1
27241,8
27254,7
27296,5
27317,5
27320,6
27326,0
27352,4
27379,7
27383,9
27387,9
27394,0
27436,0
27515,9
27533,9
27542,7
27597,7
27615,9
27639,1
27647,7
27665,1
27680,2
27688,9
27695,4
27732,9
27753,2
27761,2
27764,5
27765,4
27771,9
27777,5
27802,5
27829,0
27873,9
27877,5
27902,9
27936,0
27942,5
27946,3
27990,0
28022,4
28029,5
28044,0
28121,4
28141,5
28146,4
28154,2
28164,4
28172,5
28180,7
28197,9
28218,2
28223,1
28261,5
28273,7
28301,8
28317,0
28322,1
28348,8
28351,8
28359,3
28376,5
28430,5
28445,9
28448,9
28457,0
28477,5
28483,8
28505,0
28511,8
28524,1
28525,2
28535,7
28589,5
28606,5
28629,1
28658,5
28665,9
28671,0
28688,7
28694,8
28712,8
28714,0
28715,9
28726,8
28731,2
28734,3
28788,8
28802,8
28809,0
28817,6
28822,1
28824,0
28842,2
28888,0
28899,5
28909,1
28910,0
28918,5
28929,2
28960,9
29014,3
29022,8
29030,1
29040,1
29110,9
29128,0
29151,0
29152,2
29157,5
29174,5
29218,4
29228,4
29253,5
29254,8
29260,1
29285,1
29289,3
29320,1
29339,4
29367,4
29391,3
29421,0
29448,1
29456,0
29546,2
29551,1
29563,8
29584,4
29611,2
29613,3
29671,3
29716,2
29756,7
29778,9
29788,4
29794,4
29859,7
29888,7
29899,3
29904,2
29916,5
29924,5
29932,2
29993,9
30008,7
30035,1
30062,3
30088,0
30107,2
30169,4
30252,6
30277,9
30278,5
30280,5
30334,9
30404,1
30437,9
30439,0
30456,5
30460,8
30483,3
30500,9
30514,5
30551,9
30565,0
30595,5
30612,1
30639,1
30706,0
30725,4
30727,6
30735,9
30743,8
30745,4
30775,8
30782,9
30800,0
30805,9
30849,0
30871,0
30876,4
30877,9
30907,3
30978,1
30984,3
31006,4
31065,3
31108,3
31173,0
31202,0
31249,3
31256,9
31279,1
31311,3
31370,1
31394,9
31400,9
31402,5
31423,7
31425,0
31426,9
31432,1
31453,4
31470,0
31502,0
31507,8
31525,8
31583,4
31618,5
31640,1
31647,1
31656,8
31675,9
31694,5
31735,3
31744,9
31760,8
31779,5
31786,9
31846,1
31855,0
31866,9
31881,8
31891,5
31916,1
31946,5
31983,7
32014,4
32023,5
32041,1
32067,9
32075,2
32086,0
32115,3
32128,9
32168,5
32196,9
32200,5
32243,2
32251,9
32270,8
32286,4
32293,0
32311,9
32322,5
32330,3
32333,0
32341,4
32343,5
32368,9
32371,3
32505,3
32520,0
32536,1
32614,5
32619,3
32656,3
32665,3
32687,7
32693,0
32706,9
32711,5
32715,9
32757,5
32790,3
32797,2
32800,0
32801,4
32806,8
32819,7
32833,6
32835,7
32840,5
32885,3
32915,5
32939,4
32957,7
32968,8
32986,1
32990,3
32991,2
32995,8
33020,0
33077,5
33112,0
33155,9
33208,3
33232,9
33235,5
33238,0
33256,9
33260,5
33287,7
33301,4
33340,5
33344,3
33372,9
33374,1
33443,9
33444,3
33465,0
33473,4
33502,5
33573,5
33598,5
33603,5
33605,5
33669,0
33672,2
33673,0
33690,5
33695,2
33723,0
33743,2
33766,8
33768,9
33769,1
33789,0
33817,3
33840,3
33865,1
33875,3
33892,5
33896,3
33909,5
33920,7
33931,9
33938,2
33990,9
34012,6
34037,0
34044,9
34048,3
34063,9
34078,2
34305,0
34321,9
34327,3
34340,5
34345,0
34384,3
34394,0
34420,9
34427,3
34431,5
34440,0
34441,2
34465,4
34470,1
34505,5
34544,9
34567,8
34571,4
34653,0
34662,0
34695,3
34703,6
34725,1
34736,3
34753,9
34772,7
34785,8
34787,8
34807,7
34814,8
34871,2
34874,1
34955,4
34983,9
34993,6
34995,3
34997,7
35002,9
35015,3
35018,8
35047,6
35070,9
35145,8
35172,5
35182,9
35195,3
35197,1
35226,3
35233,9
35261,0
35285,1
35300,8
35323,8
35333,3
35351,7
35389,1
35401,3
35442,4
35447,3
35484,8
35485,0
35520,3
35528,3
35537,6
35617,8
35644,2
35669,1
35671,0
35717,0
35736,6
35741,9
35742,0
35771,4
35783,8
35809,8
35833,3
35858,5
35878,9
35879,4
35881,3
35893,9
35895,4
35928,8
35941,9
35946,4
35951,4
35954,3
35965,7
35970,2
35984,3
35993,6
35994,0
36021,3
36046,3
36089,5
36114,8
36128,3
36140,7
36207,5
36228,4
36230,7
36257,1
36286,4
36289,5
36300,8
36301,3
36329,3
36340,7
36358,6
36368,1
36385,7
36418,9
36447,0
36472,7
36486,9
36541,8
36548,4
36561,6
36586,0
36592,3
36596,4
36598,8
36615,7
36638,5
36668,4
36675,4
36679,9
36681,8
36688,7
36692,0
36708,8
36722,5
36734,0
36751,8
36791,4
36862,3
36877,4
36910,6
36957,3
36959,8
36960,9
36968,1
36985,6
37079,0
37126,9
37137,5
37188,3
37205,3
37248,4
37269,0
37286,1
37300,5
37324,8
37343,1
37376,9
37377,0
37384,1
37414,5
37429,4
37481,2
37557,5
37569,3
37585,4
37593,9
37634,4
37647,0
37651,9
37686,0
37687,4
37708,0
37754,9
37772,9
37805,5
37807,5
37814,0
37842,5
37848,3
37899,4
37926,1
37934,9
38003,9
38022,6
38042,0
38052,4
38066,3
38094,2
38095,1
38155,0
38171,2
38202,5
38336,4
38341,3
38346,3
38358,9
38362,5
38364,0
38373,4
38382,8
38384,1
38419,9
38422,7
38426,9
38432,1
38434,8
38439,5
38453,8
38465,1
38478,6
38480,1
38484,0
38499,1
38547,2
38565,3
38597,9
38614,0
38678,5
38724,1
38729,0
38777,4
38829,9
38837,1
38858,8
38861,6
38864,5
38888,5
38891,4
38898,4
38899,9
38903,0
38906,4
38911,3
38919,4
38929,0
38947,9
38953,2
38992,9
38993,0
38995,9
39011,8
39035,8
39044,0
39090,2
39162,2
39169,1
39232,1
39279,0
39296,2
39301,3
39307,8
39363,0
39403,1
39424,5
39426,7
39444,1
39494,0
39540,7
39552,1
39603,1
39617,3
39629,5
39639,0
39664,0
39687,7
39714,0
39718,9
39731,8
39744,3
39763,4
39774,3
39788,0
39807,5
39861,0
39862,2
39866,4
39881,5
39918,2
39923,5
39927,9
39932,9
39944,0
39953,9
39955,0
39972,5
39981,3
40005,3
40008,5
40085,6
40103,0
40143,7
40183,2
40194,5
40200,0
40208,0
40214,7
40218,0
40228,0
40234,4
40235,9
40261,8
40280,0
40349,6
40353,5
40373,1
40385,3
40422,5
40472,8
40494,0
40499,9
40504,1
40516,1
40521,0
40528,9
40539,2
40542,2
40587,5
40674,5
40680,4
40718,2
40738,5
40739,3
40797,0
40801,0
40817,0
40832,2
40880,1
40888,0
40890,9
40902,5
40939,8
40955,4
40957,8
40965,0
40973,1
41005,9
41045,5
41085,3
41091,5
41110,3
41117,0
41148,7
41155,9
41195,1
41212,3
41213,6
41238,1
41248,1
41276,2
41298,4
41314,5
41318,0
41373,4
41376,0
41382,2
41409,1
41418,1
41433,9
41436,3
41480,9
41483,9
41552,3
41566,5
41574,4
41575,8
41613,9
41629,3
41644,9
41677,7
41701,9
41702,2
41733,1
41737,5
41761,9
41763,9
41798,5
41799,1
41803,5
41831,8
41832,2
41856,0
41864,4
41883,3
41947,8
41949,5
41979,9
42000,1
42041,3
42085,5
42086,9
42088,3
42104,8
42116,4
42129,9
42167,4
42216,4
42228,9
42233,4
42246,9
42278,2
42308,2
42313,8
42363,7
42371,1
42372,5
42392,5
42410,7
42412,1
42422,1
42424,1
42438,9
42454,2
42456,0
42458,9
42505,3
42530,6
42556,5
42560,5
42561,1
42565,3
42608,0
42610,0
42634,0
42636,3
42657,1
42677,3
42678,3
42680,5
42770,4
42799,2
42804,3
42814,2
42815,9
42853,9
42862,0
42864,5
42878,8
42891,2
42904,6
42916,2
42923,8
42931,3
43015,4
43017,1
43063,6
43072,8
43088,0
43091,8
43131,1
43148,5
43161,6
43169,0
43174,9
43209,3
43217,4
43228,4
43290,8
43291,4
43304,6
43383,8
43396,6
43402,5
43416,9
43446,1
43455,8
43494,3
43554,0
43591,5
43604,4
43638,5
43667,9
43679,6
43684,1
43704,1
43717,3
43752,6
43753,5
43778,0
43786,9
43824,8
43843,8
43863,9
43873,9
43898,7
43899,2
43906,4
43948,1
43949,4
43981,0
43997,3
44010,9
44026,9
44032,3
44051,3
44065,1
44076,0
44083,9
44084,9
44096,0
44100,4
44139,7
44140,2
44148,5
44159,0
44187,9
44196,8
44245,1
44252,7
44264,4
44275,4
44294,4
44298,2
44308,8
44331,6
44332,4
44338,3
44344,0
44350,3
44381,5
44411,0
44431,1
44451,0
44489,9
44491,0
44510,3
44513,0
44517,6
44538,7
44549,2
44554,5
44563,5
44618,9
44628,1
44666,6
44680,1
44699,8
44721,9
44777,0
44784,2
44786,1
44787,7
44790,6
44803,7
44806,8
44815,0
44820,5
44852,5
44861,8
44915,9
44923,5
44931,9
44933,0
45021,0
45024,5
45036,5
45052,5
45069,4
45099,2
45101,5
45109,8
45146,0
45168,8
45180,7
45231,4
45233,5
45244,9
45246,3
45249,8
45282,5
45304,9
45324,6
45352,9
45357,4
45378,2
45383,0
45417,0
45419,3
45423,5
45443,5
45444,1
45468,3
45472,4
45476,0
45482,5
45497,5
45515,0
45519,5
45537,1
45584,2
45588,1
45600,7
45613,4
45615,7
45617,0
45660,8
45673,8
45674,4
45680,7
45683,1
45727,3
45729,4
45732,3
45743,1
45748,0
45760,0
45767,1
45795,1
45797,5
45822,3
45833,0
45834,4
45846,6
45878,3
45882,8
45896,8
45912,4
45917,9
45953,0
45960,0
46014,0
46035,7
46068,3
46111,0
46235,0
46292,0
46336,9
46350,3
46354,3
46359,6
46366,5
46371,0
46414,2
46418,5
46458,5
46482,6
46515,7
46526,6
46531,5
46539,1
46547,1
46612,5
46622,4
46627,0
46634,3
46656,2
46659,9
46675,5
46684,6
46705,1
46714,9
46750,6
46758,8
46794,8
46809,1
46810,0
46811,6
46846,4
46856,3
46862,5
46881,4
46891,5
46905,0
46924,5
46926,0
46933,1
46935,2
46974,2
46976,4
46982,8
46984,1
47022,1
47040,9
47044,4
47079,0
47093,8
47099,8
47104,5
47128,4
47136,8
47146,5
47165,9
47173,3
47183,8
47267,0
47296,5
47301,5
47338,1
47344,0
47368,4
47400,1
47405,0
47410,4
47461,3
47475,5
47487,7
47508,2
47516,1
47558,4
47571,4
47609,5
47612,2
47616,0
47632,8
47641,5
47650,2
47657,9
47705,6
47721,1
47739,0
47741,5
47759,2
47767,2
47790,1
47798,6
47853,9
47855,0
47857,8
47861,8
47873,5
47896,8
47902,0
47917,0
47924,2
47933,9
47949,5
47970,3
47989,8
48004,5
48022,1
48100,7
48120,4
48133,6
48135,7
48137,3
48139,3
48149,8
48155,8
48161,5
48199,6
48239,6
48257,9
48369,5
48394,8
48398,6
48456,1
48458,1
48472,8
48484,9
48486,4
48487,4
48508,4
48510,1
48523,0
48548,9
48566,9
48567,5
48576,5
48578,0
48589,9
48618,9
48659,5
48666,3
48675,7
48688,8
48731,5
48759,7
48770,3
48807,0
48845,1
48848,1
48851,1
48887,2
48894,9
48913,1
48929,0
48932,3
48935,3
48938,9
48947,0
48963,0
48993,1
49007,9
49025,5
49086,0
49087,1
49095,8
49107,5
49140,5
49152,5
49161,6
49169,4
49177,9
49197,0
49203,5
49241,5
49266,8
49272,9
49319,9
49326,1
49333,9
49352,5
49355,1
49366,8
49410,3
49411,2
49414,8
49426,6
49432,9
49490,5
49493,8
49496,8
49513,4
49515,2
49562,9
49565,9
49591,9
49602,3
49648,3
49649,5
49678,3
49696,9
49714,9
49715,8
49720,0
49741,4
49747,9
49759,5
49760,5
49770,0
49777,4
49781,2
49794,5
49797,5
49798,9
49823,4
49925,9
49945,9
49947,8
49948,3
49952,0
49963,8
50014,4
50141,3
50196,2
50197,0
50228,9
50304,9
50312,3
50319,4
50321,5
50336,3
50381,2
50385,0
50405,4
50416,4
50424,0
50431,3
50474,2
50491,3
50501,1
50505,8
50509,6
50514,8
50537,9
50591,4
50601,5
50613,3
50615,5
50621,1
50649,5
50682,1
50711,8
50778,5
50800,5
50819,4
50826,2
50854,9
50858,4
50953,2
50959,5
50960,3
50979,1
51009,8
51027,5
51055,6
51070,7
51086,5
51092,3
51149,1
51170,4
51180,7
51202,4
51210,0
51225,4
51244,8
51303,0
51331,0
51349,5
51350,4
51361,7
51383,4
51388,3
51445,4
51475,6
51477,7
51479,0
51491,0
51521,9
51524,5
51531,9
51601,8
51618,0
51638,0
51639,5
51645,8
51670,8
51738,2
51741,1
51747,8
51762,5
51768,3
51790,3
51799,3
51842,9
51845,0
51853,4
51874,5
51891,8
51930,9
51945,9
51968,8
51999,0
52035,3
52053,6
52055,9
52078,1
52115,8
52121,5
52133,0
52225,2
52239,9
52252,3
52270,9
52276,0
52279,4
52288,0
52312,0
52322,7
52353,5
52385,3
52386,3
52393,0
52395,1
52413,2
52419,5
52452,5
52458,5
52491,5
52510,9
52545,3
52561,5
52582,2
52583,8
52590,3
52594,7
52609,0
52679,3
52759,6
52803,7
52832,0
52846,9
52857,5
52907,3
52914,5
52925,7
52993,0
53006,8
53028,8
53049,1
53083,3
53109,4
53126,9
53145,4
53156,3
53163,4
53193,5
53219,0
53239,2
53250,9
53263,4
53275,5
53301,1
53332,3
53336,6
53340,2
53372,7
53389,6
53404,0
53405,1
53415,7
53419,3
53440,8
53491,2
53514,3
53524,0
53551,4
53584,3
53591,3
53595,3
53640,8
53642,5
53648,8
53651,8
53691,3
53721,8
53732,5
53738,4
53758,3
53763,7
53822,5
53839,7
53842,1
53846,3
53849,1
53904,1
53922,5
53935,9
53939,1
53946,5
53959,0
53987,3
54000,5
54015,5
54017,4
54026,9
54058,2
54063,5
54082,8
54143,1
54144,9
54151,5
54164,1
54191,3
54225,5
54242,3
54256,7
54257,9
54258,3
54259,1
54293,1
54338,2
54344,8
54377,3
54397,3
54424,2
54576,1
54579,1
54598,5
54600,0
54616,3
54627,9
54664,1
54666,9
54703,0
54704,3
54705,8
54720,1
54786,1
54796,2
54804,0
54860,9
54874,9
54892,3
54906,4
54913,5
54985,0
55013,9
55027,0
55063,9
55081,8
55126,9
55131,9
55151,3
55154,6
55246,0
55249,3
55267,1
55304,2
55347,9
55356,5
55357,8
55369,9
55460,5
55464,9
55484,0
55506,5
55533,6
55618,8
55636,9
55652,9
55653,2
55675,4
55682,0
55714,1
55734,5
55764,8
55771,3
55776,4
55806,0
55830,0
55892,0
55905,5
55907,0
55941,3
55968,8
55986,0
55993,0
56033,5
56054,5
56059,4
56081,1
56108,5
56110,1
56155,5
56168,2
56204,3
56207,3
56216,9
56286,8
56294,7
56296,8
56321,3
56371,5
56376,4
56379,4
56504,3
56529,5
56539,4
56547,5
56609,0
56610,1
56620,4
56622,9
56631,2
56643,2
56653,7
56695,5
56712,5
56714,1
56781,0
56788,9
56801,0
56849,3
56853,4
56899,6
56908,0
56992,7
57000,0
57025,5
57031,8
57033,9
57042,8
57050,9
57054,8
57061,0
57083,7
57117,0
57119,7
57199,3
57202,0
57206,9
57222,1
57223,1
57238,8
57245,2
57247,3
57261,0
57270,2
57275,6
57288,0
57325,7
57348,8
57363,2
57381,1
57392,8
57426,3
57435,0
57461,5
57486,0
57507,0
57556,7
57563,9
57566,5
57580,8
57581,7
57596,8
57601,0
57637,4
57669,2
57676,7
57723,7
57734,3
57747,4
57753,9
57764,6
57779,4
57799,2
57874,9
57880,9
57886,3
57929,1
57938,4
57973,1
57979,1
57985,4
57995,0
58002,0
58028,8
58069,9
58074,0
58140,7
58141,5
58145,5
58154,5
58170,0
58190,5
58242,9
58263,9
58270,5
58274,9
58310,7
58316,0
58327,3
58328,3
58348,9
58359,5
58386,0
58432,4
58446,8
58451,1
58462,0
58479,1
58539,9
58556,8
58584,0
58591,1
58614,7
58615,8
58633,5
58634,4
58647,0
58662,1
58688,5
58705,2
58716,8
58730,4
58735,9
58765,0
58787,8
58816,7
58818,9
58853,3
58889,1
58925,7
58982,0
59001,3
59009,2
59018,8
59020,4
59086,8
59087,4
59095,0
59109,9
59123,8
59129,8
59144,4
59160,5
59361,8
59368,5
59372,0
59376,4
59381,9
59390,2
59400,5
59430,5
59490,3
59543,4
59584,5
59615,0
59648,8
59667,2
59700,4
59701,5
59725,3
59748,9
59760,3
59788,2
59798,3
59804,9
59818,3
59824,2
59867,5
59899,9
59914,3
59932,1
59944,0
59956,5
