18,6
26,4
34,0
47,5
53,4
73,6
106,6
107,3
143,2
189,2
190,2
195,9
204,6
218,6
255,3
262,2
293,0
347,2
369,4
383,9
424,9
431,6
459,3
484,1
547,6
585,4
591,2
608,7
631,9
652,5
674,2
691,1
711,1
716,2
718,4
739,6
759,6
763,9
769,8
774,2
775,5
836,5
849,0
884,7
912,5
915,5
927,0
931,2
965,0
995,7
997,0
1050,4
1058,2
1098,4
1105,8
1146,6
1182,6
1221,9
1222,5
1256,9
1266,6
1306,7
1309,6
1358,6
1408,4
1423,0
1471,0
1494,6
1521,1
1525,7
1538,6
1556,5
1558,2
1563,2
1568,4
1571,0
1574,9
1584,2
1610,9
1639,7
1652,7
1655,7
1664,0
1688,6
1713,8
1720,9
1721,5
1733,9
1771,0
1804,8
1855,9
1859,1
1876,0
1892,6
1899,7
1963,0
1968,9
1985,6
2024,7
2041,9
2074,3
2091,5
2158,6
2169,4
2173,7
2187,7
2195,0
2196,6
2205,2
2216,9
2283,2
2288,2
2307,1
2327,0
2376,7
2381,7
2404,0
2435,0
2441,4
2447,7
2451,4
2457,2
2492,7
2517,2
2524,3
2536,3
2552,1
2559,9
2647,4
2649,9
2691,7
2702,9
2720,3
2723,6
2733,2
2748,2
2754,7
2791,1
2800,4
2824,2
2839,0
2900,5
2909,7
2981,3
2984,7
3039,4
3067,0
3079,7
3102,2
3149,1
3160,0
3186,9
3292,9
3300,2
3302,9
3303,9
3324,7
3326,5
3340,4
3373,1
3409,0
3412,1
3414,9
3439,4
3473,1
3518,7
3551,1
3556,7
3593,1
3595,5
3642,2
3676,2
3693,0
3700,6
3718,7
3756,3
3774,6
3781,9
3809,0
3815,3
3823,7
3833,2
3834,9
3844,3
3891,8
3897,1
3898,1
3914,7
3930,2
3981,2
3989,2
4051,2
4055,4
4056,9
4090,6
4115,0
4117,9
4153,2
4158,9
4159,0
4202,1
4203,0
4212,2
4218,0
4221,6
4232,6
4274,4
4315,9
4317,7
4398,2
4444,0
4451,2
4459,9
4469,2
4470,1
4509,2
4534,1
4538,4
4541,2
4546,6
4550,2
4564,4
4568,9
4576,2
4599,2
4602,1
4610,2
4627,9
4666,5
4688,0
4698,8
4700,8
4718,0
4788,9
4832,7
4856,2
4888,7
4921,5
4928,7
4986,2
4996,3
5014,7
5043,8
5136,9
5190,3
5197,7
5198,4
5204,1
5227,2
5241,2
5253,7
5301,1
5315,3
5347,7
5393,0
5428,1
5446,7
5473,7
5488,0
5508,2
5509,2
5523,9
5549,4
5560,0
5568,7
5596,7
5600,6
5602,2
5603,5
5659,2
5684,6
5724,2
5725,8
5768,7
5815,2
5825,7
5874,9
5888,0
5903,1
5920,6
5949,8
5968,7
5969,4
5985,2
5998,6
6050,7
6073,9
6079,2
6087,7
6100,9
6112,5
6132,7
6142,1
6145,9
6161,2
6175,3
6211,2
6238,9
6274,5
6286,3
6294,9
6311,1
6368,9
6407,5
6414,2
6451,5
6489,3
6499,1
6625,9
6648,0
6666,7
6676,0
6679,9
6719,3
6723,0
6764,2
6766,3
6768,0
6830,5
6831,8
6837,6
6838,9
6846,2
6869,6
6880,1
6881,7
6885,1
6911,7
6956,7
6983,5
6993,9
7008,6
7025,0
7037,0
7057,1
7072,2
7119,1
7155,9
7159,5
7169,1
7183,0
7196,2
7262,2
7292,2
7299,4
7313,2
7314,7
7322,3
7326,2
7351,5
7398,6
7486,2
7487,4
7509,7
7511,9
7549,6
7567,2
7589,0
7619,2
7626,3
7653,2
7676,9
7678,3
7690,9
7692,3
7727,9
7732,2
7772,2
7828,1
7830,0
7833,5
7858,0
7865,5
7900,5
7911,0
7943,7
7960,2
7997,6
7998,5
8012,3
8023,5
8026,4
8038,7
8065,3
8076,6
8090,7
8095,1
8103,5
8111,9
8139,8
8153,6
8161,1
8194,1
8216,9
8253,0
8263,5
8270,4
8276,9
8356,9
8363,9
8373,1
8374,2
8383,1
8403,2
8419,5
8478,6
8480,2
8481,6
8493,2
8510,9
8525,9
8569,5
8608,9
8668,5
8696,4
8700,3
8704,1
8722,8
8724,0
8731,5
8762,3
8781,1
8783,7
8784,2
8851,9
8876,5
8927,5
8943,4
8956,4
8958,3
9000,6
9034,0
9055,0
9056,0
9059,3
9067,0
9090,6
9118,9
9119,9
9128,9
9129,9
9157,7
9166,0
9206,6
9216,4
9231,2
9283,7
9309,8
9346,9
9363,3
9367,5
9378,1
9391,4
9406,0
9429,7
9455,0
9461,4
9471,2
9477,2
9513,4
9575,2
9629,6
9681,7
9717,0
9722,2
9724,7
9729,9
9747,7
9777,2
9781,4
9869,0
9884,1
9886,7
9888,7
9927,7
9964,2
9994,0
10006,1
10038,9
10089,6
10090,2
10106,2
10109,9
10121,0
10124,8
10144,3
10178,7
10183,9
10191,4
10216,4
10224,6
10232,9
10235,9
10253,7
10277,5
10321,2
10347,2
10364,1
10383,6
10389,3
10391,4
10392,7
10403,2
10412,5
10419,6
10442,6
10477,2
10482,8
10497,2
10577,9
10598,5
10602,1
10635,3
10666,3
10670,4
10676,3
10687,2
10727,7
10750,0
10757,3
10771,8
10772,9
10781,0
10928,4
10975,0
11060,0
11106,2
11107,1
11116,0
11117,6
11146,8
11163,2
11166,7
11236,1
11269,0
11310,5
11340,0
11372,7
11426,7
11470,5
11496,4
11499,9
11519,2
11524,3
11533,1
11550,9
11589,6
11650,7
11655,2
11657,0
11667,2
11669,9
11692,4
11762,9
11791,0
11792,0
11843,8
11848,0
11874,3
11882,5
11887,0
11897,9
11939,1
11953,4
11994,7
12001,4
12004,0
12023,6
12027,8
12041,1
12047,6
12053,2
12077,4
12105,4
12122,4
12150,0
12152,3
12155,6
12173,8
12202,9
12262,6
12277,9
12327,4
12346,3
12349,3
12351,0
12359,6
12395,7
12425,9
12430,3
12442,9
12563,9
12585,2
12605,0
12606,6
12646,9
12674,9
12689,5
12750,3
12783,3
12825,9
12844,2
12860,2
12871,2
12878,1
12894,9
12911,2
12914,9
12926,0
12959,6
12966,4
12993,7
13007,1
13016,8
13022,2
13029,0
13032,9
13035,6
13044,0
13066,0
13074,0
13096,9
13098,0
13104,4
13126,0
13163,4
13188,7
13233,0
13251,4
13269,9
13282,6
13292,7
13299,2
13341,8
13347,0
13483,0
13520,4
13529,7
13537,1
13547,0
13559,8
13581,1
13589,0
13639,8
13659,5
13684,7
13694,2
13717,9
13754,7
13779,0
13804,2
13811,5
13819,7
13863,5
13865,6
13879,3
13900,7
13910,2
13962,0
13975,7
14007,2
14034,0
14063,2
14072,6
14085,5
14099,3
14101,6
14133,1
14174,2
14179,0
14199,5
14244,2
14257,4
14259,4
14268,1
14283,3
14285,4
14291,0
14295,2
14313,7
14320,3
14324,9
14356,0
14358,9
14407,9
14412,0
14432,4
14439,7
14449,4
14460,7
14484,2
14485,5
14505,7
14516,1
14536,7
14547,9
14566,3
14601,7
14624,3
14649,0
14651,1
14745,8
14817,0
14820,0
14827,9
14835,2
14863,3
14881,2
14886,9
14890,0
14897,0
14900,1
14951,5
14985,9
15007,3
15013,2
15017,0
15023,4
15027,4
15111,4
15119,0
15150,0
15153,2
15158,8
15160,0
15162,9
15191,0
15194,9
15261,3
15271,1
15312,9
15320,6
15348,6
15350,3
15387,9
15394,4
15398,5
15404,6
15412,3
15415,5
15423,1
15435,1
15466,2
15469,7
15476,2
15499,7
15510,2
15547,3
15550,1
15561,1
15583,0
15592,9
15655,5
15659,9
15666,9
15674,6
15686,4
15693,9
15707,8
15728,9
15741,9
15770,0
15779,0
15824,7
15837,9
15846,2
15873,5
15892,5
15899,9
15908,6
15910,0
15934,0
15942,4
15961,6
15971,0
16060,2
16074,3
16122,0
16127,4
16160,6
16175,9
16196,2
16216,4
16226,7
16231,8
16233,1
16235,2
16236,1
16239,3
16291,3
16297,6
16309,2
16355,0
16363,0
16380,5
16393,5
16399,4
16431,4
16500,8
16512,3
16524,7
16528,7
16541,9
16546,1
16615,7
16618,0
16621,9
16622,9
16633,5
16638,2
16717,7
16734,9
16752,8
16756,7
16775,9
16794,2
16817,0
16825,3
16830,6
16839,9
16858,2
16887,1
16898,6
16907,1
16918,9
16928,0
16933,6
16956,5
16961,0
16989,2
16991,1
17004,6
17011,6
17013,8
17017,7
17034,6
17068,7
17089,2
17159,5
17166,9
17168,6
17175,3
17236,0
17255,3
17262,1
17264,5
17295,3
17334,0
17358,8
17400,5
17424,7
17428,4
17464,2
17479,0
17485,0
17517,9
17541,1
17577,4
17580,3
17582,3
17591,9
17630,7
17671,9
17692,9
17696,7
17718,7
17723,9
17746,4
17750,1
17801,4
17802,1
17840,2
17848,9
17849,7
17858,9
17866,7
17867,6
17938,1
17995,2
17998,6
17999,8
18003,2
18009,9
18023,6
18036,2
18039,3
18061,3
18069,3
18089,8
18106,9
18132,0
18147,2
18157,5
18171,0
18189,5
18201,2
18232,0
18247,0
18253,0
18260,2
18266,1
18274,3
18322,7
18371,0
18382,9
18385,4
18401,9
18435,2
18451,1
18474,1
18479,7
18498,7
18507,0
18528,3
18597,7
18609,7
18645,0
18691,7
18724,4
18769,5
18784,7
18786,9
18859,9
18861,9
18866,4
18873,7
18886,1
18896,0
18928,9
18955,3
18961,4
18975,3
18996,9
19002,6
19003,7
19006,0
19010,1
19013,2
19040,6
19044,4
19065,8
19066,6
19073,7
19085,9
19090,1
19115,2
19129,2
19152,2
19166,0
19232,2
19236,5
19254,9
19255,9
19270,7
19282,1
19305,1
19315,9
19320,9
19324,2
19341,7
19369,0
19381,1
19403,9
19468,2
19477,9
19522,4
19523,6
19530,6
19538,8
19539,9
19543,0
19546,9
19550,0
19575,3
19578,5
19617,6
19631,3
19648,7
19693,2
19696,9
19750,2
19759,5
19804,1
19811,0
19884,1
19899,0
19927,6
19934,9
19989,7
19998,4
20028,2
20029,2
20083,1
20088,0
20109,5
20113,6
20123,0
20138,9
20207,9
20283,0
20295,7
20298,1
20310,7
20344,3
20362,3
20368,4
20392,0
20398,7
20434,9
20443,1
20448,2
20513,9
20523,6
20536,1
20543,6
20558,7
20654,1
20662,0
20684,9
20690,8
20700,9
20718,5
20733,6
20735,9
20739,2
20750,9
20767,9
20785,8
20825,9
20830,9
20856,7
20878,5
20922,5
20924,4
20965,3
20970,2
20992,2
21008,6
21029,0
21049,0
21059,5
21077,4
21087,9
21091,9
21092,3
21142,0
21145,9
21148,7
21158,9
21179,3
21191,0
21236,7
21289,5
21304,4
21330,2
21337,6
21372,0
21423,9
21425,2
21426,6
21436,2
21452,6
21456,7
21495,9
21497,0
21533,0
21597,2
21616,9
21641,7
21683,2
21722,2
21725,7
21738,4
21753,6
21759,0
21765,1
21773,2
21774,9
21779,5
21792,4
21841,7
21909,0
21949,7
21960,0
21980,3
22037,7
22046,0
22056,2
22100,2
22102,5
22126,3
22127,9
22169,2
22195,9
22243,9
22249,2
22257,6
22300,7
22324,8
22411,2
22437,9
22450,9
22556,5
22576,9
22580,4
22594,2
22601,0
22620,2
22626,7
22631,3
22657,0
22669,0
22677,4
22681,6
22694,4
22706,0
22735,1
22758,6
22769,2
22793,2
22831,1
22834,6
22875,9
22891,7
22933,4
22971,7
22979,5
22998,2
23014,4
23018,2
23030,1
23038,2
23073,6
23074,7
23099,2
23111,9
23146,5
23154,0
23155,7
23177,2
23191,5
23215,8
23234,9
23237,5
23244,6
23251,6
23313,2
23333,1
23335,2
23336,5
23355,2
23360,7
23361,5
23395,0
23406,4
23435,4
23443,7
23451,7
23481,2
23503,2
23514,5
23555,9
23581,3
23624,9
23652,2
23679,0
23691,2
23698,7
23725,5
23726,7
23791,9
23857,1
23878,4
23912,5
23936,4
23943,0
23950,9
23963,6
23995,2
24001,5
24008,7
24040,7
24052,4
24063,3
24075,0
24095,3
24131,7
24192,4
24198,2
24248,3
24263,9
24264,3
24304,6
24314,7
24319,9
24325,7
24362,7
24363,6
24366,1
24379,9
24380,6
24399,0
24470,1
24476,0
24478,9
24493,4
24501,3
24524,3
24541,0
24557,2
24571,7
24594,9
24605,0
24608,5
24630,5
24634,1
24643,9
24674,2
24692,7
24698,0
24699,7
24716,5
24718,5
24821,9
24832,6
24841,2
24844,2
24862,2
24902,9
24947,9
24949,9
24977,4
25007,3
25020,2
25033,3
25039,0
25065,0
25072,8
25096,5
25175,4
25192,5
25211,7
25219,6
25257,3
25260,4
25277,9
25303,9
25308,7
25315,5
25368,6
25376,9
25388,8
25389,0
25399,0
25412,2
25439,7
25461,0
25554,7
25568,8
25637,9
25644,4
25651,1
25691,2
25694,0
25701,0
25793,5
25817,7
25845,4
25856,4
25892,0
25927,2
25945,1
25991,2
26000,4
26006,2
26014,3
26031,2
26067,4
26101,6
26109,4
26139,0
26149,3
26179,9
26183,0
26189,7
26221,2
26232,7
26233,9
26254,9
26282,9
26288,4
26328,5
26334,4
26340,2
26352,4
26414,8
26417,7
26431,2
26462,9
26463,3
26505,3
26519,8
26522,2
26577,2
26584,6
26620,0
26623,0
26624,2
26625,3
26650,6
26653,4
26665,0
26667,1
26697,6
26712,0
26730,9
26733,2
26754,6
26755,7
26768,6
26769,4
26821,2
26861,9
26863,2
26877,9
26883,2
26937,0
26938,6
26967,7
27011,1
27020,1
27062,5
27095,3
27120,2
27132,3
27139,5
27145,0
27150,2
27171,2
27211,3
27215,2
27265,7
27283,0
27286,8
27334,9
27368,9
27370,9
27397,9
27417,5
27422,5
27423,3
27429,0
27446,0
27456,2
27479,9
27514,4
27525,2
27544,0
27548,2
27564,1
27566,9
27581,9
27598,2
27688,9
27694,4
27696,2
27711,5
27712,0
27731,9
27738,4
27795,3
27797,2
27803,3
27812,6
27819,8
27831,1
27834,2
27874,2
27876,9
27894,0
27962,6
27975,5
27981,6
27989,2
28011,7
28063,1
28064,7
28067,2
28076,0
28081,4
28093,8
28113,9
28135,2
28185,2
28210,2
28221,0
28239,9
28265,3
28274,0
28291,1
28324,2
28335,2
28368,9
28369,2
28388,2
28403,0
28407,2
28410,5
28412,0
28427,0
28457,0
28462,4
28463,9
28477,5
28485,3
28487,4
28491,5
28531,1
28538,9
28546,0
28569,1
28575,7
28636,9
28670,7
28697,7
28698,6
28704,6
28707,3
28726,8
28755,0
28794,1
28885,7
28886,5
28887,8
28932,2
28961,1
28982,7
28998,2
29032,7
29056,0
29074,0
29096,6
29099,7
29137,9
29147,6
29175,2
29176,2
29195,9
29218,4
29240,2
29257,7
29265,1
29283,0
29291,4
29308,5
29372,4
29376,7
29380,6
29394,0
29400,9
29440,7
29481,2
29490,0
29491,7
29517,1
29536,9
29541,0
29607,7
29660,9
29693,9
29697,1
29717,2
29734,2
29739,4
29743,9
29869,0
29878,9
29895,0
29897,1
29912,5
29934,0
29942,4
29947,9
29949,1
29962,3
29973,9
29978,9
29987,6
30003,9
30018,7
30022,9
30068,1
30071,0
30099,9
30107,2
30119,0
30165,7
30191,2
30223,0
30238,1
30240,0
30250,7
30309,2
30320,0
30358,9
30424,0
30466,6
30486,1
30544,5
30562,9
30569,2
30578,0
30600,2
30629,9
30636,9
30642,3
30662,3
30681,3
30682,4
30701,9
30723,7
30758,9
30759,7
30793,3
30807,0
30814,9
30815,4
30832,2
30834,9
30854,1
30864,5
30907,3
30922,9
30935,7
30949,3
30966,1
30989,6
31020,0
31027,9
31034,8
31046,6
31068,2
31082,0
31099,5
31108,3
31115,9
31128,9
31148,2
31156,7
31163,4
31164,4
31189,7
31215,9
31268,6
31287,5
31337,9
31378,4
31389,0
31430,0
31431,3
31464,6
31473,5
31482,3
31496,5
31523,7
31529,1
31545,5
31548,3
31566,9
31582,3
31608,2
31645,6
31665,2
31682,5
31689,1
31693,9
31708,6
31716,0
31718,1
31763,5
31783,9
31806,6
31840,9
31844,7
31855,0
31857,0
31884,2
31887,1
31902,7
31905,2
31908,1
31923,9
31929,5
31943,0
31970,2
32004,7
32016,9
32057,2
32123,9
32164,4
32190,7
32194,3
32196,9
32201,9
32246,1
32263,2
32306,1
32324,5
32374,9
32400,8
32402,6
32416,7
32425,4
32427,0
32449,1
32474,1
32482,1
32504,9
32541,0
32568,0
32620,7
32645,7
32664,3
32711,5
32713,9
32748,5
32755,5
32776,4
32785,0
32788,5
32792,2
32798,4
32802,4
32810,0
32811,3
32848,9
32852,1
32860,9
32867,0
32872,2
32879,1
32884,8
32886,1
32898,9
32907,8
32938,6
32953,0
32984,3
33007,2
33033,5
33048,1
33065,2
33066,0
33119,4
33127,4
33129,9
33165,4
33183,1
33186,3
33217,6
33275,9
33310,1
33333,2
33380,9
33402,9
33413,2
33422,9
33556,1
33611,8
33671,4
33688,2
33737,7
33747,4
33751,6
33779,6
33786,3
33809,7
33814,6
33824,4
33830,7
33832,2
33850,1
33941,2
33951,2
33983,0
33996,7
33999,9
34039,5
34052,9
34060,6
34088,7
34100,6
34101,4
34112,5
34131,2
34174,6
34176,9
34204,3
34258,9
34283,0
34290,4
34301,9
34317,7
34359,1
34379,4
34387,3
34441,2
34516,7
34532,2
34545,4
34558,2
34561,5
34573,2
34578,6
34644,3
34659,3
34665,9
34726,2
34727,5
34760,5
34787,8
34843,5
34855,4
34865,9
34879,6
34885,9
34886,9
34891,2
34900,8
34938,1
34943,0
34953,4
34967,3
34996,5
35079,6
35157,0
35163,1
35204,6
35266,1
35293,4
35305,6
35313,1
35318,6
35341,9
35348,0
35444,9
35446,7
35469,7
35492,2
35522,3
35529,2
35536,0
35541,8
35588,6
35616,6
35634,0
35642,1
35645,7
35648,7
35650,5
35676,9
35759,4
35770,2
35789,9
35802,2
35816,0
35822,4
35835,2
35877,9
35882,2
35923,0
35974,2
35991,9
35992,2
36049,6
36100,2
36103,3
36112,2
36123,2
36203,9
36236,5
36242,3
36257,1
36350,4
36366,5
36369,9
36370,9
36373,1
36382,1
36383,6
36413,8
36423,2
36431,0
36444,6
36462,2
36466,4
36474,9
36482,5
36485,2
36505,2
36508,5
36538,9
36567,9
36586,0
36613,7
36616,6
36621,0
36629,9
36636,6
36699,6
36701,6
36705,3
36720,9
36744,1
36773,4
36786,1
36824,0
36846,2
36879,2
36978,2
37031,5
37034,7
37043,0
37057,7
37072,5
37128,4
37158,0
37162,9
37179,1
37183,0
37244,3
37270,5
37288,7
37290,1
37318,9
37366,4
37429,4
37430,9
37432,0
37440,2
37442,6
37445,6
37491,2
37545,2
37565,1
37570,2
37579,1
37593,9
37596,7
37638,2
37643,3
37651,9
37664,9
37673,7
37678,0
37732,1
37737,9
37740,5
37743,2
37762,7
37784,7
37865,5
37866,9
37867,9
37873,9
37877,9
37878,7
37904,2
37909,8
37943,3
37957,2
38005,9
38011,4
38015,7
38029,1
38033,2
38034,7
38040,2
38056,1
38061,2
38139,0
38143,2
38255,7
38261,2
38275,2
38290,6
38311,1
38312,9
38323,4
38342,6
38343,4
38350,7
38356,2
38366,2
38368,3
38371,6
38389,7
38394,6
38404,0
38407,4
38444,6
38477,5
38484,0
38487,1
38489,8
38502,7
38511,6
38519,9
38525,1
38533,5
38537,7
38549,3
38560,2
38591,1
38599,0
38708,5
38716,4
38738,7
38747,9
38795,9
38806,1
38848,5
38850,0
38860,1
38869,7
38876,6
38892,3
38893,0
38925,6
38927,3
38947,9
38985,1
39004,6
39008,2
39034,9
39035,8
39038,7
39061,3
39086,6
39092,8
39145,2
39148,9
39165,6
39173,1
39207,0
39235,3
39289,7
39333,9
39399,7
39401,7
39426,7
39428,9
39449,7
39459,7
39461,3
39467,2
39474,0
39476,2
39487,2
39537,9
39571,9
39594,1
39600,0
39626,6
39640,9
39685,0
39687,7
39688,2
39712,7
39750,9
39768,3
39784,7
39790,2
39792,6
39802,9
39825,6
39847,7
39857,1
39881,5
39890,0
39941,3
40029,7
40030,4
40042,0
40066,4
40096,2
40128,9
40155,2
40202,3
40207,5
40212,2
40227,5
40228,0
40237,0
40244,6
40292,9
40306,8
40311,7
40322,0
40325,9
40344,7
40356,6
40359,1
40386,7
40405,2
40459,1
40566,2
40573,4
40580,2
40608,9
40642,6
40663,7
40691,3
40722,3
40723,4
40730,7
40763,3
40797,0
40812,2
40833,0
40836,3
40839,9
40859,0
40883,3
40890,9
40895,0
40905,5
40911,7
40917,6
40950,4
40979,6
40994,9
41073,1
41102,9
41123,3
41143,3
41164,7
41174,7
41191,0
41197,2
41223,5
41230,5
41236,7
41255,2
41259,0
41292,2
41297,7
41299,3
41307,4
41323,6
41342,4
41367,7
41376,0
41380,6
41384,0
41388,0
41430,6
41453,3
41456,4
41536,1
41546,6
41549,7
41550,8
41575,8
41646,0
41665,9
41681,9
41813,9
41815,5
41825,4
41826,1
41878,2
41911,2
41914,1
41960,3
41984,2
41986,1
42009,8
42020,9
42035,9
42106,9
42122,5
42146,7
42170,0
42197,1
42223,2
42225,6
42245,0
42262,0
42273,2
42289,9
42323,2
42327,2
42341,2
42342,0
42354,7
42356,9
42360,9
42376,9
42385,9
42393,1
42401,1
42431,5
42448,0
42452,6
42457,9
42459,9
42474,2
42497,9
42516,9
42526,3
42577,9
42578,1
42592,7
42633,2
42685,6
42686,2
42718,9
42725,7
42728,9
42750,4
42765,1
42778,8
42792,2
42802,9
42806,1
42836,5
42845,9
42851,9
42884,9
42911,1
42912,6
42914,3
42976,7
42999,1
43028,9
43031,3
43034,9
43037,9
43053,1
43071,1
43082,7
43115,6
43151,1
43176,2
43187,7
43193,9
43200,3
43202,7
43254,2
43269,1
43294,2
43316,1
43331,2
43356,7
43369,1
43479,2
43508,5
43536,0
43547,2
43587,5
43590,2
43592,6
43631,0
43634,4
43660,9
43685,0
43692,8
43710,7
43744,6
43752,6
43762,3
43777,9
43783,3
43784,1
43792,9
43827,0
43912,7
43963,0
43983,4
43988,2
44015,7
44022,9
44075,9
44081,9
44084,9
44126,1
44154,9
44186,2
44211,3
44234,9
44244,9
44246,7
44266,0
44278,0
44304,2
44330,6
44331,6
44360,8
44364,2
44392,7
44435,3
44474,0
44496,4
44533,6
44538,7
44541,2
44545,3
44569,1
44580,3
44583,0
44617,6
44645,9
44665,5
44718,2
44727,2
44743,0
44746,9
44747,2
44748,8
44769,9
44786,1
44794,2
44845,5
44874,8
44893,0
44898,2
44973,9
44993,2
45040,7
45044,9
45059,7
45073,2
45114,7
45154,6
45160,5
45163,9
45178,9
45183,9
45216,2
45220,1
45227,9
45234,4
45241,6
45272,3
45282,5
45283,2
45311,8
45329,7
45359,0
45369,9
45402,0
45418,0
45422,0
45426,0
45428,7
45431,9
45437,1
45470,5
45505,2
45512,5
45558,6
45561,2
45588,1
45615,7
45649,8
45700,9
45761,4
45779,2
45841,9
45854,3
45888,9
45906,2
45911,3
45932,2
45940,3
45957,2
45977,2
45979,3
45997,0
46003,6
46011,2
46041,0
46056,2
46071,9
46092,2
46113,1
46149,5
46161,9
46169,5
46176,9
46221,3
46238,9
46253,7
46280,3
46293,2
46321,7
46331,5
46337,8
46338,8
46343,2
46365,5
46371,0
46411,6
46416,1
46468,1
46469,5
46493,7
46494,0
46514,7
46569,9
46572,9
46577,4
46591,2
46624,4
46655,9
46693,5
46702,3
46762,9
46783,2
46796,0
46812,0
46830,2
46854,3
46863,2
46869,6
46911,3
46918,3
46941,5
46948,5
46951,2
46955,4
46966,2
46990,5
47005,0
47012,2
47039,5
47051,8
47067,7
47073,0
47087,0
47101,2
47113,2
47124,0
47134,9
47137,7
47153,1
47184,7
47235,2
47270,2
47281,5
47284,5
47340,1
47348,5
47384,1
47403,9
47411,3
47491,4
47534,2
47555,0
47564,6
47573,2
47592,3
47619,0
47631,6
47640,7
47667,2
47685,2
47697,1
47710,2
47718,5
47740,0
47746,3
47766,9
47806,7
47819,2
47827,6
47849,7
47858,5
47861,8
47870,9
47897,9
47898,7
47910,1
47912,2
47968,5
47997,0
48026,0
48068,4
48072,9
48077,9
48095,7
48105,7
48135,7
48142,0
48148,9
48159,9
48224,9
48225,9
48241,7
48248,2
48258,3
48259,7
48284,0
48299,0
48304,9
48333,7
48334,2
48357,4
48364,0
48373,4
48415,3
48427,6
48448,4
48476,2
48497,2
48564,5
48569,9
48615,5
48640,2
48676,0
48680,5
48715,0
48726,8
48775,9
48790,0
48817,3
48821,6
48827,6
48830,0
48842,8
48864,6
48904,3
48905,5
48945,6
48948,7
48951,2
48952,7
48962,4
48970,4
48975,2
48982,2
48986,2
49003,9
49023,5
49065,0
49071,7
49098,2
49132,5
49160,2
49163,9
49180,7
49181,2
49226,9
49245,1
49246,1
49257,7
49287,3
49288,3
49298,9
49307,3
49319,9
49372,7
49375,5
49436,6
49452,2
49495,9
49524,6
49526,6
49528,0
49531,7
49554,7
49570,3
49577,6
49586,3
49614,2
49625,2
49633,6
49683,4
49866,7
49960,6
49961,1
49974,0
50038,7
50042,0
50062,1
50064,7
50079,9
50098,6
50120,1
50121,7
50132,6
50154,4
50156,0
50168,6
50190,1
50238,8
50247,2
50249,1
50264,1
50312,3
50313,1
50322,5
50330,3
50360,7
50392,7
50437,1
50492,0
50503,6
50519,9
50528,9
50542,0
50544,9
50545,3
50562,9
50566,0
50568,2
50618,6
50628,0
50640,2
50650,5
50659,9
50683,3
50700,2
50705,2
50720,2
50729,0
50732,7
50733,2
50744,2
50755,3
50760,7
50769,0
50808,0
50828,0
50840,2
50843,6
50848,5
50896,9
50928,1
50966,2
50987,2
50999,7
51002,0
51017,0
51032,9
51035,1
51075,6
51088,7
51093,9
51099,9
51129,1
51131,2
51141,7
51170,4
51171,2
51197,1
51212,2
51242,8
51290,0
51298,5
51331,0
51344,7
51349,5
51357,2
51366,5
51386,6
51398,2
51402,6
51419,2
51462,3
51482,4
51503,5
51525,6
51572,5
51576,8
51581,9
51594,1
51612,8
51638,0
51644,9
51646,5
51653,2
51654,9
51658,2
51667,9
51687,6
51707,7
51719,2
51738,2
51759,3
51824,0
51863,9
51870,2
51875,5
51878,8
51919,9
51976,2
51981,9
52001,2
52017,9
52025,2
52030,9
52053,6
52061,9
52088,1
52126,0
52148,9
52169,2
52184,9
52220,1
52262,1
52267,4
52269,3
52271,2
52312,0
52319,2
52323,0
52342,1
52355,9
52368,1
52378,3
52397,0
52405,7
52417,4
52422,2
52437,4
52449,0
52470,0
52477,7
52491,5
52520,0
52547,2
52553,9
52555,9
52562,1
52578,6
52586,1
52643,2
52644,7
52679,3
52695,2
52712,9
52731,1
52735,7
52736,7
52768,6
52827,9
52897,6
52965,1
53042,3
53050,5
53096,5
53141,4
53145,4
53152,5
53195,0
53209,3
53212,0
53230,6
53241,3
53245,2
53253,7
53264,2
53282,3
53312,8
53326,1
53332,3
53343,2
53348,1
53361,1
53374,3
53387,0
53390,2
53458,4
53571,2
53580,8
53599,1
53601,7
53625,6
53650,2
53672,8
53762,2
53801,9
53810,9
53824,1
53850,4
53886,7
53887,1
53910,2
53935,9
53941,2
53944,7
53952,8
53964,9
54005,1
54010,0
54039,9
54049,6
54067,6
54101,0
54162,8
54231,8
54260,5
54290,0
54292,2
54296,3
54303,0
54316,6
54327,8
54378,7
54389,9
54392,0
54420,6
54426,7
54474,0
54485,1
54504,9
54506,1
54520,9
54584,9
54601,9
54633,2
54647,9
54685,0
54687,9
54688,7
54690,0
54709,2
54723,5
54765,2
54790,2
54821,8
54832,0
54834,2
54844,0
54854,2
54860,9
54902,5
54957,7
54989,9
55000,1
55011,2
55033,2
55037,4
55052,7
55087,4
55093,3
55095,0
55097,9
55105,0
55109,4
55111,6
55112,6
55137,2
55140,1
55142,1
55149,2
55172,2
55177,0
55179,3
55183,2
55189,7
55193,2
55243,9
55247,9
55289,6
55322,5
55329,7
55339,4
55365,7
55369,9
55371,1
55475,6
55515,6
55541,0
55545,2
55554,5
55556,0
55564,4
55575,4
55592,3
55612,9
55625,2
55642,9
55663,0
55668,7
55685,5
55701,9
55731,6
55736,4
55741,8
55752,0
55770,6
55802,7
55810,4
55818,5
55831,3
55835,9
55847,9
55849,9
55872,4
55921,9
55944,4
55948,4
56023,0
56054,5
56083,2
56096,7
56117,1
56118,9
56144,6
56157,9
56213,2
56312,2
56327,5
56332,0
56356,7
56408,9
56410,7
56418,7
56422,4
56436,0
56448,3
56472,7
56475,3
56476,5
56486,9
56499,5
56507,9
56511,1
56553,2
56564,4
56569,2
56575,1
56582,6
56639,0
56653,7
56669,5
56690,9
56760,9
56765,5
56785,2
56786,5
56790,6
56799,4
56805,6
56840,6
56844,7
56880,7
56904,6
56905,9
56931,7
56992,7
57027,0
57073,0
57094,1
57096,2
57113,2
57128,5
57145,9
57151,2
57185,2
57199,3
57209,4
57231,5
57234,5
57250,1
57258,9
57303,1
57323,7
57328,4
57333,9
57368,4
57397,0
57406,9
57449,9
57478,2
57533,3
57543,0
57554,6
57620,2
57629,0
57681,9
57734,3
57747,4
57784,0
57804,3
57806,3
57858,7
57874,9
57891,6
57902,5
57906,1
57907,0
57924,0
57928,2
57962,0
57973,1
58026,2
58051,1
58055,6
58059,9
58060,2
58086,3
58104,2
58154,5
58160,0
58170,0
58239,8
58241,2
58251,6
58273,8
58432,4
58439,5
58488,6
58500,0
58511,1
58526,7
58544,3
58554,6
58568,2
58571,7
58584,0
58585,2
58594,0
58631,7
58637,9
58640,3
58647,0
58671,7
58687,7
58696,9
58706,5
58711,3
58725,7
58753,5
58774,3
58797,4
58885,7
58890,7
58897,0
58898,9
58921,9
58927,9
58945,2
58978,9
58985,1
58989,5
58992,4
58994,4
59004,2
59047,4
59071,1
59087,4
59127,9
59131,9
59135,9
59152,2
59179,4
59199,1
59229,3
59233,1
59258,9
59296,0
59322,3
59344,9
59347,6
59348,7
59371,9
59404,9
59405,7
59439,0
59452,0
59457,0
59490,3
59500,3
59567,6
59573,9
59579,2
59583,6
59627,8
59628,2
59659,0
59661,7
59680,0
59706,2
59746,7
59753,4
59770,6
59771,9
59786,0
59824,2
59855,2
59919,1
59930,3
59934,0
59939,9
59974,2
59976,6
