14,1
41,8
52,7
58,4
60,4
64,4
104,1
111,3
113,1
126,6
129,6
131,4
152,1
154,9
168,7
201,1
209,0
225,8
234,0
251,1
282,9
291,3
315,1
343,8
357,1
382,1
388,6
395,6
397,1
406,1
458,0
462,0
464,0
510,1
539,8
553,1
559,8
569,4
604,1
618,1
623,6
649,6
706,4
734,8
754,4
774,2
776,0
812,9
826,9
839,7
841,6
848,4
864,9
910,6
913,8
923,8
963,8
969,7
976,8
982,1
983,3
996,6
1052,1
1091,6
1160,4
1163,4
1168,0
1194,9
1225,7
1243,1
1253,4
1274,9
1275,4
1278,5
1309,6
1359,0
1372,0
1384,8
1389,6
1394,1
1396,9
1445,1
1454,0
1468,5
1479,0
1494,6
1503,6
1517,0
1536,6
1547,7
1574,9
1627,1
1641,8
1643,9
1654,1
1683,9
1701,0
1733,9
1773,8
1783,8
1820,9
1831,1
1847,5
1855,9
1857,0
1866,6
1903,9
1907,0
1936,1
1942,1
2006,9
2011,3
2036,4
2039,1
2040,1
2065,2
2082,0
2084,0
2112,0
2126,6
2155,8
2160,0
2170,8
2190,4
2224,4
2291,6
2325,0
2334,4
2356,1
2398,9
2401,5
2415,1
2419,1
2452,4
2484,4
2497,1
2552,1
2557,0
2578,4
2589,4
2591,7
2596,4
2604,1
2640,9
2645,1
2650,7
2708,1
2723,6
2740,3
2764,9
2806,0
2815,9
2841,8
2855,2
2914,0
2924,9
2971,8
2975,0
2982,7
2994,1
3011,8
3014,8
3015,0
3091,4
3144,8
3159,3
3249,7
3265,9
3268,6
3273,8
3278,4
3292,9
3302,9
3306,1
3311,9
3331,1
3421,6
3445,6
3456,1
3461,0
3489,8
3503,4
3512,8
3551,1
3559,6
3598,9
3629,6
3630,8
3662,9
3690,8
3755,1
3816,8
3820,6
3872,8
3875,5
3884,0
3898,1
3910,6
3926,1
3928,8
3970,9
4025,9
4040,8
4045,9
4065,9
4090,6
4112,6
4115,0
4129,1
4139,8
4145,0
4156,3
4172,4
4213,8
4232,6
4253,8
4265,0
4272,8
4277,9
4289,0
4292,4
4308,8
4343,0
4360,6
4391,8
4405,1
4435,1
4444,0
4488,0
4497,6
4503,9
4524,1
4526,6
4544,9
4582,8
4588,0
4594,9
4634,8
4637,8
4654,1
4663,9
4669,8
4671,9
4702,6
4763,1
4800,6
4812,4
4825,8
4909,8
4922,6
4948,5
4952,4
4983,9
4992,8
5005,8
5008,9
5010,0
5029,8
5069,4
5073,1
5074,0
5108,0
5122,4
5132,1
5142,9
5157,5
5183,8
5187,0
5194,0
5218,6
5260,6
5281,8
5296,8
5298,0
5338,8
5348,8
5376,8
5384,6
5409,8
5428,1
5470,0
5502,0
5558,9
5560,0
5597,8
5655,1
5672,9
5681,1
5697,0
5726,9
5748,3
5776,5
5789,1
5808,0
5834,1
5892,9
5934,5
5955,1
5968,7
5977,8
5981,0
5997,8
5998,6
6034,0
6058,4
6065,0
6067,9
6103,0
6131,6
6154,4
6208,1
6227,0
6242,8
6268,4
6286,3
6287,7
6316,0
6337,0
6364,8
6403,7
6406,0
6409,0
6438,9
6458,1
6462,4
6470,8
6477,8
6483,4
6503,8
6508,8
6520,9
6538,0
6546,4
6562,6
6591,0
6593,0
6598,4
6601,3
6650,7
6686,7
6703,8
6748,1
6758,0
6767,6
6779,9
6783,1
6794,4
6795,8
6800,6
6820,9
6868,5
6890,4
6930,6
6935,0
6946,1
6991,0
7027,1
7038,0
7042,8
7060,1
7073,5
7090,4
7096,6
7120,4
7142,8
7151,8
7171,9
7176,1
7200,9
7316,8
7339,3
7363,1
7373,0
7394,2
7439,8
7440,1
7441,8
7447,9
7453,8
7493,6
7499,0
7502,4
7518,9
7532,1
7533,1
7541,9
7561,1
7570,8
7571,6
7597,0
7609,1
7615,2
7632,1
7638,8
7674,8
7679,7
7697,7
7707,0
7724,6
7754,7
7786,0
7797,8
7806,1
7824,8
7830,0
7844,8
7856,8
7879,2
7883,4
7893,9
7901,6
7928,8
7946,9
7949,9
7969,0
8035,9
8057,6
8074,6
8079,7
8081,4
8118,8
8136,8
8146,6
8149,6
8212,2
8258,1
8273,0
8278,4
8296,1
8307,5
8355,0
8357,6
8383,1
8384,6
8409,9
8472,0
8535,8
8547,9
8558,9
8588,1
8628,6
8644,4
8688,6
8751,9
8778,1
8797,6
8850,6
8891,1
8906,4
8944,4
8955,8
8968,9
8981,6
8982,0
8987,1
9003,0
9012,1
9017,1
9058,6
9109,4
9112,8
9116,4
9157,7
9172,4
9173,1
9176,9
9177,6
9181,1
9190,4
9222,0
9237,6
9262,6
9285,8
9305,6
9309,8
9313,0
9353,4
9358,8
9362,4
9393,1
9402,0
9417,6
9458,0
9492,1
9504,9
9505,0
9512,6
9522,7
9523,0
9532,9
9550,1
9563,1
9564,8
9608,8
9630,9
9651,8
9674,1
9691,0
9703,0
9746,4
9758,9
9763,5
9766,3
9767,7
9769,8
9789,8
9798,6
9799,8
9816,6
9818,6
9822,0
9825,9
9827,9
9864,3
9869,0
9934,0
9956,8
9957,4
9971,0
9975,1
9994,0
10058,1
10079,8
10080,0
10083,0
10096,7
10119,0
10153,4
10168,0
10169,1
10172,4
10176,0
10184,9
10188,0
10197,8
10234,6
10299,6
10318,1
10319,8
10326,0
10336,9
10344,6
10404,1
10446,8
10452,6
10455,1
10460,4
10480,9
10516,9
10525,4
10540,6
10592,8
10655,8
10662,1
10675,1
10683,4
10692,1
10709,6
10711,8
10747,0
10748,6
10750,0
10752,9
10753,8
10771,8
10783,1
10787,3
10800,8
10850,4
10888,4
10897,1
10900,3
10916,0
10933,1
11003,0
11035,8
11105,0
11108,8
11113,4
11129,0
11148,4
11149,8
11152,1
11177,9
11205,1
11224,9
11255,4
11256,4
11343,4
11374,8
11382,8
11389,4
11406,8
11408,4
11413,8
11418,1
11478,8
11483,6
11485,9
11514,0
11602,8
11612,0
11662,8
11673,6
11699,6
11704,8
11714,3
11729,0
11751,8
11754,0
11759,6
11779,0
11787,6
11832,6
11849,6
11885,8
11888,0
11894,7
11901,1
11923,8
11924,9
11942,8
11968,1
12023,6
12039,5
12045,8
12075,4
12084,8
12099,8
12112,8
12160,9
12173,8
12189,3
12224,4
12288,8
12295,8
12310,1
12324,0
12339,0
12360,0
12374,0
12378,8
12388,1
12424,2
12432,9
12444,8
12448,6
12494,8
12510,1
12522,8
12528,6
12533,0
12552,6
12555,0
12557,8
12630,8
12642,1
12682,2
12696,9
12704,1
12728,6
12748,0
12810,6
12823,2
12825,9
12840,9
12851,6
12852,9
12867,4
12878,1
12880,0
12899,8
12919,6
12932,1
12949,1
12977,6
12987,1
12988,8
13004,8
13032,9
13071,4
13074,0
13095,8
13129,1
13153,9
13171,8
13195,8
13211,0
13229,5
13230,0
13231,0
13263,4
13267,4
13269,9
13301,8
13303,6
13326,9
13373,6
13398,1
13419,4
13423,8
13426,4
13438,3
13443,4
13450,0
13473,4
13481,6
13487,1
13554,8
13557,9
13559,8
13583,0
13584,1
13597,8
13618,8
13621,6
13677,8
13687,9
13695,9
13721,1
13723,8
13730,0
13736,3
13758,6
13769,0
13770,6
13805,9
13816,0
13826,0
13851,9
13934,8
13947,1
13949,9
13950,1
13956,1
13967,1
13981,4
13985,1
13997,9
13999,6
14014,8
14101,6
14127,9
14129,6
14149,1
14164,9
14191,8
14249,9
14271,1
14290,4
14291,0
14303,3
14304,8
14312,1
14337,7
14338,8
14353,1
14356,0
14380,8
14408,1
14418,6
14425,0
14445,0
14456,3
14477,8
14485,5
14520,4
14542,4
14580,9
14613,0
14619,3
14650,4
14659,5
14666,6
14676,6
14677,6
14697,8
14771,2
14772,8
14791,8
14793,4
14818,9
14849,1
14860,1
14871,7
14872,8
14873,8
14875,9
14877,0
14896,8
14947,4
14996,2
15034,1
15042,0
15061,6
15128,9
15130,0
15138,1
15145,6
15158,8
15170,9
15177,6
15186,3
15215,7
15240,1
15258,8
15293,1
15294,4
15302,9
15316,1
15319,7
15323,9
15349,9
15370,6
15400,4
15479,4
15498,9
15521,4
15539,1
15542,0
15546,8
15547,3
15567,0
15568,4
15590,0
15609,9
15619,0
15627,6
15644,9
15648,0
15649,1
15694,0
15759,0
15782,8
15786,1
15858,9
15864,0
15878,1
15903,1
15920,1
15928,0
15956,8
15963,8
15991,9
16022,8
16034,9
16053,9
16081,0
16093,4
16145,8
16147,9
16153,1
16207,6
16231,8
16256,9
16270,9
16277,8
16300,1
16313,4
16321,8
16391,4
16402,0
16422,9
16429,0
16432,8
16434,4
16460,0
16561,9
16632,6
16694,1
16732,3
16736,6
16765,4
16777,0
16798,8
16839,9
16860,8
16864,8
16887,1
16947,4
17025,0
17030,1
17032,1
17042,1
17050,0
17051,0
17084,8
17119,9
17142,9
17164,6
17165,8
17230,2
17283,9
17289,8
17332,6
17333,3
17361,8
17363,9
17376,0
17393,8
17449,0
17458,0
17459,1
17463,9
17487,1
17493,4
17527,8
17529,9
17530,8
17542,6
17545,8
17550,9
17553,3
17610,5
17618,1
17661,1
17681,8
17689,9
17774,4
17776,7
17782,1
17808,8
17818,8
17825,8
17834,1
17835,6
17867,6
17889,8
17919,8
17976,4
18063,6
18137,0
18178,0
18286,1
18324,0
18352,1
18383,8
18401,9
18406,8
18412,0
18433,8
18443,0
18448,9
18462,0
18467,8
18474,1
18500,9
18509,0
18520,6
18538,0
18558,9
18562,9
18592,4
18593,6
18603,0
18605,6
18628,9
18636,4
18641,0
18650,0
18659,1
18674,8
18711,8
18722,9
18737,0
18744,9
18821,6
18825,7
18833,1
18837,0
18838,6
18846,4
18909,0
18940,1
18971,6
18984,9
18989,0
18990,4
19038,0
19052,8
19068,1
19104,0
19125,6
19133,0
19134,6
19138,4
19142,6
19166,0
19218,6
19224,8
19242,8
19311,4
19355,1
19361,0
19362,8
19404,4
19452,1
19455,8
19475,8
19535,0
19555,1
19559,6
19561,4
19572,7
19577,9
19584,0
19599,4
19603,8
19604,0
19623,1
19628,0
19662,8
19664,0
19674,1
19729,9
19732,0
19807,8
19828,6
19840,4
19881,6
19882,4
19889,8
19908,0
19922,4
19933,9
19981,8
19985,0
20012,0
20045,1
20046,1
20050,9
20063,4
20066,1
20069,4
20081,6
20095,0
20106,8
20129,9
20133,8
20153,6
20197,4
20225,0
20229,7
20248,9
20293,4
20328,8
20333,9
20366,9
20368,4
20394,1
20396,4
20399,4
20450,9
20466,7
20480,6
20506,1
20513,9
20516,8
20568,2
20572,6
20640,8
20684,9
20706,1
20713,0
20727,0
20736,6
20743,8
20749,1
20776,4
20817,1
20818,9
20827,0
20877,0
20909,7
20918,9
20951,1
20953,0
20954,8
20962,4
20997,9
21046,8
21048,8
21049,0
21082,0
21100,6
21130,4
21143,1
21146,8
21152,4
21189,8
21234,6
21254,2
21279,0
21299,0
21334,1
21354,0
21376,1
21380,0
21389,8
21397,5
21404,6
21419,6
21422,9
21457,8
21471,9
21490,4
21540,9
21575,1
21593,8
21650,8
21655,4
21696,6
21730,8
21733,8
21765,1
21778,8
21783,7
21827,9
21859,9
21863,8
21876,9
21910,0
21928,1
21943,8
21964,1
21969,9
21995,6
22051,4
22118,8
22119,8
22143,0
22166,8
22214,1
22227,1
22265,0
22315,3
22327,4
22338,9
22400,4
22425,6
22447,9
22450,9
22505,9
22516,2
22532,8
22534,7
22540,9
22595,4
22655,9
22666,4
22682,8
22710,0
22722,4
22751,2
22752,0
22764,0
22772,9
22788,1
22808,8
22822,5
22879,1
22899,1
22908,6
22924,8
22930,2
22939,6
22949,0
23013,0
23014,4
23016,9
23052,8
23054,7
23090,9
23102,9
23143,8
23147,8
23151,4
23161,8
23197,4
23210,0
23282,8
23288,8
23317,6
23327,9
23340,1
23393,4
23407,5
23417,1
23454,0
23458,8
23471,6
23511,1
23537,8
23541,0
23547,3
23549,4
23567,5
23569,6
23580,4
23589,0
23635,9
23681,9
23682,9
23702,8
23765,6
23769,8
23809,0
23830,6
23904,4
23914,0
23958,6
24002,8
24020,1
24029,9
24086,1
24090,1
24110,8
24127,6
24130,8
24139,1
24150,8
24151,0
24207,7
24208,1
24239,7
24243,9
24244,4
24276,0
24311,8
24320,0
24342,6
24344,8
24349,8
24366,1
24377,6
24382,7
24389,0
24444,0
24458,6
24481,3
24489,9
24493,4
24510,0
24549,9
24559,5
24576,6
24586,8
24605,0
24623,2
24644,7
24645,0
24647,1
24677,8
24682,7
24698,0
24706,0
24711,1
24755,0
24793,1
24848,1
24861,0
24904,1
24926,8
24929,4
24955,6
24957,6
24981,8
25016,8
25052,1
25056,4
25081,8
25097,8
25100,4
25113,6
25117,8
25143,8
25164,3
25173,4
25184,4
25212,9
25263,9
25275,8
25313,4
25320,8
25321,8
25323,9
25336,1
25346,3
25351,6
25415,8
25422,6
25447,1
25458,7
25475,6
25484,4
25489,6
25555,4
25569,1
25598,5
25647,8
25665,6
25676,0
25680,6
25690,0
25736,8
25781,1
25824,9
25842,1
25851,8
25869,4
25892,0
25903,4
25947,8
25971,4
25999,6
26032,6
26044,0
26087,1
26089,1
26111,4
26144,1
26182,1
26231,8
26235,4
26259,9
26292,0
26315,0
26384,6
26417,7
26438,0
26444,1
26502,1
26532,8
26557,8
26583,8
26611,8
26634,4
26677,6
26726,1
26748,9
26767,4
26773,8
26775,0
26776,8
26795,9
26812,1
26819,6
26832,0
26834,9
26836,0
26837,9
26846,9
26858,4
26860,9
26865,8
26895,9
26915,6
26935,8
27001,4
27013,1
27016,9
27048,8
27070,0
27086,6
27091,1
27111,1
27114,0
27121,8
27137,0
27153,0
27156,6
27182,1
27206,0
27210,8
27289,0
27293,8
27298,6
27306,6
27324,8
27345,1
27355,6
27361,9
27428,6
27466,0
27512,0
27534,3
27564,1
27575,4
27581,9
27584,4
27599,8
27606,8
27620,0
27634,1
27652,2
27659,0
27686,4
27688,9
27710,9
27713,4
27729,8
27735,0
27812,6
27826,4
27857,4
27875,1
27907,8
27965,6
28039,6
28133,1
28151,0
28163,6
28197,9
28203,0
28272,0
28292,1
28294,2
28296,0
28301,8
28317,0
28326,6
28358,0
28364,8
28428,0
28450,7
28459,6
28532,7
28587,8
28607,0
28655,4
28665,9
28681,1
28733,6
28753,9
28754,9
28767,4
28771,0
28809,0
28810,6
28814,0
28830,6
28839,2
28851,8
28862,1
28889,9
28910,0
28915,8
28934,6
29007,4
29015,6
29044,0
29074,0
29118,8
29148,0
29169,6
29200,2
29235,0
29262,0
29265,1
29315,1
29335,8
29341,0
29345,0
29378,0
29399,6
29417,8
29439,6
29441,6
29454,6
29484,4
29486,9
29517,1
29531,8
29544,1
29570,0
29599,0
29620,6
29658,1
29666,1
29678,8
29686,6
29691,8
29722,8
29747,4
29766,6
29772,0
29843,6
29860,0
29917,6
29925,0
29947,9
30013,8
30019,8
30022,9
30026,8
30033,6
30044,0
30065,7
30067,8
30068,1
30088,0
30095,9
30113,4
30116,8
30138,9
30140,1
30160,0
30161,6
30172,8
30210,1
30219,8
30245,7
30253,4
30275,0
30294,7
30298,4
30300,0
30316,4
30330,8
30341,6
30364,1
30365,2
30378,9
30381,1
30382,0
30444,6
30469,9
30497,9
30500,9
30508,1
30516,8
30518,6
30529,4
30541,7
30548,0
30555,0
30558,7
30618,0
30624,0
30626,5
30661,8
30671,6
30683,4
30691,4
30738,8
30792,4
30804,9
30809,1
30822,6
30828,0
30919,8
30929,0
30941,7
30942,9
30943,0
31000,6
31015,0
31054,6
31082,0
31095,0
31124,8
31135,8
31167,6
31191,8
31200,9
31212,6
31217,3
31243,0
31244,9
31285,4
31296,1
31323,1
31337,9
31359,4
31425,0
31468,8
31487,1
31497,0
31516,6
31574,4
31581,0
31593,9
31597,1
31599,8
31600,8
31618,5
31622,8
31652,9
31669,4
31670,6
31673,8
31726,8
31744,9
31747,9
31771,1
31787,1
31803,9
31814,4
31838,5
31885,4
31898,6
31906,8
31928,2
31939,9
31965,4
31972,8
31977,4
32011,8
32045,4
32054,1
32058,6
32062,0
32063,1
32090,5
32091,3
32093,8
32098,0
32109,0
32119,6
32133,1
32148,2
32187,1
32207,0
32218,8
32222,6
32232,4
32237,0
32246,1
32270,8
32279,8
32295,1
32308,4
32312,6
32317,2
32318,2
32320,6
32331,9
32335,1
32352,8
32374,9
32384,4
32402,6
32413,1
32428,7
32447,1
32452,8
32458,4
32466,4
32473,8
32478,8
32486,1
32504,9
32514,0
32516,8
32518,4
32522,6
32526,0
32550,0
32551,7
32557,0
32559,1
32560,4
32605,0
32672,9
32708,0
32747,8
32749,9
32754,6
32796,8
32807,1
32842,1
32871,1
32946,0
32952,0
32962,8
33010,6
33018,8
33032,6
33043,0
33074,8
33106,4
33107,7
33181,8
33199,9
33214,0
33219,0
33237,0
33258,6
33277,0
33302,0
33303,5
33305,6
33315,7
33327,0
33338,8
33367,0
33377,1
33381,0
33394,1
33436,6
33442,0
33460,8
33478,4
33480,1
33484,6
33485,0
33502,5
33513,6
33522,0
33533,8
33562,5
33569,8
33576,9
33577,1
33608,0
33626,4
33678,8
33689,6
33715,6
33756,9
33781,1
33784,9
33833,4
33835,0
33842,1
33852,4
33871,6
33914,0
33923,0
33931,9
33948,9
33955,4
33959,8
33964,7
33965,1
33987,2
33994,4
34010,1
34027,4
34030,8
34031,9
34091,1
34138,4
34143,3
34152,0
34162,1
34189,6
34248,9
34257,8
34261,1
34329,1
34342,6
34346,4
34375,8
34379,4
34421,0
34447,6
34451,0
34457,0
34476,9
34508,0
34512,1
34516,7
34538,0
34551,3
34557,5
34585,1
34603,9
34616,9
34639,0
34640,1
34648,6
34679,1
34686,6
34700,6
34722,8
34771,0
34798,0
34808,4
34830,4
34844,9
34855,4
34889,1
34920,9
34924,6
34949,4
34967,3
34974,8
34990,1
35020,2
35024,9
35038,8
35047,6
35048,1
35074,0
35096,8
35135,9
35168,1
35174,9
35184,6
35217,0
35224,5
35230,8
35238,6
35262,0
35265,8
35294,0
35297,6
35300,8
35318,6
35323,8
35339,8
35392,4
35393,2
35404,1
35428,8
35454,2
35493,4
35496,1
35502,0
35565,1
35577,8
35602,5
35677,9
35680,0
35719,1
35730,8
35776,8
35783,8
35786,9
35792,1
35808,6
35814,3
35815,0
35818,4
35843,8
35844,6
35852,4
35881,3
35913,4
35922,3
35963,0
35988,6
36040,0
36092,4
36093,3
36137,8
36260,0
36270,8
36288,1
36299,8
36303,5
36304,0
36317,1
36319,9
36347,8
36350,4
36389,9
36415,6
36439,6
36440,0
36455,4
36461,1
36529,8
36537,0
36548,4
36552,4
36580,7
36582,8
36598,8
36617,0
36625,1
36634,4
36636,6
36657,1
36669,1
36702,6
36703,6
36711,1
36737,0
36751,8
36785,8
36842,0
36847,9
36860,9
36881,6
36905,6
36920,9
36948,0
36954,7
36976,4
36983,8
37047,0
37081,1
37119,5
37125,8
37136,9
37152,8
37189,0
37192,0
37257,4
37269,0
37277,6
37278,8
37318,9
37336,6
37356,6
37371,6
37378,1
37408,0
37424,9
37432,0
37466,9
37485,4
37509,6
37522,8
37538,9
37563,1
37579,1
37593,9
37608,8
37634,4
37653,0
37697,0
37700,3
37707,6
37759,0
37779,9
37791,5
37814,0
37841,0
37870,8
37873,9
37900,7
37909,8
37915,1
37919,9
37932,9
37946,0
37948,1
37982,6
38037,3
38042,0
38046,9
38051,9
38056,1
38063,8
38081,1
38100,0
38103,0
38105,1
38128,0
38146,8
38152,6
38160,1
38168,4
38245,3
38249,8
38309,8
38318,6
38322,6
38323,4
38334,6
38347,6
38371,6
38391,8
38398,1
38463,1
38476,8
38501,0
38518,4
38531,4
38540,0
38561,1
38641,8
38643,6
38651,9
38660,0
38668,4
38724,1
38725,8
38728,7
38749,0
38765,8
38799,8
38818,5
38831,1
38834,4
38837,1
38874,0
38875,6
38885,6
38903,0
38936,6
38941,1
38969,9
39025,9
39044,0
39068,8
39077,1
39104,8
39106,1
39112,6
39172,9
39180,6
39194,0
39199,9
39224,0
39241,4
39243,0
39263,0
39270,1
39278,6
39281,1
39291,8
39355,8
39382,8
39386,4
39395,8
39413,4
39417,1
39536,4
39575,8
39589,6
39604,8
39615,0
39637,1
39744,3
39772,2
39806,8
39833,4
39916,4
39931,1
39936,1
39948,8
39980,1
39988,1
40013,4
40099,0
40110,8
40114,7
40126,9
40136,9
40140,1
40168,4
40171,0
40181,1
40225,4
40245,8
40252,8
40280,0
40284,0
40294,1
40341,9
40344,7
40383,6
40399,1
40416,2
40418,0
40457,0
40503,8
40527,6
40547,8
40549,8
40550,3
40560,6
40561,1
40564,6
40571,8
40582,0
40591,6
40703,4
40709,4
40740,2
40758,8
40801,0
40852,8
40860,1
40870,2
40877,0
40884,1
40888,0
40894,6
40928,8
40973,1
40974,1
41046,8
41075,4
41080,2
41089,6
41096,4
41102,9
41103,1
41118,8
41119,1
41123,3
41125,4
41198,6
41238,1
41245,0
41261,6
41276,2
41278,5
41288,0
41302,9
41304,8
41318,0
41388,0
41463,8
41464,8
41485,0
41493,7
41498,5
41518,1
41562,9
41568,4
41606,0
41626,4
41627,0
41737,5
41748,1
41777,1
41793,6
41829,6
41846,4
41856,0
41866,8
41898,1
41901,8
41918,9
41921,4
41935,8
41940,6
41947,8
41950,4
41973,8
42008,0
42050,2
42058,1
42066,6
42089,6
42102,1
42104,8
42123,6
42127,8
42183,0
42213,4
42217,0
42236,4
42258,9
42277,0
42306,9
42316,1
42395,6
42439,2
42442,8
42478,8
42483,0
42600,6
42621,7
42652,5
42668,9
42685,6
42688,8
42694,6
42699,8
42715,9
42736,8
42752,0
42801,0
42813,8
42829,6
42835,0
42842,2
42880,8
42913,0
42937,6
42956,4
42986,1
43014,3
43033,1
43045,0
43057,9
43058,9
43099,8
43110,8
43121,8
43161,6
43211,2
43266,0
43271,8
43309,0
43322,8
43329,8
43334,8
43372,8
43387,0
43409,5
43410,8
43418,0
43425,9
43426,1
43453,9
43467,4
43468,0
43515,8
43519,8
43523,5
43548,8
43558,8
43581,6
43592,6
43612,4
43615,1
43621,4
43625,6
43644,3
43650,9
43682,6
43692,8
43694,6
43793,8
43795,6
43807,6
43880,8
43910,1
43914,6
43948,1
43960,0
43965,0
43984,1
43989,1
43993,8
43997,3
44063,0
44075,9
44079,1
44144,8
44187,9
44189,6
44218,6
44250,6
44267,8
44276,0
44284,4
44308,8
44324,1
44335,0
44343,8
44344,0
44359,1
44410,6
44420,6
44441,6
44445,0
44484,8
44486,9
44511,1
44532,8
44602,6
44629,0
44655,6
44656,0
44659,8
44675,0
44690,6
44695,8
44725,1
44745,1
44778,9
44785,1
44792,1
44801,6
44808,6
44814,6
44818,7
44834,8
44840,7
44855,9
44859,0
44892,9
44941,6
44944,8
44968,8
44980,8
44997,8
45039,9
45057,8
45090,6
45092,1
45109,8
45122,8
45153,4
45162,0
45167,1
45182,1
45192,7
45194,8
45199,8
45204,1
45224,6
45254,1
45265,6
45269,6
45277,1
45280,4
45331,1
45355,9
45399,8
45417,0
45458,8
45467,0
45474,3
45481,8
45569,6
45588,1
45598,1
45635,6
45640,6
45649,8
45659,1
45696,3
45703,1
45717,8
45745,2
45760,0
45773,4
45784,9
45804,7
45810,9
45824,9
45853,0
45861,1
45877,8
45882,8
45921,1
45925,9
45936,4
45942,0
45969,9
46017,0
46037,4
46043,6
46053,7
46066,9
46069,0
46081,7
46100,9
46148,9
46154,8
46166,0
46193,9
46196,1
46201,7
46226,8
46227,0
46236,1
46250,2
46282,9
46305,4
46313,8
46339,0
46348,8
46385,1
46386,2
46387,8
46391,0
46392,6
46401,4
46438,0
46443,0
46468,1
46481,1
46507,1
46509,5
46511,6
46519,8
46529,6
46559,6
46660,9
46670,6
46756,8
46780,1
46818,0
46844,6
46876,8
46893,1
46926,0
46961,9
46963,0
47021,5
47031,0
47037,6
47076,8
47080,8
47099,8
47129,1
47135,0
47158,1
47163,8
47308,4
47309,8
47337,7
47409,2
47425,8
47437,6
47438,8
47447,0
47458,6
47501,1
47503,5
47505,8
47521,4
47564,6
47625,3
47680,4
47723,8
47745,9
47756,0
47766,9
47807,6
47816,0
47833,9
47836,9
47843,4
47864,6
47933,9
47947,1
47971,2
47976,0
47987,9
48003,8
48025,0
48033,6
48042,9
48059,0
48060,8
48065,3
48071,6
48089,9
48101,8
48109,2
48112,1
48119,1
48149,8
48176,0
48182,9
48193,3
48209,1
48261,1
48272,9
48340,6
48368,1
48384,9
48434,0
48438,0
48472,8
48477,9
48494,8
48509,8
48574,0
48591,6
48603,9
48607,0
48630,6
48631,0
48634,9
48655,8
48668,8
48689,6
48703,4
48710,4
48743,8
48780,0
48783,3
48785,4
48805,1
48830,0
48845,1
48894,9
48897,1
48968,9
49010,9
49014,0
49016,8
49033,8
49051,8
49065,0
49078,4
49083,6
49096,9
49110,0
49129,8
49130,9
49164,2
49187,7
49211,4
49221,0
49274,4
49289,4
49303,8
49310,0
49319,9
49341,4
49353,6
49354,0
49374,0
49397,1
49439,8
49464,9
49480,4
49497,0
49545,8
49548,8
49551,7
49567,2
49603,1
49608,9
49651,6
49725,3
49737,0
49744,8
49767,9
49793,9
49804,8
49811,1
49814,3
49853,0
49865,6
49925,9
49944,9
49947,8
49959,6
50003,9
50008,8
50009,4
50084,9
50088,9
50092,6
50099,9
50133,8
50158,1
50164,4
50187,5
50190,1
50208,0
50209,9
50232,1
50272,8
50279,5
50291,0
50303,6
50314,4
50326,1
50343,6
50344,0
50346,8
50358,9
50390,0
50391,9
50397,1
50427,4
50428,6
50435,0
50444,0
50448,8
50459,8
50462,9
50466,4
50472,1
50493,1
50499,8
50531,4
50566,0
50578,9
50612,6
50618,6
50621,1
50626,8
50651,8
50656,4
50701,9
50716,2
50767,9
50794,7
50829,1
50838,1
50866,6
50959,5
50968,0
51017,0
51061,0
51069,6
51081,4
51087,8
51095,9
51160,8
51163,8
51207,8
51248,9
51291,8
51299,0
51347,8
51386,6
51391,8
51430,9
51434,0
51458,2
51478,0
51520,0
51533,0
51578,3
51591,7
51618,0
51623,0
51629,0
51641,6
51670,8
51684,4
51697,6
51715,8
51720,8
51730,9
51732,8
51755,6
51764,5
51778,6
51801,1
51814,4
51859,7
51908,1
51913,9
51949,1
51951,4
51979,4
51982,9
51993,6
52045,0
52058,1
52061,9
52072,8
52102,6
52115,8
52148,9
52175,1
52177,1
52179,0
52205,1
52250,8
52275,6
52308,4
52316,2
52332,5
52377,4
52381,1
52383,9
52401,8
52442,4
52518,6
52566,4
52599,0
52622,1
52678,6
52684,2
52756,4
52761,9
52776,5
52808,8
52988,4
52993,0
53022,9
53026,2
53043,8
53059,9
53062,4
53068,6
53110,8
53128,8
53142,9
53194,1
53211,9
53240,8
53251,9
53284,2
53320,6
53326,1
53331,6
53339,0
53348,1
53369,9
53370,9
53377,2
53407,0
53483,7
53487,0
53499,6
53506,8
53536,0
53569,8
53574,8
53575,0
53607,4
53627,1
53651,8
53672,8
53713,4
53717,6
53735,9
53743,8
53765,8
53780,1
53793,6
53805,1
53851,0
53879,2
53882,9
53885,8
53892,6
53897,0
53899,1
53930,1
53985,4
53990,4
53999,8
54005,1
54032,6
54040,8
54054,8
54243,8
54266,9
54269,1
54303,0
54316,6
54334,9
54344,8
54347,4
54351,0
54353,1
54393,1
54437,8
54445,0
54474,0
54554,8
54587,3
54594,8
54634,4
54649,0
54662,6
54677,9
54679,9
54683,1
54690,0
54844,0
54860,9
54875,1
54881,4
54885,6
54935,8
54939,0
54941,0
54974,1
54975,5
54980,0
55048,0
55067,1
55092,9
55096,6
55122,8
55145,8
55201,9
55217,0
55274,6
55306,1
55338,1
55365,7
55398,0
55427,4
55430,8
55458,6
55477,9
55479,0
55489,5
55515,6
55521,0
55533,6
55536,6
55569,9
55590,6
55610,8
55616,6
55618,8
55641,4
55658,4
55675,4
55691,9
55696,8
55776,4
55805,0
55807,8
55809,7
55830,0
55858,3
55904,6
55946,8
55961,1
55986,0
55992,9
55998,3
56025,1
56035,6
56036,5
56090,9
56192,1
56193,8
56199,9
56204,3
56221,1
56226,1
56242,9
56267,4
56283,1
56338,1
56349,1
56358,6
56365,1
56374,1
56376,4
56379,4
56384,1
56423,1
56442,9
56492,3
56525,8
56536,8
56545,6
56557,8
56559,1
56577,9
56592,6
56596,4
56608,0
56619,6
56625,0
56627,9
56644,1
56646,4
56649,9
56653,7
56716,8
56799,4
56808,4
56826,4
56907,8
56910,1
57006,9
57049,1
57073,0
57084,8
57090,8
57115,0
57133,8
57141,3
57158,6
57164,8
57166,3
57167,5
57168,5
57217,8
57236,9
57275,6
57296,0
57301,1
57305,1
57336,3
57349,0
57360,6
57364,0
57395,0
57410,1
57425,8
57434,8
57453,1
57454,1
57460,1
57473,1
57481,8
57483,9
57493,8
57537,4
57548,4
57553,5
57559,4
57577,6
57634,0
57643,7
57648,8
57712,4
57756,6
57813,1
57827,0
57830,1
57898,8
57901,8
57918,8
57929,1
57940,4
57975,9
57995,0
58004,9
58011,8
58046,8
58057,4
58074,0
58100,8
58108,0
58160,0
58168,8
58174,4
58176,6
58191,6
58206,0
58220,8
58233,8
58245,9
58256,0
58271,6
58274,9
58312,5
58322,1
58340,4
58354,6
58366,9
58385,9
58396,0
58404,6
58440,1
58474,4
58486,1
58492,0
58535,5
58562,9
58636,8
58637,9
58658,0
58672,1
58694,0
58695,6
58702,1
58748,8
58776,8
58821,2
58827,8
58835,6
58843,4
58864,0
58865,1
58889,1
58938,4
58957,5
58999,4
59008,6
59027,9
59065,6
59067,8
59148,0
59163,8
59165,0
59220,8
59255,6
59267,0
59319,0
59358,5
59359,6
59362,9
59373,1
59419,1
59423,8
59451,4
59491,4
59505,8
59512,3
59568,8
59585,0
59597,2
59610,6
59611,7
59632,6
59663,8
59685,8
59688,1
59689,0
59711,8
59751,8
59783,1
59786,0
59833,2
59861,8
59885,6
59946,8
59986,6
