63,0
75,0
78,1
148,7
156,0
166,4
213,2
237,4
244,5
245,8
257,4
258,7
287,5
289,4
299,6
320,0
321,3
363,4
376,5
380,4
408,1
433,3
481,4
516,5
541,4
551,2
553,1
575,8
591,2
596,0
646,2
664,2
706,4
734,8
751,5
780,1
855,4
860,0
879,5
885,8
893,2
903,0
926,4
953,3
957,0
960,5
984,0
1011,2
1013,8
1034,2
1070,6
1105,8
1107,0
1110,4
1113,6
1146,6
1151,3
1199,2
1209,0
1294,8
1319,8
1329,8
1337,6
1361,2
1415,6
1476,3
1484,8
1548,1
1554,4
1581,3
1604,4
1609,2
1629,2
1631,3
1657,8
1680,1
1713,8
1731,6
1757,9
1797,0
1804,8
1842,4
1888,2
1911,4
1931,6
1935,3
1963,0
1965,5
1966,8
2019,2
2058,0
2059,6
2089,4
2100,0
2113,6
2138,6
2149,3
2151,1
2174,3
2189,2
2204,4
2205,2
2237,8
2246,7
2253,0
2255,1
2269,0
2337,2
2361,4
2379,3
2394,8
2423,3
2425,8
2443,4
2449,4
2454,2
2466,4
2470,6
2511,8
2520,4
2525,0
2527,5
2542,4
2584,0
2620,5
2659,7
2669,3
2683,8
2710,6
2724,4
2748,2
2767,1
2771,3
2786,3
2792,2
2833,8
2836,6
2848,7
2897,0
2901,8
2927,8
2931,3
2944,0
2961,3
2983,4
3011,8
3021,0
3061,4
3101,4
3103,1
3138,4
3158,8
3163,8
3173,9
3174,3
3213,0
3226,1
3235,4
3275,5
3291,3
3315,4
3323,3
3342,2
3350,4
3362,2
3388,4
3409,0
3413,2
3460,3
3474,6
3529,0
3550,3
3570,8
3622,0
3657,8
3658,8
3684,3
3765,2
3775,8
3789,6
3799,2
3815,3
3831,1
3936,6
3939,6
3974,5
3984,4
3985,6
3997,3
4009,0
4011,3
4029,1
4073,3
4108,0
4197,4
4223,3
4227,7
4238,3
4246,3
4285,7
4293,2
4297,4
4341,2
4357,8
4406,4
4415,0
4457,2
4474,2
4500,0
4518,2
4526,6
4615,3
4634,8
4688,0
4707,4
4713,0
4724,6
4756,0
4763,1
4770,6
4788,9
4792,3
4819,2
4878,3
4881,3
4886,6
4924,1
4994,0
5019,0
5030,8
5041,3
5056,5
5102,3
5119,8
5122,4
5129,2
5184,3
5244,0
5248,8
5263,8
5275,0
5278,4
5283,7
5288,0
5308,7
5314,2
5345,2
5354,3
5416,7
5418,8
5432,3
5440,5
5442,3
5443,1
5486,6
5502,0
5506,5
5525,0
5537,8
5541,0
5557,8
5569,7
5574,8
5580,4
5602,2
5647,2
5673,4
5679,3
5699,8
5737,5
5752,5
5776,5
5788,3
5790,2
5802,6
5823,2
5847,5
5875,3
5880,4
5899,4
5907,2
5908,2
5932,0
5942,3
5997,8
6083,1
6170,3
6258,4
6262,1
6289,2
6352,5
6474,6
6484,4
6493,8
6522,3
6536,4
6540,2
6576,3
6601,3
6629,0
6632,3
6637,2
6644,5
6670,6
6672,4
6693,6
6700,0
6703,8
6729,4
6736,1
6737,0
6778,4
6780,2
6791,0
6799,6
6815,2
6884,5
6897,8
6914,7
6920,3
6938,8
6945,3
6957,8
6959,3
6979,0
6989,1
6995,4
7060,1
7075,1
7078,1
7085,7
7092,7
7102,6
7116,1
7124,4
7129,0
7132,3
7147,3
7153,2
7169,1
7192,3
7211,4
7235,5
7237,1
7265,2
7267,0
7281,0
7283,3
7294,6
7333,4
7360,2
7367,3
7462,0
7495,1
7506,0
7516,6
7519,8
7524,1
7525,7
7526,4
7567,2
7573,4
7632,1
7692,3
7697,7
7726,4
7753,0
7776,2
7778,3
7784,3
7818,2
7824,8
7826,4
7842,5
7865,5
7872,8
7881,3
7900,5
7902,5
7909,8
7924,8
7948,0
7950,7
7967,5
7996,1
8057,6
8177,1
8202,2
8208,4
8228,3
8257,2
8270,4
8273,0
8292,2
8298,4
8327,8
8368,0
8369,0
8372,2
8382,1
8419,5
8420,6
8433,2
8435,5
8447,3
8453,2
8469,0
8477,4
8494,3
8505,3
8516,7
8522,8
8533,0
8551,3
8564,2
8596,7
8677,4
8679,1
8737,4
8765,3
8769,4
8770,6
8786,3
8800,3
8825,4
8859,8
8866,7
8901,0
8911,6
8956,4
8957,3
8962,4
8974,6
8982,0
8987,1
9000,6
9018,0
9054,2
9087,2
9194,0
9197,0
9208,8
9321,4
9364,8
9378,1
9485,0
9507,1
9533,6
9567,8
9572,2
9574,6
9602,3
9605,5
9611,8
9617,3
9620,3
9667,4
9677,0
9685,3
9733,0
9739,3
9746,4
9805,8
9850,2
9851,3
9867,4
9868,3
9875,1
9892,6
9924,8
10000,3
10005,0
10051,5
10065,5
10153,4
10154,7
10177,4
10195,0
10201,8
10215,7
10254,0
10259,0
10260,3
10300,2
10351,4
10366,0
10367,2
10379,8
10506,5
10521,4
10541,1
10542,0
10543,5
10578,5
10603,2
10606,3
10641,4
10644,3
10649,8
10676,3
10693,4
10696,3
10742,5
10754,6
10756,3
10800,8
10823,1
10824,2
10832,4
10861,0
10938,0
11002,3
11035,8
11046,4
11047,1
11073,4
11077,0
11109,2
11117,6
11228,1
11230,2
11248,1
11317,1
11378,4
11410,5
11496,4
11507,5
11531,2
11560,2
11574,0
11583,3
11586,8
11683,0
11718,2
11771,7
11797,3
11811,2
11828,6
11860,0
11869,2
11870,6
12002,6
12022,3
12087,5
12092,5
12104,6
12134,0
12155,6
12169,4
12208,7
12223,2
12232,5
12279,4
12321,0
12323,1
12327,4
12329,3
12340,6
12358,5
12378,8
12451,3
12504,0
12518,6
12525,4
12534,8
12545,3
12551,2
12592,3
12627,8
12638,5
12666,0
12699,6
12701,5
12725,1
12803,2
12816,5
12886,8
12887,6
12892,8
12936,8
12950,2
12988,8
12990,3
12992,0
13029,0
13033,0
13066,0
13070,5
13155,0
13208,3
13214,0
13225,3
13233,0
13249,2
13302,4
13321,5
13327,8
13331,5
13348,5
13369,1
13400,5
13419,4
13427,6
13436,8
13438,3
13445,3
13467,0
13592,8
13594,5
13600,7
13604,1
13639,8
13660,3
13665,7
13675,3
13688,4
13779,0
13787,3
13845,6
13853,0
13857,2
13868,4
13913,0
13926,0
13951,8
13969,3
13986,4
14005,2
14013,8
14034,0
14050,2
14081,2
14091,2
14099,3
14107,3
14135,3
14137,0
14162,8
14207,4
14229,0
14243,7
14267,2
14298,1
14310,1
14323,0
14330,6
14404,5
14426,4
14437,6
14474,8
14492,6
14494,8
14518,0
14570,6
14578,4
14589,0
14655,3
14709,5
14724,1
14740,4
14752,0
14761,3
14804,6
14812,1
14868,2
14907,5
14909,6
14914,2
14937,0
14976,4
14979,5
14981,4
14989,6
15018,9
15030,2
15052,3
15055,2
15144,5
15145,6
15148,1
15279,2
15285,5
15299,4
15304,5
15342,3
15359,4
15375,3
15431,6
15448,6
15463,6
15471,0
15472,3
15511,3
15543,4
15568,4
15608,1
15609,9
15610,8
15629,8
15630,3
15652,6
15684,1
15685,5
15703,4
15717,3
15736,2
15748,2
15764,3
15768,5
15860,9
15864,0
15887,2
15910,0
15929,1
15940,1
16010,5
16013,3
16042,8
16051,4
16064,6
16066,8
16072,5
16101,8
16136,0
16139,0
16176,2
16231,8
16242,5
16249,3
16263,8
16274,8
16275,8
16282,8
16284,8
16288,7
16297,6
16306,0
16307,1
16356,5
16431,4
16446,5
16449,2
16453,3
16472,2
16478,7
16492,3
16493,6
16539,8
16563,0
16564,3
16569,3
16607,0
16644,7
16649,3
16690,2
16699,1
16732,3
16744,2
16761,0
16779,1
16781,2
16802,4
16803,0
16828,8
16858,2
16895,2
16903,0
16905,0
16961,0
17020,4
17046,2
17080,2
17082,3
17095,0
17102,4
17104,3
17124,0
17173,2
17200,0
17276,4
17292,3
17294,5
17295,3
17321,4
17324,3
17334,0
17357,4
17371,3
17410,9
17413,1
17485,0
17500,2
17522,5
17534,0
17535,0
17589,6
17593,3
17610,5
17651,5
17652,6
17706,1
17754,3
17759,1
17766,3
17801,4
17835,6
17841,2
17877,0
17897,7
17911,3
17919,8
17975,8
18054,4
18055,0
18067,5
18073,0
18076,6
18108,3
18137,0
18157,5
18181,6
18189,5
18205,8
18207,1
18218,3
18221,6
18225,3
18240,3
18261,1
18271,6
18278,0
18280,3
18282,1
18291,8
18303,6
18304,1
18345,4
18359,1
18362,4
18398,4
18417,5
18436,4
18483,4
18487,4
18522,3
18524,1
18584,3
18612,3
18615,3
18620,2
18623,8
18635,8
18672,6
18718,0
18723,5
18727,3
18745,4
18762,8
18792,1
18866,4
18911,6
18921,0
18967,8
18986,3
18998,2
18999,4
19060,0
19074,0
19093,1
19121,4
19138,4
19170,5
19218,6
19316,6
19327,7
19333,3
19360,0
19391,2
19413,3
19438,3
19447,4
19460,8
19478,4
19479,7
19480,0
19505,2
19508,2
19522,4
19532,6
19535,0
19536,3
19538,8
19557,8
19600,8
19620,3
19630,1
19632,2
19682,0
19714,0
19723,6
19739,3
19763,8
19767,2
19770,0
19803,3
19813,4
19827,4
19834,3
19872,0
19880,1
19883,3
19937,1
19943,4
19946,6
20042,2
20049,0
20060,0
20095,0
20179,2
20201,3
20204,8
20250,4
20261,8
20299,2
20315,8
20317,6
20327,1
20387,8
20390,5
20405,8
20412,8
20423,3
20440,2
20451,3
20469,6
20471,0
20485,2
20507,8
20512,6
20522,2
20533,0
20553,3
20558,7
20577,0
20595,2
20597,3
20615,3
20642,0
20665,4
20666,8
20677,9
20715,2
20732,8
20755,1
20758,8
20791,5
20822,6
20836,4
20844,3
20855,6
20863,0
20869,3
20881,5
20924,4
20932,4
20947,0
20972,4
20973,8
20987,1
20995,4
21006,2
21009,2
21039,5
21052,1
21106,8
21107,4
21126,6
21128,6
21129,3
21168,1
21181,4
21182,3
21205,6
21225,5
21229,2
21237,6
21248,1
21264,5
21281,1
21287,4
21304,4
21319,0
21326,4
21380,0
21399,8
21430,4
21451,2
21539,3
21604,5
21617,6
21690,3
21695,3
21736,0
21756,9
21782,5
21800,0
21813,2
21825,8
21828,4
21830,4
21836,5
21849,4
21860,6
21891,2
21902,5
21907,0
21921,1
21929,6
21931,4
21977,6
22012,4
22013,0
22025,1
22076,2
22092,3
22097,7
22126,3
22158,1
22166,8
22179,1
22200,2
22219,3
22230,9
22261,8
22262,4
22272,5
22278,2
22296,9
22324,8
22327,4
22347,1
22353,2
22389,8
22430,0
22442,2
22487,0
22499,8
22502,1
22533,1
22554,2
22567,3
22568,8
22595,4
22598,3
22657,0
22665,6
22690,6
22696,2
22697,4
22713,2
22730,3
22736,5
22784,8
22810,8
22812,1
22835,3
22848,1
22913,8
22932,0
22968,4
23020,2
23025,2
23086,8
23089,2
23090,9
23112,8
23122,4
23152,4
23186,6
23239,3
23287,3
23296,8
23297,0
23304,3
23317,6
23340,1
23367,0
23373,3
23375,4
23378,0
23384,5
23395,0
23401,0
23422,8
23439,3
23459,4
23474,4
23531,5
23537,8
23564,2
23584,2
23586,0
23595,4
23613,0
23615,4
23641,4
23655,5
23671,5
23722,5
23736,5
23747,3
23792,5
23817,8
23819,3
23862,1
23912,5
23913,4
23928,5
23931,1
23934,2
23949,6
23967,8
24000,8
24002,8
24052,4
24085,0
24117,5
24130,8
24227,1
24285,9
24312,8
24314,7
24317,5
24389,0
24406,2
24415,7
24420,9
24501,3
24531,3
24554,6
24568,7
24589,8
24667,3
24671,5
24696,0
24709,7
24718,5
24775,9
24776,0
24781,4
24828,0
24839,1
24876,2
24896,0
24950,8
24955,6
24978,0
24985,0
24988,0
24993,0
25025,5
25034,3
25042,1
25067,1
25085,0
25086,4
25109,4
25120,8
25157,2
25162,4
25169,4
25174,3
25176,4
25177,5
25194,4
25195,8
25213,8
25237,9
25257,3
25266,3
25270,6
25327,1
25336,1
25341,8
25351,6
25380,4
25382,4
25384,5
25401,4
25438,4
25455,8
25473,1
25487,2
25548,2
25557,5
25579,6
25612,4
25632,2
25645,3
25648,9
25660,4
25686,8
25691,2
25717,2
25733,7
25743,0
25752,2
25764,1
25774,1
25779,1
25783,0
25790,4
25818,0
25827,2
25856,4
25901,6
25913,5
25917,6
25920,2
25928,0
25937,1
25941,3
25949,3
25953,0
25968,8
26007,0
26022,8
26037,5
26050,3
26053,3
26086,4
26134,5
26143,5
26174,1
26200,8
26217,4
26231,8
26236,5
26253,6
26256,0
26276,9
26277,0
26294,8
26300,0
26301,6
26360,5
26363,5
26411,5
26422,0
26425,6
26466,5
26507,0
26606,6
26618,4
26638,2
26654,6
26665,0
26692,3
26740,2
26781,3
26798,4
26805,8
26858,4
26890,4
26902,9
26903,0
26912,6
26929,3
26941,2
26960,1
26991,1
26996,8
27002,5
27026,2
27041,4
27044,4
27089,0
27101,6
27140,3
27150,2
27153,0
27161,6
27191,9
27203,7
27213,4
27243,6
27269,8
27279,3
27301,1
27307,0
27348,8
27351,4
27353,5
27362,3
27385,2
27390,6
27407,0
27432,2
27438,6
27447,8
27524,8
27527,3
27570,3
27582,1
27652,2
27677,1
27678,8
27733,8
27747,7
27790,1
27819,8
27831,1
27869,2
27874,2
27877,5
27896,1
27957,2
27995,8
27998,8
28002,0
28021,2
28030,0
28042,8
28076,0
28082,7
28098,1
28102,0
28106,7
28123,3
28190,4
28199,3
28216,6
28232,1
28265,3
28353,6
28367,1
28381,8
28402,0
28453,2
28462,4
28465,5
28483,8
28491,5
28503,8
28505,0
28518,4
28519,0
28537,2
28559,2
28567,2
28573,4
28592,9
28615,4
28627,0
28649,1
28660,1
28704,6
28708,6
28780,2
28797,6
28864,7
28865,5
28867,6
28871,8
28903,8
28955,3
28959,8
29013,3
29049,5
29076,5
29079,6
29107,5
29115,4
29123,4
29153,3
29170,9
29174,5
29223,8
29224,3
29225,3
29228,4
29250,0
29263,0
29268,5
29271,4
29276,8
29293,5
29360,8
29431,8
29455,6
29458,3
29497,0
29501,2
29546,2
29548,6
29584,4
29593,4
29618,8
29623,0
29628,1
29629,8
29636,3
29664,0
29669,1
29735,2
29745,8
29746,1
29759,5
29823,3
29860,0
29871,5
29924,5
29926,0
29934,0
29969,3
29972,3
30007,1
30011,3
30041,3
30045,6
30070,3
30073,1
30078,2
30083,6
30084,3
30087,0
30090,3
30093,3
30101,0
30115,6
30122,2
30130,3
30160,0
30168,6
30186,4
30235,8
30238,1
30247,8
30267,8
30272,4
30273,3
30295,6
30304,3
30340,0
30344,2
30351,5
30371,5
30377,3
30412,8
30418,8
30429,2
30485,2
30488,5
30506,4
30530,2
30584,8
30625,0
30642,3
30665,0
30681,3
30700,0
30708,4
30717,3
30745,4
30748,0
30765,4
30769,2
30781,8
30812,6
30844,8
30855,6
30903,5
30904,6
30908,4
30923,0
30953,4
30961,5
31021,3
31030,8
31038,1
31067,4
31121,4
31127,0
31135,8
31138,0
31154,0
31173,0
31175,6
31177,2
31186,5
31188,2
31221,2
31271,7
31274,3
31315,4
31316,5
31335,5
31338,2
31350,0
31366,1
31402,5
31410,0
31415,5
31452,3
31481,6
31483,2
31485,7
31513,2
31538,3
31567,0
31582,3
31599,8
31601,4
31664,3
31728,4
31746,5
31748,3
31749,8
31775,3
31784,1
31785,0
31820,5
31872,4
31875,5
31889,8
31890,2
31943,0
31966,1
31976,5
32039,5
32043,6
32049,4
32050,6
32131,0
32133,1
32155,2
32210,0
32221,0
32241,6
32244,8
32274,0
32275,3
32277,5
32280,2
32281,3
32290,5
32351,9
32371,3
32372,5
32398,3
32414,3
32451,9
32459,0
32463,0
32464,6
32479,3
32488,5
32493,0
32494,0
32519,5
32541,0
32554,1
32569,6
32585,5
32590,2
32600,5
32611,2
32621,0
32677,1
32717,8
32724,5
32735,8
32744,2
32786,3
32789,0
32810,0
32843,0
32845,2
32846,0
32858,0
32867,0
32869,0
32879,1
32927,6
32940,3
32944,3
32949,2
32958,1
32971,8
32991,2
33010,6
33059,8
33071,5
33087,0
33088,2
33124,1
33136,0
33159,6
33180,2
33190,1
33193,8
33207,6
33208,3
33227,6
33229,3
33240,3
33316,3
33323,8
33338,8
33344,3
33346,4
33354,1
33371,3
33374,1
33381,0
33392,0
33436,6
33447,8
33450,6
33453,8
33463,2
33487,1
33505,2
33512,0
33520,6
33536,0
33539,8
33561,4
33568,3
33583,3
33594,3
33605,5
33644,2
33662,2
33677,0
33698,2
33700,5
33761,4
33780,8
33790,6
33814,6
33842,1
33887,6
33925,4
33949,1
33955,4
33959,8
33983,0
34011,8
34054,0
34070,0
34101,4
34112,5
34116,2
34136,2
34143,3
34166,1
34212,8
34234,4
34302,0
34304,8
34356,0
34392,0
34409,4
34411,5
34414,8
34438,5
34475,2
34523,0
34529,6
34540,8
34624,6
34630,3
34691,8
34709,4
34732,7
34734,8
34745,2
34749,1
34759,1
34785,8
34799,2
34813,8
34815,3
34816,6
34864,2
34867,0
34878,9
34948,4
35074,0
35082,5
35107,0
35116,1
35138,2
35197,1
35201,4
35231,3
35243,0
35271,3
35278,1
35321,7
35323,8
35366,3
35370,1
35384,9
35400,0
35408,0
35415,3
35449,0
35460,8
35528,3
35542,3
35559,8
35581,4
35607,6
35613,3
35619,8
35632,0
35639,0
35649,3
35654,1
35673,4
35688,3
35702,5
35742,0
35743,5
35761,1
35803,3
35807,9
35872,2
35875,4
35876,3
35891,3
35959,0
35977,5
36016,2
36079,6
36081,2
36086,5
36091,5
36174,4
36206,3
36222,4
36225,9
36289,5
36351,0
36462,2
36463,2
36476,0
36535,1
36543,2
36553,2
36555,3
36556,5
36604,3
36608,1
36609,5
36619,4
36628,0
36641,4
36659,4
36692,0
36696,8
36722,5
36737,0
36758,7
36787,5
36788,0
36789,0
36820,8
36831,1
36858,2
36890,6
36891,8
36912,3
36914,2
36931,3
36937,0
36938,4
36946,3
36947,1
36959,8
36989,5
37027,0
37065,3
37079,0
37120,2
37128,4
37152,8
37163,3
37175,6
37179,1
37180,5
37204,3
37207,1
37209,3
37210,2
37212,7
37226,5
37250,3
37251,4
37281,8
37287,0
37292,6
37311,4
37323,0
37330,1
37366,4
37369,9
37427,2
37468,3
37485,4
37529,0
37554,0
37588,2
37604,3
37634,4
37643,3
37645,4
37667,6
37689,3
37694,7
37700,3
37714,0
37745,3
37749,5
37752,0
37753,7
37765,3
37787,0
37790,0
37836,5
37840,4
37890,3
37901,0
37903,3
37908,3
37913,3
37924,8
37939,1
37944,3
37957,2
37964,2
37986,4
38011,4
38012,4
38014,8
38093,4
38094,2
38109,3
38139,0
38157,0
38171,2
38211,0
38227,4
38296,4
38301,4
38357,1
38362,5
38375,4
38377,3
38401,2
38465,1
38498,4
38506,7
38511,6
38527,2
38567,4
38589,8
38603,4
38620,7
38626,5
38653,3
38693,0
38695,6
38702,8
38719,5
38732,3
38742,8
38769,1
38805,8
38826,2
38843,5
38858,8
38864,5
38888,5
38889,0
38903,0
38934,5
38949,0
38991,3
39035,8
39037,0
39048,7
39053,7
39068,8
39081,3
39105,6
39132,5
39158,5
39161,2
39162,2
39164,6
39177,6
39201,8
39203,2
39217,1
39221,6
39235,3
39264,8
39343,2
39350,8
39380,5
39395,8
39398,2
39443,4
39484,1
39491,4
39494,0
39503,0
39612,0
39638,4
39641,3
39679,6
39680,4
39701,0
39718,9
39720,4
39723,4
39730,4
39755,0
39758,0
39763,4
39780,5
39786,3
39792,6
39809,4
39823,0
39827,8
39832,8
39850,0
39852,3
39885,3
39931,1
39951,8
39955,0
39982,3
39984,1
40014,5
40015,1
40048,8
40055,3
40068,3
40081,4
40089,8
40098,1
40103,0
40130,4
40135,4
40201,1
40212,2
40213,8
40224,4
40285,4
40298,3
40313,0
40337,3
40367,6
40374,3
40381,8
40389,0
40399,1
40404,3
40428,0
40445,2
40450,4
40478,5
40485,9
40508,9
40523,4
40548,4
40561,1
40577,1
40581,2
40587,5
40588,3
40605,1
40623,5
40636,3
40640,5
40699,2
40775,6
40828,6
40881,2
40910,4
40927,6
40941,6
40945,8
40985,2
41036,4
41052,0
41056,0
41069,0
41071,3
41097,9
41100,0
41112,2
41172,6
41190,6
41203,8
41234,2
41235,8
41276,2
41284,2
41346,6
41359,8
41378,3
41384,0
41388,0
41431,8
41432,0
41436,3
41437,1
41438,2
41458,2
41495,8
41507,3
41511,4
41574,4
41575,8
41620,0
41621,8
41627,0
41656,7
41695,6
41702,2
41710,2
41717,7
41735,6
41799,1
41815,5
41816,1
41825,4
41837,0
41843,3
41849,6
41856,0
41865,4
41870,4
41894,1
41897,1
41907,0
41929,3
41933,5
42041,3
42046,5
42054,3
42071,1
42116,4
42130,8
42212,3
42241,8
42251,3
42274,5
42286,4
42343,3
42358,0
42455,4
42485,1
42521,6
42538,2
42541,6
42552,0
42568,2
42575,8
42578,1
42587,4
42608,0
42634,0
42681,3
42697,4
42753,5
42777,3
42801,0
42857,4
42873,8
42881,1
42891,2
42910,5
42925,0
42958,2
42965,0
42978,6
43000,9
43106,4
43132,3
43135,3
43165,8
43177,6
43186,0
43196,3
43228,4
43240,2
43260,6
43273,0
43291,4
43303,5
43321,8
43342,8
43344,1
43364,4
43418,0
43438,3
43458,1
43465,0
43466,3
43488,5
43501,8
43525,8
43538,8
43557,3
43560,5
43574,5
43613,0
43635,2
43638,5
43645,7
43669,7
43671,1
43699,5
43705,1
43726,6
43745,8
43757,4
43816,3
43834,0
43843,8
43844,1
43860,7
43895,2
43902,3
43930,8
43961,0
43969,7
44002,8
44006,5
44017,6
44061,8
44068,4
44072,8
44103,0
44111,7
44122,8
44208,0
44240,3
44242,1
44265,2
44298,2
44318,6
44329,5
44331,6
44340,9
44342,4
44344,0
44372,0
44374,2
44399,0
44401,2
44406,5
44435,3
44463,6
44474,0
44475,2
44480,5
44555,3
44557,3
44571,6
44575,3
44587,4
44589,0
44611,2
44613,4
44614,0
44685,4
44697,6
44731,4
44800,1
44815,0
44817,6
44835,7
44839,8
44841,2
44867,0
44877,4
44894,4
44953,6
44974,8
44980,8
45013,6
45029,1
45030,6
45033,4
45073,2
45082,8
45112,0
45141,6
45149,2
45206,2
45209,6
45238,4
45246,3
45252,4
45291,6
45346,2
45362,2
45377,3
45422,0
45437,1
45438,1
45460,6
45475,0
45491,5
45494,0
45506,6
45509,3
45563,3
45619,3
45686,6
45705,2
45714,2
45721,0
45727,3
45758,3
45779,2
45789,3
45794,4
45821,4
45838,2
45846,6
45866,8
45868,2
45876,4
45881,6
45934,6
45949,6
45962,1
45964,2
45971,8
46005,3
46075,3
46093,1
46104,4
46116,2
46143,2
46170,6
46280,3
46290,5
46306,3
46319,2
46369,5
46384,4
46394,2
46405,8
46428,8
46465,3
46475,8
46483,2
46495,8
46503,4
46533,4
46535,0
46539,1
46548,3
46574,2
46634,3
46652,3
46654,0
46670,6
46687,2
46704,6
46769,7
46775,0
46794,8
46805,5
46832,7
46848,3
46864,8
46871,0
46873,7
46941,5
46953,3
46957,7
46968,5
47013,8
47016,5
47028,4
47044,4
47052,8
47053,8
47110,7
47127,7
47140,3
47146,5
47188,8
47220,6
47245,3
47268,1
47283,8
47299,4
47302,2
47315,8
47325,7
47365,4
47369,2
47406,0
47441,3
47452,0
47473,0
47480,0
47483,4
47493,3
47494,5
47505,8
47507,4
47513,0
47520,3
47529,2
47534,2
47574,6
47597,8
47622,5
47631,6
47652,2
47658,2
47673,6
47694,6
47701,4
47706,2
47749,3
47766,9
47802,3
47804,2
47814,4
47818,3
47840,6
47873,5
47876,3
47914,0
47917,0
47930,3
47944,5
47956,2
47972,5
47989,8
47992,3
48068,4
48070,2
48107,2
48142,0
48238,2
48263,0
48295,0
48299,0
48307,5
48319,6
48322,0
48323,2
48372,8
48394,8
48402,4
48405,4
48467,4
48468,1
48485,3
48487,4
48491,6
48506,2
48511,0
48512,5
48531,2
48587,3
48606,5
48613,0
48670,0
48674,2
48688,8
48693,8
48703,4
48723,8
48726,8
48743,8
48804,9
48880,4
48928,4
48932,3
48934,2
48960,0
48965,3
48970,4
49027,0
49077,3
49082,3
49106,2
49118,1
49132,5
49152,5
49154,1
49160,2
49181,2
49196,4
49205,1
49233,6
49249,3
49263,0
49274,4
49285,2
49292,1
49325,4
49339,1
49343,5
49379,4
49380,1
49419,0
49445,5
49449,6
49452,2
49454,2
49513,4
49515,2
49526,6
49528,0
49530,0
49548,8
49566,3
49569,1
49572,8
49585,3
49637,8
49638,3
49684,5
49712,4
49724,8
49741,4
49754,4
49756,8
49763,3
49773,2
49787,1
49828,6
49958,7
49989,0
49994,4
50014,4
50058,6
50074,8
50076,6
50077,8
50108,6
50134,4
50164,4
50192,0
50227,7
50235,0
50238,8
50252,5
50263,5
50293,1
50342,8
50344,0
50355,6
50392,7
50436,9
50452,2
50540,5
50558,9
50565,3
50583,4
50587,4
50591,4
50599,4
50600,1
50604,8
50607,8
50619,6
50629,0
50656,4
50673,4
50688,3
50717,3
50810,6
50852,0
50853,5
50861,8
50869,8
50870,6
50886,8
50887,5
50939,5
50961,6
50968,0
50985,5
50987,2
51003,1
51051,1
51078,8
51130,5
51170,4
51182,4
51190,1
51193,7
51201,3
51214,2
51219,6
51221,4
51244,8
51250,1
51262,2
51268,3
51274,3
51326,8
51329,9
51341,8
51352,0
51366,5
51379,2
51382,4
51394,8
51404,0
51468,1
51483,1
51548,1
51598,0
51605,5
51606,1
51630,2
51643,7
51648,2
51674,5
51686,3
51692,5
51701,3
51711,6
51720,8
51721,2
51728,6
51778,6
51813,1
51831,0
51837,3
51890,3
51901,1
51918,3
51922,2
51923,4
51939,4
51964,8
51967,7
51968,8
51970,3
51978,0
51988,7
51990,5
51996,7
52001,2
52021,0
52036,0
52039,0
52059,3
52062,6
52081,1
52098,3
52116,3
52120,1
52172,5
52175,1
52189,2
52192,5
52221,0
52243,4
52268,1
52273,6
52279,4
52292,8
52300,3
52302,7
52313,0
52335,2
52363,7
52364,5
52388,5
52398,8
52415,3
52421,6
52443,7
52452,5
52485,8
52514,6
52515,4
52521,1
52545,3
52604,4
52605,9
52613,0
52628,0
52639,0
52642,4
52685,6
52695,2
52721,4
52754,6
52831,0
52832,0
52841,2
52855,4
52865,0
52876,4
52901,8
52908,6
52918,6
52922,3
52942,2
52961,1
52986,6
52994,3
53036,8
53058,1
53081,6
53112,8
53116,0
53169,6
53171,7
53182,3
53221,6
53226,4
53241,3
53243,0
53290,0
53314,1
53335,8
53358,3
53362,4
53365,3
53378,4
53380,0
53382,3
53420,8
53422,6
53429,0
53449,4
53452,4
53453,3
53472,6
53473,2
53517,8
53522,2
53555,6
53651,8
53654,4
53738,4
53753,4
53776,4
53825,2
53829,5
53860,8
53879,2
53886,7
53923,3
53926,2
53978,5
53982,0
53985,4
53995,3
54016,3
54040,8
54041,4
54055,9
54105,2
54125,2
54132,8
54189,5
54205,6
54214,0
54216,8
54221,0
54273,3
54279,4
54282,5
54301,3
54303,0
54319,4
54322,3
54362,8
54398,3
54514,0
54525,5
54560,3
54617,4
54629,0
54694,3
54706,3
54722,3
54745,4
54757,8
54764,0
54768,2
54788,6
54801,4
54825,1
54856,3
54864,1
54893,2
54894,2
54910,3
54918,4
54936,4
54950,8
54968,1
54980,0
54996,3
55010,5
55020,8
55026,8
55028,3
55032,2
55045,0
55050,3
55060,5
55073,4
55091,3
55133,3
55146,8
55188,2
55194,3
55202,2
55212,5
55215,1
55217,0
55221,8
55231,3
55239,4
55271,1
55278,0
55288,0
55290,0
55300,2
55373,2
55403,5
55416,4
55419,3
55426,7
55442,5
55449,1
55488,3
55490,4
55495,1
55502,1
55564,4
55581,8
55593,0
55617,0
55621,1
55622,0
55640,3
55649,3
55655,2
55658,4
55660,6
55667,5
55672,5
55697,8
55713,6
55764,8
55771,3
55776,4
55797,6
55808,2
55814,9
55845,3
55862,2
55868,8
55873,0
55874,3
55886,5
55903,5
55912,2
55926,3
55933,2
55978,9
55991,0
56001,8
56023,0
56053,3
56142,4
56147,4
56175,2
56195,6
56262,5
56282,2
56342,6
56344,5
56347,0
56348,9
56361,2
56364,4
56386,8
56396,8
56428,8
56438,7
56444,0
56462,7
56513,2
56523,8
56526,6
56553,2
56554,5
56574,3
56612,2
56631,2
56668,1
56707,0
56720,5
56735,0
56776,3
56784,4
56786,5
56789,5
56824,2
56825,4
56847,2
56880,7
56900,7
56946,4
56950,0
56997,4
56998,2
57011,4
57058,1
57067,0
57102,4
57106,5
57143,6
57191,2
57221,0
57224,4
57233,6
57241,0
57260,6
57263,8
57268,1
57276,8
57295,9
57300,3
57305,1
57362,1
57368,4
57384,0
57391,3
57417,4
57432,9
57457,3
57477,3
57482,4
57513,8
57601,0
57604,2
57623,9
57628,2
57656,6
57660,3
57667,9
57671,5
57696,8
57698,3
57717,3
57719,6
57730,0
57737,8
57778,1
57781,3
57789,5
57803,4
57847,0
57869,8
57873,4
57877,3
57934,4
57941,3
57942,5
57952,3
57956,2
57965,4
57972,4
57983,3
57985,4
58003,4
58012,0
58047,4
58136,6
58165,5
58224,6
58239,8
58254,2
58273,8
58278,3
58290,5
58293,8
58302,8
58303,6
58311,3
58325,4
58333,3
58346,7
58357,5
58376,0
58391,5
58402,0
58419,5
58456,5
58472,2
58500,0
58544,3
58555,4
58556,8
58559,4
58560,0
58580,1
58604,5
58626,6
58645,0
58651,2
58674,8
58690,7
58809,0
58834,5
58839,6
58845,5
58874,3
58894,5
58896,2
58937,3
58938,4
58956,4
58993,8
59005,5
59011,2
59039,6
59040,2
59047,4
59061,2
59064,5
59076,2
59103,0
59113,2
59148,0
59160,5
59185,4
59186,2
59188,2
59210,4
59237,6
59247,1
59260,8
59263,3
59290,2
59312,4
59375,3
59390,2
59407,4
59410,2
59411,5
59432,4
59477,0
59492,5
59499,2
59500,3
59501,4
59510,0
59534,4
59576,5
59578,6
59625,1
59665,7
59670,5
59672,2
59684,2
59686,1
59723,0
59753,4
59760,3
59797,2
59806,1
59837,8
59860,3
59865,8
59896,2
59926,8
59936,8
59952,0
59955,3
59957,3
