1,0
13,6
45,9
53,4
55,8
82,2
110,9
121,0
155,6
165,6
195,9
196,7
204,6
209,0
218,6
227,9
232,0
242,3
279,3
334,9
343,8
344,9
390,2
391,2
401,6
450,1
500,3
501,9
547,6
557,3
559,8
582,0
648,1
651,7
656,0
701,6
707,9
737,6
793,9
825,0
829,6
856,3
867,3
869,0
875,3
922,6
939,6
943,0
984,0
989,2
991,4
1066,9
1074,2
1097,3
1128,0
1130,3
1147,9
1186,7
1235,9
1240,6
1250,9
1270,2
1291,9
1305,9
1318,6
1330,2
1341,3
1355,9
1374,2
1401,9
1403,0
1405,1
1470,3
1502,0
1503,6
1618,7
1620,9
1687,7
1708,6
1726,6
1728,9
1741,6
1790,8
1798,0
1830,6
1836,3
1884,9
1890,6
1905,9
1918,6
1926,0
1941,3
1946,7
1969,0
1984,9
2005,6
2024,7
2060,9
2087,3
2126,6
2127,3
2128,3
2132,3
2137,9
2156,6
2160,0
2191,0
2219,9
2275,3
2299,9
2324,6
2345,6
2351,9
2379,3
2411,0
2471,9
2504,6
2506,3
2514,9
2516,6
2517,2
2523,6
2535,3
2579,9
2603,3
2746,0
2760,3
2762,1
2764,9
2765,0
2780,5
2791,1
2797,9
2806,0
2822,6
2850,6
2860,9
2863,6
2884,6
2934,9
2952,0
2958,8
2987,8
3001,0
3008,7
3034,3
3046,6
3081,7
3164,9
3195,0
3198,0
3199,2
3253,7
3255,7
3265,9
3330,6
3335,6
3400,3
3519,9
3526,8
3534,0
3663,9
3683,3
3702,0
3731,7
3735,3
3765,2
3773,9
3792,8
3804,7
3818,9
3829,0
3836,2
3873,6
3903,4
3912,9
3967,9
3979,8
3980,2
3995,3
4022,3
4036,8
4039,6
4047,0
4056,9
4112,6
4123,0
4271,3
4277,9
4279,0
4326,7
4328,3
4339,3
4349,6
4354,7
4356,0
4362,9
4371,2
4400,3
4401,2
4425,9
4449,3
4459,9
4464,4
4484,1
4531,6
4533,6
4542,2
4579,3
4581,3
4622,5
4630,9
4653,0
4655,0
4690,9
4736,3
4747,9
4755,3
4756,0
4793,0
4795,3
4803,8
4804,0
4850,3
4870,0
4879,9
4907,7
4922,6
4931,0
4936,9
4938,2
4966,3
4971,1
4980,6
5007,0
5019,0
5043,8
5080,3
5125,9
5133,0
5153,3
5169,1
5176,1
5186,3
5219,9
5240,5
5252,3
5270,3
5280,7
5289,2
5315,3
5317,0
5337,3
5353,0
5413,6
5421,2
5426,9
5451,6
5458,3
5463,8
5503,9
5510,3
5512,0
5561,6
5572,9
5587,6
5607,9
5608,0
5615,0
5618,2
5624,2
5650,7
5660,3
5664,9
5672,9
5677,2
5694,0
5718,9
5815,2
5817,9
5871,3
5884,0
5909,2
5912,7
5920,6
5922,3
5964,9
5973,6
5985,2
6047,6
6051,9
6069,3
6076,0
6118,3
6128,4
6225,9
6236,6
6241,7
6291,3
6315,7
6376,9
6388,6
6401,5
6405,3
6446,0
6486,6
6491,9
6497,3
6504,5
6532,4
6551,6
6624,2
6626,2
6630,0
6661,9
6677,8
6706,3
6710,3
6719,3
6721,6
6725,2
6763,0
6779,9
6797,4
6854,6
6875,0
6901,4
6905,8
6906,3
6917,0
6926,1
6934,9
6953,7
7003,0
7018,0
7031,3
7050,0
7096,6
7097,3
7105,1
7158,0
7171,9
7189,3
7198,9
7224,6
7243,0
7249,5
7277,7
7289,6
7310,9
7313,2
7318,0
7339,3
7356,8
7367,3
7373,0
7396,3
7409,0
7412,3
7418,7
7427,0
7439,8
7462,0
7465,0
7539,8
7543,6
7559,6
7641,6
7649,0
7652,4
7680,9
7697,7
7707,0
7744,6
7759,6
7778,3
7788,1
7803,3
7812,9
7861,3
7868,6
7878,3
7880,6
7934,0
7936,9
7953,2
7961,7
8008,8
8055,3
8064,6
8122,3
8198,7
8237,7
8259,3
8273,0
8289,0
8317,4
8322,9
8323,0
8325,4
8352,6
8363,9
8369,0
8428,2
8442,9
8447,3
8502,7
8509,0
8546,6
8557,3
8591,2
8601,9
8649,5
8665,7
8677,4
8684,3
8703,0
8718,7
8726,6
8736,9
8741,7
8771,3
8773,3
8795,3
8848,6
8886,2
8894,0
8911,6
8912,0
8921,2
8932,0
8942,6
8948,3
9004,3
9008,8
9015,6
9042,6
9043,1
9048,0
9049,6
9074,3
9093,5
9101,0
9141,3
9167,9
9179,2
9182,3
9204,0
9220,8
9265,9
9293,3
9313,0
9333,2
9336,5
9342,0
9361,8
9374,2
9417,6
9422,0
9424,3
9441,0
9451,0
9452,0
9454,7
9466,3
9483,9
9486,6
9508,2
9512,6
9534,6
9594,8
9596,6
9608,8
9614,9
9639,3
9689,2
9735,1
9763,5
9854,7
9921,6
9929,6
9932,3
9949,9
9953,3
9971,0
9993,4
9997,6
10000,3
10003,9
10055,9
10065,5
10080,0
10081,2
10083,0
10101,6
10106,2
10108,6
10158,2
10242,0
10315,7
10324,7
10337,7
10341,9
10352,0
10368,2
10414,9
10425,0
10435,6
10436,2
10453,3
10473,6
10475,6
10501,9
10514,2
10523,0
10529,9
10577,9
10583,2
10597,9
10621,9
10638,1
10645,0
10664,0
10676,3
10685,9
10689,0
10709,6
10720,8
10767,6
10792,6
10813,6
10829,4
10834,1
10874,0
10876,3
10902,3
10966,3
10991,6
11017,2
11018,2
11027,0
11052,0
11070,8
11075,3
11093,1
11108,8
11151,9
11201,3
11206,9
11226,6
11269,0
11313,9
11365,8
11367,9
11370,7
11388,9
11428,0
11489,3
11513,3
11551,6
11555,8
11584,0
11605,0
11610,6
11639,0
11657,0
11664,7
11684,6
11689,7
11693,3
11729,0
11749,8
11816,9
11822,7
11846,0
11866,6
11910,3
11918,9
11951,3
11960,3
11969,0
11996,6
12000,7
12023,6
12024,3
12050,9
12054,8
12069,9
12086,3
12096,9
12099,8
12100,3
12108,3
12134,0
12152,3
12191,6
12196,2
12231,6
12245,3
12259,0
12264,0
12342,9
12402,6
12409,2
12422,2
12431,9
12450,6
12504,0
12533,0
12536,3
12579,7
12621,2
12662,0
12686,0
12698,3
12700,3
12706,1
12721,9
12727,2
12733,5
12739,9
12744,6
12746,1
12767,9
12796,0
12810,6
12815,2
12837,0
12838,3
12855,6
12868,9
12881,3
12901,3
12907,0
12923,8
12926,0
12964,6
12992,0
13002,9
13072,9
13097,0
13105,3
13110,3
13111,9
13117,0
13148,2
13156,2
13184,0
13189,8
13194,9
13202,3
13216,0
13230,0
13235,9
13252,4
13257,2
13293,3
13335,0
13353,3
13361,9
13396,8
13468,6
13478,3
13502,5
13528,0
13538,5
13557,9
13559,8
13613,2
13652,9
13667,2
13672,9
13678,9
13685,0
13693,2
13701,1
13719,0
13721,1
13735,2
13817,4
13880,0
13881,6
13894,3
13921,0
13933,7
13941,6
13966,8
13996,9
13998,9
14002,3
14010,9
14011,7
14044,6
14058,9
14084,2
14109,6
14131,0
14136,6
14151,9
14159,6
14164,9
14190,6
14217,9
14237,6
14270,8
14352,3
14365,9
14374,6
14391,7
14398,7
14470,7
14552,3
14566,3
14570,6
14573,7
14576,6
14599,5
14642,7
14658,6
14681,9
14743,9
14745,8
14763,2
14768,6
14773,0
14795,7
14819,2
14825,3
14830,8
14855,3
14856,3
14857,0
14875,9
14876,2
14883,3
14891,7
14905,4
14910,6
14915,9
14944,0
14950,9
14959,0
14991,0
15003,3
15010,3
15011,4
15014,3
15029,9
15059,4
15072,9
15117,9
15120,0
15125,3
15150,0
15163,3
15195,9
15212,9
15247,8
15268,9
15318,0
15357,9
15367,9
15369,9
15388,3
15449,7
15459,6
15466,2
15480,0
15493,1
15495,2
15592,9
15593,9
15609,9
15619,0
15625,6
15630,3
15689,7
15734,0
15759,0
15774,3
15782,8
15814,0
15831,6
15861,8
15875,6
15883,0
15928,0
15970,9
15972,9
15994,2
16019,3
16052,7
16070,6
16075,3
16079,7
16091,3
16146,2
16161,6
16202,0
16243,3
16253,9
16260,3
16288,7
16330,9
16417,8
16419,7
16423,0
16427,3
16439,0
16474,0
16498,0
16518,0
16519,0
16528,7
16538,6
16544,2
16564,3
16588,9
16604,6
16607,0
16622,9
16632,6
16658,8
16661,7
16700,7
16721,7
16728,6
16740,9
16744,2
16748,3
16755,3
16758,0
16787,0
16792,6
16801,9
16816,9
16827,9
16829,9
16878,9
16923,1
16950,1
16957,6
16961,0
16968,9
17001,6
17015,4
17017,7
17025,0
17040,3
17134,0
17150,6
17155,3
17161,6
17175,3
17183,7
17236,0
17242,3
17251,6
17285,0
17333,3
17334,0
17347,9
17384,9
17410,9
17432,2
17463,9
17489,2
17494,5
17497,7
17517,9
17551,9
17586,1
17614,8
17645,5
17663,2
17666,9
17682,9
17684,2
17693,0
17723,9
17737,9
17755,0
17764,6
17770,0
17781,3
17792,9
17845,1
17863,6
17869,5
17898,4
17902,9
17941,0
17969,7
17974,7
18006,7
18017,2
18024,9
18033,6
18042,0
18048,7
18060,9
18064,0
18065,2
18097,2
18122,7
18143,9
18192,2
18194,6
18225,3
18232,0
18241,9
18271,6
18284,0
18292,6
18371,0
18374,9
18379,5
18397,3
18426,3
18453,3
18454,2
18485,3
18500,9
18502,7
18517,6
18527,3
18558,9
18572,0
18624,9
18662,2
18687,3
18694,9
18697,9
18712,0
18747,9
18770,3
18815,2
18820,9
18826,3
18836,0
18843,7
18868,0
18874,9
18889,0
18891,2
18908,6
18909,0
18917,9
18957,6
18975,3
18984,9
18992,3
19037,6
19043,8
19057,7
19061,0
19062,6
19063,3
19066,6
19075,3
19140,9
19190,9
19225,0
19231,3
19245,2
19260,7
19287,4
19299,4
19395,9
19422,5
19431,6
19462,6
19474,3
19482,1
19500,3
19518,3
19539,9
19540,8
19559,6
19704,7
19714,0
19729,9
19766,9
19785,9
19802,2
19876,2
19948,8
19974,0
20072,3
20083,1
20085,0
20137,6
20147,3
20161,0
20167,3
20187,6
20188,9
20192,3
20235,9
20256,0
20272,6
20292,0
20307,9
20308,9
20326,3
20343,6
20344,3
20347,3
20369,0
20392,0
20414,2
20427,1
20459,1
20460,4
20471,0
20477,7
20480,6
20489,6
20493,2
20499,3
20518,9
20577,0
20589,1
20591,0
20644,9
20645,0
20686,1
20744,6
20762,0
20764,6
20771,8
20773,9
20782,6
20814,0
20830,9
20839,6
20849,3
20854,5
20863,0
20891,6
20902,3
20941,3
20982,9
20992,2
21002,1
21015,9
21032,9
21035,3
21110,8
21126,6
21128,6
21149,3
21192,9
21219,2
21238,3
21266,0
21282,8
21320,3
21331,6
21332,6
21342,1
21348,6
21411,6
21435,2
21445,9
21469,0
21479,1
21501,7
21518,7
21549,8
21562,9
21582,3
21597,2
21610,3
21620,0
21673,3
21686,9
21692,2
21697,1
21718,9
21729,4
21767,1
21836,5
21853,3
21871,7
21910,0
21920,6
21923,1
21924,9
21961,6
21975,0
22008,0
22011,3
22070,2
22077,7
22088,9
22108,9
22123,8
22162,3
22202,0
22210,6
22211,5
22245,0
22263,9
22274,8
22296,9
22297,0
22320,8
22352,0
22413,3
22427,1
22430,0
22441,0
22471,9
22543,8
22547,4
22605,0
22643,3
22671,1
22683,7
22684,9
22687,9
22706,0
22709,6
22718,6
22730,3
22755,8
22809,6
22824,9
22872,6
22906,3
22932,0
22963,3
22971,7
22978,0
22986,6
22999,3
23004,8
23020,2
23046,3
23068,7
23128,9
23136,0
23157,3
23169,5
23198,6
23203,1
23265,3
23284,6
23322,3
23323,2
23331,0
23335,2
23337,3
23343,6
23351,0
23363,6
23365,9
23378,0
23399,1
23445,7
23515,9
23541,0
23564,2
23594,6
23601,0
23625,2
23627,0
23634,3
23644,4
23662,0
23667,6
23687,6
23693,1
23710,9
23724,3
23788,1
23794,2
23798,7
23828,0
23831,8
23850,6
23856,0
23888,3
23947,5
23978,7
24009,9
24030,6
24048,8
24076,4
24085,0
24096,2
24121,0
24176,3
24198,2
24212,0
24219,3
24225,0
24231,3
24276,0
24291,7
24335,5
24351,7
24369,3
24376,1
24390,2
24398,9
24432,4
24443,7
24444,0
24479,8
24480,0
24491,2
24572,7
24587,8
24588,9
24599,7
24699,7
24715,0
24787,3
24804,6
24815,7
24892,0
24898,9
24928,7
24944,6
24962,0
24978,0
25015,8
25016,8
25039,0
25088,2
25092,0
25137,0
25209,3
25245,3
25253,1
25262,8
25263,9
25302,1
25312,0
25317,6
25331,3
25358,6
25367,9
25373,3
25404,9
25411,5
25417,3
25431,3
25432,9
25435,6
25446,9
25478,9
25497,0
25518,0
25523,3
25525,7
25536,3
25584,0
25604,4
25611,6
25643,9
25671,3
25676,0
25712,9
25743,0
25752,2
25769,6
25773,0
25824,9
25846,4
25860,6
25870,8
25943,6
25993,3
26002,1
26012,2
26045,9
26073,0
26103,0
26109,4
26119,6
26120,2
26130,3
26156,3
26176,0
26179,9
26184,0
26186,6
26197,0
26203,8
26205,1
26237,2
26255,7
26257,8
26273,8
26280,2
26323,0
26332,9
26338,0
26342,6
26349,9
26374,7
26383,3
26392,6
26412,3
26427,0
26469,6
26497,6
26521,6
26535,1
26548,3
26561,3
26612,9
26624,2
26641,6
26662,3
26710,3
26716,6
26720,8
26722,0
26724,3
26730,9
26778,7
26817,2
26828,9
26861,9
26898,7
26923,0
26929,3
26937,0
26950,9
26956,2
27003,1
27013,1
27016,9
27019,6
27028,1
27042,5
27060,3
27090,6
27114,0
27116,9
27128,9
27150,2
27164,9
27186,2
27188,2
27211,3
27242,1
27247,0
27306,6
27329,1
27333,3
27338,6
27361,9
27518,3
27527,3
27536,6
27556,6
27561,7
27564,1
27583,0
27626,9
27636,8
27680,2
27692,9
27712,0
27717,7
27718,3
27750,6
27770,2
27847,3
27884,9
27893,0
27909,9
27910,8
27911,0
27952,5
27956,7
27987,3
28001,6
28039,6
28096,4
28122,0
28144,8
28165,0
28186,0
28194,9
28198,8
28251,6
28260,9
28295,0
28326,6
28347,2
28358,0
28400,6
28402,0
28507,6
28515,3
28542,7
28592,9
28626,3
28670,7
28676,9
28696,7
28704,6
28740,0
28764,7
28774,9
28807,6
28822,1
28840,0
28868,2
28871,8
28900,3
28904,0
28920,2
28945,0
28960,9
28980,4
29000,2
29014,3
29125,1
29126,8
29139,8
29161,9
29169,6
29171,2
29181,3
29186,7
29219,2
29223,8
29234,9
29240,2
29265,1
29341,0
29352,3
29364,0
29394,0
29420,0
29460,6
29492,9
29503,4
29504,3
29564,0
29588,4
29610,3
29689,7
29718,0
29719,3
29765,3
29823,3
29830,5
29836,6
29847,9
29863,8
29873,0
29891,6
29902,1
29903,0
29907,0
29937,0
29962,3
29967,2
29968,1
29970,6
30022,9
30033,6
30037,0
30045,6
30063,6
30083,6
30084,3
30090,3
30094,2
30096,9
30105,3
30161,6
30162,8
30223,0
30227,2
30237,9
30240,0
30334,9
30338,6
30353,2
30365,2
30385,9
30393,5
30417,3
30443,2
30445,3
30471,1
30474,6
30478,8
30505,9
30526,6
30574,3
30598,9
30603,9
30624,0
30641,7
30644,3
30670,7
30686,9
30692,3
30693,9
30705,2
30707,0
30710,2
30747,3
30754,3
30769,2
30791,2
30817,5
30854,1
30857,6
30893,9
30915,3
30946,7
30967,8
30986,3
30998,7
31002,2
31040,6
31064,7
31086,5
31130,9
31131,9
31143,6
31149,5
31160,7
31161,9
31194,0
31201,3
31212,6
31226,9
31231,6
31269,3
31289,6
31303,6
31314,0
31329,8
31339,6
31361,0
31400,9
31417,9
31480,9
31485,7
31491,6
31505,0
31508,2
31530,8
31532,9
31540,8
31544,3
31550,7
31565,9
31568,6
31606,6
31617,2
31624,9
31639,0
31662,2
31675,9
31676,9
31695,0
31713,7
31728,4
31732,8
31736,6
31842,9
31850,7
31878,9
31884,2
31969,0
31989,3
32002,6
32078,8
32090,5
32103,8
32111,6
32130,0
32143,6
32144,0
32165,0
32209,3
32244,8
32265,6
32293,0
32333,0
32334,1
32370,6
32409,3
32410,9
32420,3
32443,9
32455,6
32486,1
32492,5
32503,8
32508,2
32555,9
32569,6
32624,6
32685,3
32700,7
32712,8
32726,2
32732,9
32767,9
32777,9
32855,1
32883,3
32918,2
32925,0
32933,3
32970,9
32972,9
32978,6
33000,3
33020,0
33076,6
33080,3
33114,3
33130,9
33142,0
33150,8
33162,8
33169,3
33171,7
33172,0
33178,6
33189,3
33227,6
33232,9
33249,9
33298,1
33329,9
33358,9
33394,1
33429,6
33460,8
33486,6
33496,0
33505,2
33520,6
33548,6
33566,3
33581,9
33583,3
33584,6
33594,3
33627,7
33631,8
33633,3
33670,0
33685,2
33704,6
33721,9
33723,0
33729,3
33762,9
33794,6
33812,6
33822,9
33844,0
33874,0
33887,6
33899,9
33945,0
33960,6
33983,0
33989,3
34006,3
34013,9
34019,9
34034,8
34096,1
34126,9
34132,7
34168,1
34196,9
34247,6
34268,3
34283,0
34305,0
34330,9
34339,9
34345,0
34356,0
34366,3
34372,8
34381,0
34392,0
34393,6
34493,1
34577,8
34587,3
34657,2
34662,0
34666,7
34675,2
34693,9
34698,6
34706,0
34710,3
34737,0
34784,4
34798,0
34803,0
34812,6
34818,9
34833,2
34845,3
34848,2
34866,3
34891,2
34975,9
35002,9
35004,9
35016,9
35035,2
35051,2
35054,9
35067,0
35202,2
35211,6
35273,9
35282,0
35309,8
35332,9
35346,3
35399,1
35444,9
35445,2
35462,5
35473,0
35491,3
35496,1
35504,3
35506,9
35517,6
35528,3
35544,7
35564,6
35572,2
35596,1
35606,2
35644,2
35659,0
35672,9
35678,2
35692,3
35765,3
35768,6
35805,3
35810,6
35837,7
35842,7
35853,0
35891,3
35923,0
35949,3
35956,9
35971,0
35973,0
35982,0
35994,0
36013,9
36039,2
36101,6
36104,9
36123,2
36125,6
36154,3
36163,0
36175,6
36188,7
36197,7
36200,4
36294,6
36301,3
36308,6
36314,4
36324,3
36331,0
36337,3
36338,3
36358,6
36362,0
36370,9
36376,0
36399,4
36414,0
36440,0
36476,0
36485,2
36519,0
36521,9
36537,0
36542,3
36572,3
36621,0
36644,3
36653,6
36671,3
36679,9
36693,2
36725,6
36755,3
36760,7
36779,9
36830,9
36873,7
36874,0
36886,9
36912,3
36948,0
36950,2
36951,7
36953,0
36964,7
36972,7
37022,3
37025,9
37033,6
37035,3
37077,9
37079,0
37082,3
37090,7
37111,9
37178,8
37186,3
37197,3
37214,2
37229,3
37280,3
37282,6
37306,9
37335,0
37345,6
37352,9
37361,3
37373,3
37396,8
37430,9
37468,3
37493,8
37497,0
37542,6
37543,0
37549,6
37559,0
37562,4
37566,3
37599,6
37642,0
37649,3
37680,5
37686,0
37724,6
37753,7
37756,3
37777,2
37781,9
37790,0
37795,3
37829,6
37841,0
37847,3
37863,2
37877,9
37885,8
37888,6
37890,3
37921,0
37953,0
37968,0
38000,8
38017,7
38026,7
38035,0
38042,0
38046,9
38049,3
38102,0
38128,0
38133,7
38137,9
38157,0
38162,0
38206,1
38233,9
38261,2
38268,2
38293,9
38331,8
38367,6
38376,6
38377,3
38379,6
38382,8
38412,0
38447,7
38453,8
38469,2
38557,7
38571,6
38574,0
38579,0
38643,6
38673,9
38693,0
38746,0
38747,9
38754,6
38766,0
38817,5
38820,6
38838,7
38858,8
38867,3
38904,3
38912,8
38929,0
38930,9
38983,3
38993,0
39004,6
39012,1
39026,7
39029,0
39045,6
39081,3
39086,6
39087,6
39110,4
39141,8
39143,3
39259,9
39289,7
39340,6
39461,3
39504,0
39537,9
39549,9
39564,0
39587,2
39649,7
39675,3
39677,6
39741,3
39747,6
39760,7
39778,8
39820,3
39824,6
39839,0
39870,6
39895,9
39907,3
39933,3
40006,9
40010,6
40020,3
40100,3
40118,7
40122,0
40124,6
40136,9
40147,1
40152,2
40197,9
40208,0
40211,7
40218,0
40221,2
40229,6
40277,0
40281,3
40298,3
40331,6
40341,9
40361,4
40395,6
40407,6
40443,1
40458,9
40469,9
40508,9
40519,4
40521,0
40533,6
40542,2
40575,3
40673,8
40698,8
40755,9
40763,3
40782,2
40799,9
40805,3
40813,0
40820,0
40847,2
40849,6
40850,0
40859,0
40872,7
40876,9
40883,3
40895,0
40901,3
40926,3
40961,6
40985,2
40996,3
41005,9
41010,3
41012,0
41051,0
41077,0
41081,9
41123,3
41141,2
41155,9
41170,6
41171,3
41213,6
41219,9
41229,3
41233,3
41255,2
41259,0
41272,6
41299,3
41301,2
41306,9
41382,2
41412,0
41429,2
41436,3
41452,6
41466,2
41476,3
41497,9
41515,3
41529,8
41537,3
41538,6
41543,3
41566,5
41594,9
41614,0
41619,3
41620,0
41635,0
41662,2
41676,6
41701,9
41720,3
41776,3
41850,3
41863,3
41874,6
41881,2
41883,3
41988,6
41994,3
42015,1
42024,3
42031,7
42038,0
42066,6
42071,1
42087,3
42088,3
42104,8
42123,6
42152,9
42164,7
42174,6
42178,3
42185,0
42192,9
42201,3
42214,9
42255,3
42256,6
42303,3
42325,6
42332,1
42343,3
42373,2
42398,3
42405,6
42413,2
42451,7
42475,6
42508,3
42551,9
42558,6
42563,2
42566,9
42603,2
42658,0
42664,0
42669,3
42733,7
42738,9
42757,9
42771,0
42787,4
42795,0
42807,3
42853,9
42866,2
42879,9
42885,2
42958,2
42965,0
42994,3
42998,8
43035,6
43092,0
43105,2
43141,6
43177,6
43187,7
43224,3
43281,6
43341,7
43348,6
43362,7
43377,5
43385,9
43392,9
43403,8
43405,9
43424,6
43455,8
43457,6
43475,3
43481,4
43494,3
43499,9
43536,0
43538,8
43549,0
43554,0
43556,0
43557,3
43597,2
43620,6
43661,9
43667,9
43675,4
43677,3
43679,6
43689,2
43694,6
43697,6
43711,3
43717,3
43747,3
43759,3
43770,1
43777,9
43794,2
43877,2
43891,9
43941,0
43943,3
43954,4
43965,0
44001,9
44005,7
44044,9
44054,2
44070,6
44074,9
44085,9
44094,0
44101,3
44103,0
44111,7
44163,8
44170,7
44176,8
44188,3
44244,9
44247,2
44278,0
44303,3
44328,9
44331,6
44349,3
44386,4
44388,3
44416,3
44423,9
44425,2
44436,8
44444,6
44449,0
44519,3
44551,0
44575,3
44579,8
44619,0
44660,0
44661,1
44702,8
44710,2
44715,6
44722,6
44759,8
44766,0
44841,2
44854,9
44859,0
44863,9
44878,9
44882,9
44971,7
44987,5
45003,5
45013,6
45024,5
45035,0
45043,3
45086,9
45119,9
45135,3
45142,9
45165,0
45196,3
45217,3
45227,9
45244,9
45260,3
45263,5
45264,3
45312,3
45314,7
45321,3
45337,9
45340,3
45354,0
45374,7
45376,6
45390,5
45401,0
45402,0
45407,3
45425,6
45460,6
45477,3
45482,5
45511,0
45518,7
45523,6
45531,2
45542,6
45544,0
45552,6
45561,2
45577,0
45584,2
45608,0
45626,7
45630,6
45634,6
45635,6
45669,0
45702,6
45735,7
45747,3
45750,6
45757,6
45760,0
45774,3
45801,3
45824,9
45825,2
45842,8
45852,2
45885,2
45895,7
45903,3
45930,7
45953,0
45965,6
45986,6
45993,2
46005,3
46034,8
46051,3
46076,7
46098,3
46099,8
46109,6
46122,2
46131,6
46132,7
46150,4
46168,9
46176,9
46184,3
46189,6
46235,0
46248,7
46259,2
46272,6
46310,6
46326,1
46336,9
46369,5
46383,6
46397,8
46413,9
46466,7
46480,3
46523,3
46536,6
46552,1
46555,3
46585,2
46620,2
46632,6
46633,8
46660,9
46698,9
46718,1
46736,3
46755,6
46779,7
46797,0
46804,6
46822,0
46825,6
46854,3
46892,0
46937,3
46952,0
46963,0
46964,7
46975,0
46979,3
46991,6
47031,0
47041,1
47046,0
47061,7
47065,2
47070,4
47106,6
47116,8
47119,1
47126,9
47167,0
47185,9
47191,6
47199,2
47207,3
47212,8
47219,6
47232,7
47241,0
47251,5
47263,0
47265,6
47273,2
47335,0
47345,9
47358,6
47361,3
47403,9
47436,6
47443,2
47492,6
47520,3
47564,6
47587,3
47601,1
47611,6
47652,2
47657,9
47665,4
47690,0
47762,9
47806,7
47822,0
47823,4
47834,3
47855,0
47897,9
47933,9
48012,0
48014,3
48033,6
48097,9
48106,8
48122,7
48159,9
48204,8
48239,6
48253,1
48262,6
48278,6
48287,0
48296,8
48297,9
48308,7
48338,6
48346,6
48396,3
48413,9
48445,3
48477,9
48484,9
48488,0
48501,7
48507,6
48590,6
48591,6
48625,1
48627,0
48630,6
48631,0
48670,0
48722,3
48764,4
48773,8
48809,6
48888,9
48894,9
48918,6
48930,3
48964,9
48983,5
49016,8
49147,3
49161,6
49163,9
49165,8
49199,0
49201,8
49218,0
49244,0
49254,3
49278,0
49303,8
49336,0
49354,0
49367,5
49394,0
49404,3
49469,9
49500,0
49544,9
49560,3
49561,0
49564,9
49615,7
49674,2
49720,0
49767,9
49789,3
49815,0
49846,7
49848,0
49859,3
49865,6
49875,2
49889,0
49907,2
49924,0
49944,9
49956,9
49980,7
49997,8
50004,6
50010,5
50030,9
50088,9
50114,8
50121,7
50129,7
50131,3
50153,2
50171,8
50178,8
50193,6
50196,2
50212,3
50213,3
50246,8
50253,3
50260,3
50374,3
50420,5
50424,0
50431,3
50455,7
50462,9
50467,9
50475,2
50476,0
50495,2
50497,5
50505,8
50555,8
50565,3
50599,4
50626,8
50630,0
50720,2
50765,8
50769,0
50776,6
50784,9
50828,0
50836,6
50839,0
50862,0
50941,6
50962,2
50982,3
50989,3
50994,7
51001,2
51002,0
51009,8
51038,3
51045,0
51055,6
51173,3
51211,3
51217,3
51222,3
51259,0
51289,9
51297,9
51321,3
51350,4
51373,3
51376,3
51388,3
51396,4
51400,6
51422,0
51458,2
51477,7
51478,0
51517,2
51520,0
51525,6
51569,2
51596,6
51607,6
51608,2
51638,0
51644,9
51669,0
51697,6
51776,3
51777,0
51778,6
51797,0
51811,3
51831,0
51866,0
51903,3
51920,6
51938,9
51999,0
52004,6
52064,0
52076,6
52080,8
52169,2
52182,0
52207,2
52238,0
52289,0
52290,8
52298,3
52304,9
52306,8
52313,0
52324,9
52339,7
52374,6
52414,4
52434,6
52455,3
52471,7
52507,5
52514,6
52518,6
52551,6
52555,9
52558,0
52561,5
52571,6
52585,3
52605,9
52607,3
52609,0
52673,0
52674,6
52675,1
52690,3
52711,8
52728,0
52766,0
52788,6
52792,5
52805,9
52809,0
52820,6
52921,0
52933,8
52936,3
52938,2
52980,8
52989,9
53027,0
53047,6
53066,7
53075,3
53082,8
53091,3
53153,6
53161,8
53182,3
53190,9
53197,6
53217,9
53218,2
53224,2
53238,9
53252,3
53256,0
53276,9
53277,6
53332,3
53350,0
53369,9
53377,2
53389,6
53399,0
53438,9
53456,9
53460,0
53470,5
53488,3
53498,1
53511,9
53529,5
53535,0
53537,0
53581,6
53584,3
53653,8
53661,9
53683,9
53697,6
53775,6
53777,6
53778,9
53841,9
53845,9
53853,9
53855,7
53866,7
53871,1
53877,6
53880,0
53957,0
53960,3
53975,3
53995,3
54012,0
54014,3
54032,6
54057,9
54069,9
54086,6
54091,5
54102,0
54125,2
54201,3
54209,0
54214,0
54221,0
54231,8
54247,2
54248,3
54253,7
54265,6
54266,9
54290,0
54295,8
54309,4
54348,6
54371,0
54389,9
54408,2
54421,0
54430,3
54434,1
54461,5
54462,6
54474,0
54486,0
54488,8
54493,3
54509,9
54524,3
54559,3
54602,6
54646,6
54649,0
54658,3
54662,6
54690,0
54722,3
54755,0
54767,3
54812,0
54822,0
54853,0
54858,3
54884,8
54907,6
54910,3
54920,8
54977,3
54986,8
54993,9
54994,6
55038,3
55048,0
55056,0
55063,9
55093,3
55110,0
55123,6
55162,6
55209,2
55227,0
55242,0
55245,6
55246,0
55271,1
55291,7
55300,2
55301,3
55311,8
55313,9
55347,9
55363,7
55366,0
55379,6
55390,6
55408,0
55458,6
55463,5
55477,9
55488,3
55541,0
55554,5
55576,0
55578,8
55584,6
55592,3
55597,4
55616,6
55642,9
55656,0
55665,3
55681,0
55730,9
55751,3
55816,2
55817,0
55864,3
55877,4
55879,0
55885,7
55900,6
55946,8
55950,2
56004,8
56006,3
56052,7
56070,8
56125,2
56136,3
56139,3
56141,8
56170,8
56188,2
56217,0
56234,3
56236,0
56243,2
56254,8
56264,2
56274,7
56288,3
56295,8
56307,8
56324,3
56394,2
56397,0
56402,8
56406,4
56441,6
56486,9
56488,3
56492,3
56508,2
56512,0
56514,2
56556,0
56573,0
56574,3
56580,9
56592,6
56632,6
56646,4
56704,0
56708,9
56721,3
56729,7
56735,0
56736,6
56739,2
56756,7
56766,0
56799,4
56805,6
56820,3
56826,4
56844,7
56875,3
56878,6
56892,7
56893,4
56900,7
56904,6
56908,0
56929,0
56937,6
56946,4
56966,3
57009,3
57023,6
57038,8
57067,0
57070,8
57071,7
57130,2
57145,9
57167,5
57196,7
57291,3
57297,6
57309,9
57334,7
57384,0
57391,3
57393,0
57408,0
57483,9
57488,3
57507,0
57526,7
57537,4
57545,9
57563,9
57583,2
57615,2
57623,9
57648,8
57656,6
57665,8
57686,0
57694,2
57730,0
57735,3
57758,6
57771,3
57777,6
57806,3
57809,7
57810,0
57820,3
57862,4
57868,3
57890,2
57986,9
57992,2
57999,2
58036,0
58117,5
58129,9
58176,6
58179,9
58216,6
58241,2
58244,2
58265,0
58317,2
58345,6
58395,9
58402,0
58411,3
58426,9
58498,8
58560,0
58617,0
58626,6
58637,9
58645,0
58654,3
58660,3
58742,9
58747,3
58752,8
58753,5
58784,0
58791,9
58793,3
58836,7
58846,5
58867,4
58879,0
58898,9
58929,2
58953,1
58996,8
59039,6
59050,9
59094,2
59117,6
59132,6
59144,4
59171,6
59205,9
59225,0
59239,3
59242,3
59251,6
59272,0
59284,6
59291,5
59304,7
59328,3
59342,0
59356,3
59371,9
59397,9
59416,3
59421,0
59429,8
59445,6
59455,9
59497,0
59506,9
59532,9
59549,6
59552,7
59565,8
59615,0
59640,6
59651,0
59712,0
59715,3
59752,6
59755,0
59808,3
59812,7
59825,3
59828,3
59866,6
59868,0
59869,0
59873,6
59876,6
59894,7
59924,6
59969,9
