25,2
29,7
42,7
46,8
51,0
61,4
95,0
118,0
133,9
182,5
213,2
226,9
238,6
277,2
296,0
308,2
335,5
343,8
353,7
363,4
365,2
368,8
398,1
407,5
419,9
430,6
448,2
472,2
478,7
509,3
511,7
513,5
518,7
544,5
562,7
569,4
610,5
644,7
664,2
669,0
672,6
683,7
708,8
756,8
776,0
801,2
812,9
826,9
830,2
848,4
863,2
886,5
893,2
955,6
966,3
1016,8
1050,4
1086,8
1088,7
1110,4
1130,3
1143,2
1156,7
1208,7
1284,9
1301,2
1302,7
1360,9
1386,0
1421,9
1471,0
1473,4
1525,7
1612,9
1618,7
1636,7
1650,5
1662,2
1686,6
1688,6
1698,3
1702,5
1719,7
1721,5
1751,9
1753,2
1759,8
1783,8
1802,6
1824,5
1847,5
1858,7
1869,6
1874,2
1922,4
1988,2
2001,8
2004,2
2017,2
2023,3
2033,9
2102,7
2114,3
2121,0
2139,8
2183,3
2244,7
2246,7
2268,5
2284,9
2295,6
2304,5
2308,5
2310,0
2313,5
2343,5
2373,0
2379,3
2399,2
2405,5
2424,4
2437,1
2471,9
2506,3
2507,8
2524,3
2558,7
2577,8
2592,5
2611,8
2613,9
2618,7
2626,2
2647,4
2655,5
2673,7
2690,5
2743,7
2749,2
2755,5
2780,5
2809,4
2821,9
2841,8
2845,8
2885,5
2908,2
2926,3
2943,4
2947,6
2949,7
2968,5
2984,7
2997,9
3012,0
3025,5
3028,8
3036,6
3039,4
3043,6
3050,6
3066,8
3076,9
3141,5
3173,9
3187,6
3214,7
3227,9
3230,1
3239,4
3245,6
3252,7
3311,9
3336,3
3347,3
3357,2
3427,1
3448,7
3471,3
3486,2
3505,7
3589,2
3595,5
3641,7
3670,3
3672,2
3704,9
3718,7
3767,6
3779,6
3801,5
3809,0
3825,8
3826,2
3843,7
3923,3
3953,0
3959,8
3968,8
3991,9
4015,5
4016,2
4045,9
4047,0
4054,6
4061,7
4078,6
4085,9
4102,4
4111,2
4116,7
4118,9
4130,7
4136,3
4146,4
4168,5
4182,2
4272,8
4302,5
4322,2
4323,9
4353,7
4354,7
4383,8
4402,6
4442,2
4454,4
4469,2
4478,7
4539,0
4543,3
4587,6
4591,7
4617,5
4621,8
4651,2
4657,1
4679,2
4698,8
4724,6
4735,3
4787,4
4794,7
4808,3
4816,9
4835,2
4836,3
4837,4
4871,6
4901,9
4955,2
4967,8
4972,1
4983,9
4991,7
4995,7
5012,1
5013,2
5022,7
5030,8
5031,3
5036,3
5038,4
5110,2
5134,4
5150,4
5162,2
5179,6
5206,7
5238,3
5250,2
5325,7
5330,0
5421,2
5422,7
5442,3
5471,3
5473,7
5478,9
5547,3
5552,1
5579,7
5590,4
5597,8
5638,2
5671,6
5678,5
5719,5
5726,9
5730,0
5741,7
5742,5
5761,7
5767,0
5775,8
5787,3
5793,3
5800,8
5823,2
5833,1
5839,5
5848,6
5857,5
5894,8
5910,6
5949,8
5953,7
5986,7
5992,9
6005,2
6036,9
6064,7
6073,9
6080,2
6100,9
6105,2
6109,7
6176,7
6188,5
6191,9
6199,8
6243,8
6276,5
6277,1
6296,0
6297,3
6306,9
6337,0
6361,7
6396,6
6404,8
6432,7
6448,4
6466,2
6474,6
6480,2
6526,6
6542,9
6581,6
6587,7
6599,9
6616,7
6627,2
6655,5
6665,1
6696,7
6717,9
6740,7
6937,2
6947,7
6960,0
6978,5
7010,7
7017,7
7053,9
7058,3
7079,2
7081,5
7097,3
7100,4
7109,6
7120,4
7148,9
7159,5
7190,8
7206,6
7223,2
7234,1
7256,9
7259,2
7270,5
7304,7
7306,7
7314,7
7334,7
7360,2
7381,9
7388,7
7390,5
7441,8
7455,3
7464,4
7472,1
7499,0
7505,9
7525,7
7543,6
7544,6
7582,3
7607,8
7621,7
7644,7
7651,1
7656,1
7694,7
7705,4
7735,5
7755,9
7788,1
7803,3
7823,2
7832,3
7839,2
7848,5
7907,5
7940,9
7957,6
7961,7
7983,2
7992,7
7999,4
8001,6
8052,3
8062,5
8068,7
8093,0
8107,7
8114,7
8133,2
8148,8
8151,6
8199,9
8201,2
8202,2
8217,7
8229,2
8267,7
8282,6
8286,7
8293,2
8334,2
8360,3
8372,2
8407,6
8408,9
8447,3
8468,9
8473,2
8508,4
8520,8
8521,5
8593,2
8613,2
8663,3
8698,7
8699,7
8712,5
8732,8
8735,7
8757,5
8768,4
8769,4
8806,1
8846,6
8862,6
8881,6
8905,2
8908,6
8915,8
8968,9
8988,5
8993,2
8994,6
9005,0
9048,0
9068,6
9076,8
9095,6
9101,0
9157,7
9158,0
9159,5
9184,3
9194,0
9197,0
9213,8
9218,2
9235,7
9254,6
9264,1
9265,9
9283,7
9310,0
9353,4
9380,3
9381,5
9390,9
9397,5
9398,2
9416,7
9437,9
9444,7
9468,6
9474,1
9489,2
9506,0
9518,2
9529,3
9535,7
9539,5
9549,7
9555,9
9558,4
9568,5
9613,9
9641,8
9656,7
9657,7
9660,7
9683,9
9689,2
9721,2
9756,2
9757,2
9766,3
9787,7
9792,8
9800,5
9852,8
9858,5
9859,5
9867,4
9873,8
9901,7
10019,7
10031,3
10037,6
10059,9
10072,2
10082,2
10096,7
10118,1
10122,2
10143,9
10189,8
10198,9
10206,3
10217,8
10273,6
10342,1
10347,2
10356,6
10375,6
10393,3
10400,5
10474,7
10481,6
10482,8
10509,5
10514,2
10530,0
10539,9
10608,3
10610,5
10616,2
10618,4
10632,8
10643,4
10729,6
10749,5
10753,8
10789,4
10805,2
10824,2
10858,4
10864,7
10870,4
10920,2
10932,7
10965,7
10994,3
10995,5
11035,8
11036,0
11066,2
11084,2
11085,7
11094,5
11103,9
11118,5
11124,4
11128,6
11154,5
11168,7
11191,8
11247,7
11251,2
11258,8
11265,5
11350,7
11367,9
11394,2
11396,5
11442,9
11479,6
11492,5
11510,7
11521,2
11529,8
11531,2
11555,8
11579,1
11595,7
11609,5
11650,7
11658,4
11675,0
11686,7
11693,3
11730,6
11806,5
11858,8
11862,9
11869,2
11883,1
11889,5
11890,8
11931,9
11946,7
11959,6
11961,2
11965,4
11972,6
11985,6
12025,7
12028,4
12053,2
12076,9
12088,6
12101,6
12156,2
12171,9
12184,0
12233,7
12238,2
12253,7
12300,3
12376,5
12416,3
12425,9
12489,6
12491,7
12521,1
12559,2
12573,0
12583,3
12598,2
12599,7
12600,9
12625,3
12640,6
12679,2
12682,2
12714,5
12812,3
12824,1
12876,6
12881,3
12906,2
12908,7
12933,3
12936,8
12937,5
12941,7
12950,2
12951,2
12956,7
12984,8
13020,6
13023,2
13050,9
13056,7
13094,5
13119,7
13159,2
13178,9
13203,0
13238,0
13244,7
13278,9
13282,6
13317,3
13327,8
13330,2
13360,5
13378,8
13382,7
13438,3
13439,9
13445,3
13466,5
13529,7
13536,6
13538,5
13539,4
13577,3
13613,2
13616,9
13619,5
13663,5
13708,5
13710,7
13717,9
13718,7
13757,9
13760,6
13813,6
13842,7
13843,5
13860,6
13893,9
13895,8
13905,7
13907,7
13932,9
13942,4
14000,1
14007,2
14013,8
14018,4
14063,2
14065,3
14091,2
14092,0
14104,7
14109,6
14112,2
14144,5
14171,5
14180,5
14191,8
14219,7
14225,8
14255,3
14284,7
14300,6
14340,2
14379,7
14382,8
14391,7
14398,7
14415,4
14423,6
14435,5
14450,3
14451,5
14468,2
14478,8
14497,9
14515,2
14600,7
14601,7
14625,8
14626,8
14739,4
14748,5
14752,0
14755,7
14768,6
14776,2
14778,6
14780,9
14797,2
14806,5
14854,5
14895,9
14896,8
14919,0
14934,9
14955,5
14969,7
14977,9
14978,2
15018,9
15030,2
15032,6
15037,7
15056,8
15057,2
15063,9
15087,7
15174,3
15202,7
15208,0
15278,2
15280,6
15281,3
15301,5
15309,9
15327,7
15404,6
15470,2
15484,6
15485,7
15495,2
15497,3
15560,9
15569,2
15573,2
15589,7
15614,2
15618,2
15644,9
15654,9
15692,0
15721,7
15723,8
15737,7
15749,8
15767,5
15791,5
15817,8
15824,7
15827,9
15847,3
15849,7
15858,9
15874,5
15917,2
15994,2
16002,6
16008,9
16015,7
16043,0
16058,2
16073,8
16100,7
16106,9
16129,5
16144,0
16158,8
16199,7
16217,0
16251,4
16259,1
16289,2
16343,7
16421,9
16449,2
16493,6
16509,1
16523,0
16539,8
16575,6
16580,9
16592,5
16606,0
16624,8
16626,3
16640,0
16653,6
16675,2
16681,9
16762,8
16795,7
16812,2
16840,7
16841,6
16842,7
16853,9
16872,1
16915,7
16925,2
16955,8
17014,6
17053,7
17054,7
17077,3
17116,3
17136,7
17176,6
17188,2
17202,2
17215,4
17228,7
17257,3
17304,0
17306,7
17312,5
17316,7
17336,2
17340,7
17342,9
17350,7
17353,2
17400,5
17409,3
17432,2
17483,7
17486,7
17510,6
17513,7
17520,2
17534,0
17570,9
17574,3
17579,2
17597,9
17600,2
17634,3
17653,2
17681,8
17707,9
17720,9
17722,5
17746,4
17748,1
17782,1
17799,9
17806,1
17840,2
17879,5
17897,7
17957,8
17961,7
17970,4
17981,5
18018,5
18024,9
18088,4
18094,6
18128,6
18147,2
18164,2
18167,5
18168,6
18173,7
18186,5
18206,2
18225,3
18243,3
18247,0
18257,7
18270,1
18301,0
18323,2
18330,6
18341,2
18367,7
18385,4
18428,6
18432,6
18449,7
18466,8
18467,8
18480,2
18491,8
18530,6
18556,7
18609,7
18610,9
18622,2
18633,2
18642,8
18643,2
18651,2
18653,9
18694,9
18724,4
18735,3
18742,3
18755,9
18775,8
18813,9
18823,4
18831,4
18834,7
18884,8
18998,2
19003,7
19029,1
19040,6
19072,0
19109,9
19142,6
19176,1
19192,4
19205,3
19257,7
19262,7
19263,3
19284,7
19316,6
19343,2
19353,5
19363,6
19389,4
19412,9
19418,4
19453,7
19530,6
19550,0
19556,2
19559,6
19562,6
19609,5
19625,7
19636,7
19669,0
19685,8
19702,5
19703,7
19755,2
19773,7
19781,9
19791,7
19806,9
19808,2
19812,7
19824,9
19881,6
19939,2
19985,0
19989,7
19995,9
20029,2
20133,8
20188,9
20205,0
20243,3
20245,6
20266,5
20272,6
20274,1
20291,6
20299,2
20311,7
20313,2
20316,9
20321,0
20344,3
20362,3
20368,4
20370,7
20395,2
20422,7
20514,2
20520,2
20532,7
20534,5
20565,3
20566,7
20576,7
20616,3
20622,0
20624,2
20655,2
20671,2
20694,7
20700,9
20709,8
20728,3
20730,4
20735,9
20750,9
20770,2
20772,1
20784,5
20833,3
20839,6
20860,5
20889,8
20901,9
20919,8
20944,2
20959,2
20967,2
20997,9
21015,9
21021,7
21025,6
21048,8
21075,3
21123,7
21139,5
21151,2
21192,9
21227,5
21255,2
21322,7
21323,2
21339,4
21340,4
21363,4
21378,9
21385,5
21417,4
21434,6
21449,9
21455,5
21463,7
21480,4
21488,6
21511,2
21652,2
21664,4
21677,5
21678,5
21701,7
21710,7
21721,0
21724,9
21734,5
21774,9
21784,2
21786,9
21832,6
21837,4
21842,9
21882,4
21905,1
21911,2
21982,2
22033,5
22038,5
22064,4
22077,7
22094,7
22103,3
22104,2
22123,8
22176,9
22187,2
22217,2
22232,2
22235,5
22287,7
22299,9
22324,8
22333,6
22350,7
22379,5
22380,5
22382,5
22411,2
22414,2
22416,7
22435,6
22477,3
22495,4
22507,8
22524,2
22543,8
22588,7
22594,2
22596,0
22607,4
22627,1
22652,4
22677,4
22683,7
22717,3
22765,9
22769,2
22791,7
22864,2
22870,7
22880,7
22881,2
22891,7
22905,4
22922,2
22940,6
22963,3
22971,7
22991,4
23011,5
23039,2
23042,9
23055,4
23067,0
23074,7
23077,8
23081,8
23087,2
23100,9
23117,2
23123,5
23161,8
23175,4
23194,2
23216,2
23313,2
23345,7
23347,8
23362,0
23394,6
23400,8
23412,3
23427,7
23518,5
23535,7
23538,4
23553,8
23562,8
23610,2
23617,9
23635,9
23655,5
23701,2
23716,2
23734,5
23743,9
23784,7
23790,6
23794,2
23799,3
23800,2
23802,7
23833,8
23847,2
23862,1
23915,6
23917,2
23927,5
23929,3
23938,5
23946,7
23990,9
23994,2
24015,2
24019,4
24024,0
24056,5
24106,5
24113,4
24114,4
24117,5
24160,8
24166,5
24179,6
24214,6
24238,2
24268,0
24301,8
24311,8
24377,6
24388,0
24418,2
24440,0
24455,7
24462,2
24476,0
24517,2
24551,2
24565,7
24574,5
24591,2
24594,9
24613,9
24623,2
24632,2
24637,4
24689,0
24697,3
24739,6
24754,6
24758,4
24797,7
24818,7
24823,8
24827,6
24891,9
24949,9
24952,0
25013,7
25028,3
25029,2
25079,7
25110,7
25112,1
25116,3
25128,7
25148,2
25151,1
25157,2
25174,3
25185,2
25220,2
25223,5
25265,2
25346,3
25348,7
25370,7
25402,5
25410,4
25490,4
25609,2
25627,2
25660,4
25661,8
25669,5
25687,1
25816,7
25817,7
25880,3
25884,4
25893,6
25901,6
25912,2
25921,0
25928,0
25962,6
26006,2
26012,2
26017,5
26048,3
26101,6
26144,1
26145,8
26160,6
26184,0
26185,9
26196,5
26212,9
26218,7
26232,7
26240,5
26245,2
26248,8
26253,6
26272,7
26276,9
26277,0
26301,6
26348,2
26393,6
26402,6
26489,7
26504,2
26513,9
26544,4
26552,5
26555,3
26601,6
26615,5
26616,8
26626,2
26646,2
26670,6
26688,2
26742,7
26770,2
26791,8
26801,7
26815,9
26818,0
26832,0
26848,6
26852,8
26900,6
26906,9
26917,7
26978,5
26988,6
27017,8
27019,6
27024,8
27099,5
27100,5
27132,3
27155,7
27208,6
27224,5
27261,3
27265,7
27316,3
27320,6
27321,7
27340,5
27347,2
27368,9
27369,6
27372,8
27413,2
27429,0
27442,6
27445,0
27451,2
27483,6
27530,6
27548,2
27577,7
27594,5
27598,2
27686,4
27706,7
27708,6
27732,9
27743,4
27807,6
27813,5
27822,0
27823,7
27880,2
27911,0
27933,1
27934,6
27938,7
27984,7
28023,8
28025,7
28026,3
28068,2
28071,7
28073,7
28112,2
28115,6
28123,3
28126,2
28131,0
28135,2
28137,3
28176,9
28229,7
28255,6
28266,2
28302,6
28326,6
28337,7
28366,2
28372,5
28389,2
28447,7
28470,8
28472,3
28483,8
28506,8
28520,7
28527,3
28531,1
28544,2
28564,9
28590,6
28611,2
28620,7
28630,2
28708,6
28710,8
28752,3
28764,7
28777,5
28786,2
28801,2
28805,6
28813,8
28838,9
28859,2
28868,2
28892,8
28898,6
28910,0
28952,5
28965,0
28986,7
28988,7
29005,2
29032,7
29070,8
29071,2
29081,2
29100,5
29107,5
29140,6
29141,4
29151,0
29155,5
29184,7
29200,2
29262,0
29287,2
29298,7
29322,9
29371,9
29382,7
29408,2
29420,0
29446,0
29452,7
29478,0
29494,8
29524,5
29540,0
29546,2
29553,9
29555,5
29561,4
29567,1
29571,5
29582,7
29584,4
29600,4
29611,2
29631,4
29644,6
29645,4
29654,2
29686,6
29708,5
29720,2
29733,7
29758,6
29767,4
29774,6
29776,6
29806,7
29825,1
29834,5
29872,6
29879,4
29898,4
29905,9
29932,2
29943,7
29948,7
29965,8
29983,7
29998,7
30002,3
30014,2
30030,5
30032,2
30033,6
30070,3
30115,6
30137,1
30139,6
30174,4
30183,3
30193,3
30194,1
30232,6
30255,0
30265,3
30271,7
30298,4
30314,6
30336,2
30401,8
30435,8
30465,7
30517,9
30518,6
30530,2
30609,2
30610,7
30615,5
30627,9
30654,8
30662,3
30702,4
30718,7
30756,9
30772,2
30780,3
30787,0
30817,5
30823,8
30841,7
30859,3
30862,8
30863,4
30916,6
30956,6
30961,5
30968,6
30981,9
30987,9
30993,2
30995,6
30997,2
30998,7
31003,7
31009,7
31037,6
31064,7
31068,2
31069,5
31083,4
31085,7
31102,4
31166,1
31181,1
31188,2
31196,7
31242,5
31262,9
31265,1
31292,8
31342,6
31351,9
31363,6
31372,2
31402,5
31454,2
31498,1
31503,2
31555,2
31622,8
31646,6
31668,4
31688,2
31709,2
31754,6
31767,9
31781,8
31786,9
31800,8
31811,3
31825,3
31827,2
31837,2
31862,1
31864,1
31880,8
31939,9
31967,7
32004,7
32040,5
32057,2
32068,9
32123,9
32147,8
32150,7
32153,1
32169,2
32170,2
32202,2
32212,2
32235,9
32242,6
32248,5
32258,5
32371,3
32382,2
32391,4
32393,5
32399,0
32403,9
32407,8
32417,9
32436,6
32456,8
32485,2
32500,6
32506,5
32514,0
32523,2
32524,4
32538,7
32620,7
32641,8
32714,9
32731,6
32771,9
32815,5
32945,7
33027,2
33050,7
33093,7
33094,2
33131,7
33145,3
33152,8
33161,3
33184,2
33207,6
33213,2
33268,1
33304,7
33342,2
33365,5
33372,9
33414,2
33435,2
33436,6
33447,8
33463,2
33469,2
33501,0
33519,8
33555,5
33559,6
33571,7
33604,6
33616,7
33655,3
33662,2
33675,1
33679,4
33686,2
33687,0
33702,4
33717,7
33755,8
33794,6
33825,5
33863,2
33892,5
33910,6
33912,7
33949,1
33957,7
33970,3
33976,9
34000,4
34009,6
34085,3
34087,2
34110,7
34126,9
34136,2
34138,4
34207,7
34219,3
34223,7
34226,2
34239,3
34251,0
34267,7
34310,2
34312,8
34319,8
34325,5
34349,4
34357,4
34363,3
34385,2
34406,4
34457,0
34506,7
34517,9
34527,5
34552,3
34558,2
34602,5
34607,3
34609,7
34614,2
34622,3
34627,2
34647,7
34650,2
34690,7
34694,9
34697,6
34717,2
34848,2
34866,3
34897,6
34942,9
34953,4
34976,2
34998,7
35014,2
35027,6
35033,6
35059,9
35071,2
35106,2
35111,2
35114,5
35118,9
35164,5
35185,0
35200,6
35220,2
35232,8
35243,0
35301,2
35310,5
35315,2
35322,6
35372,7
35385,6
35465,0
35474,7
35576,8
35581,4
35588,6
35627,6
35630,2
35676,9
35731,7
35747,5
35772,8
35789,9
35813,4
35846,6
35850,2
35864,5
35880,1
35884,4
35910,6
35947,2
36001,2
36002,6
36003,7
36009,2
36021,3
36032,3
36068,6
36092,4
36105,7
36118,5
36130,3
36134,7
36146,0
36156,7
36166,2
36170,2
36230,7
36235,4
36245,5
36247,3
36280,4
36355,2
36385,7
36388,1
36392,9
36458,3
36472,7
36475,2
36480,5
36487,5
36515,3
36521,9
36568,2
36577,4
36655,9
36670,9
36693,2
36702,6
36748,7
36749,0
36758,7
36773,4
36782,9
36795,4
36806,7
36818,7
36821,6
36844,2
36873,7
36901,2
36913,8
36950,2
36993,9
37040,2
37046,9
37070,5
37071,6
37100,7
37145,2
37187,2
37195,6
37218,6
37226,5
37228,6
37236,6
37264,4
37270,5
37328,4
37342,8
37353,7
37396,8
37430,9
37469,2
37484,2
37486,2
37499,1
37504,2
37510,0
37549,6
37561,7
37567,5
37572,3
37586,9
37609,5
37620,8
37627,3
37630,2
37666,6
37712,4
37721,8
37746,3
37779,9
37805,5
37810,8
37844,0
37852,5
37853,7
37925,2
37956,8
37981,0
37987,7
38014,8
38028,6
38079,4
38082,9
38148,2
38161,0
38185,6
38237,8
38241,3
38242,7
38245,3
38252,5
38254,5
38287,5
38296,4
38300,7
38301,4
38349,7
38352,6
38356,2
38362,5
38367,6
38376,6
38437,7
38451,3
38459,5
38467,9
38474,6
38493,9
38503,4
38506,7
38534,7
38537,7
38543,0
38637,2
38639,7
38642,6
38643,6
38652,2
38678,5
38715,2
38733,2
38753,2
38770,2
38788,7
38804,3
38830,5
38849,8
38882,3
38902,5
38915,6
38943,7
38968,1
39019,6
39032,2
39125,3
39137,6
39148,9
39161,2
39165,6
39174,9
39178,8
39180,6
39192,9
39203,2
39226,6
39228,2
39293,9
39296,2
39308,8
39335,5
39391,8
39430,6
39467,2
39488,2
39497,7
39511,4
39526,5
39528,6
39530,8
39546,1
39562,5
39585,8
39587,2
39645,5
39666,5
39673,2
39689,5
39719,2
39724,9
39738,4
39748,5
39767,6
39794,2
39848,0
39865,8
39889,9
39966,5
39970,2
39976,4
40012,8
40026,9
40050,9
40065,9
40066,4
40093,6
40107,2
40110,8
40124,6
40134,8
40196,1
40211,7
40212,2
40215,9
40308,7
40324,8
40331,6
40343,4
40358,7
40365,2
40371,9
40385,3
40396,0
40405,2
40457,0
40477,9
40545,7
40556,2
40558,8
40570,3
40586,0
40617,2
40627,7
40650,6
40653,2
40660,4
40675,7
40681,7
40705,2
40758,8
40782,2
40788,2
40807,7
40828,6
40832,2
40838,7
40851,2
40877,0
40893,8
40986,6
40997,9
41007,3
41014,9
41021,9
41047,6
41051,0
41057,8
41063,5
41070,9
41071,3
41084,9
41106,8
41112,2
41115,8
41120,4
41123,3
41251,9
41278,5
41284,2
41301,2
41306,9
41321,5
41335,2
41351,6
41380,6
41390,5
41410,6
41450,7
41458,2
41459,6
41469,2
41502,9
41541,2
41558,7
41559,1
41582,5
41592,8
41610,5
41622,8
41623,1
41670,5
41679,8
41681,9
41692,7
41699,8
41710,2
41728,1
41740,3
41745,2
41746,6
41750,1
41786,5
41804,4
41854,7
41874,6
41880,0
41893,8
41895,9
41926,5
41948,9
41965,2
42008,0
42069,9
42076,8
42092,2
42146,7
42163,7
42164,7
42172,6
42195,7
42202,7
42206,2
42208,8
42259,8
42290,7
42326,1
42328,2
42333,4
42379,5
42384,8
42427,7
42429,2
42484,4
42503,2
42513,2
42528,7
42543,5
42563,2
42569,5
42572,5
42576,8
42592,7
42638,4
42647,6
42648,7
42671,2
42683,2
42705,5
42720,0
42769,1
42772,7
42781,4
42788,6
42800,7
42807,3
42816,4
42827,5
42904,6
42908,3
42910,5
42912,6
42920,8
42938,3
42940,5
42961,8
43013,0
43019,7
43034,9
43042,8
43054,6
43058,9
43089,7
43105,2
43113,2
43127,5
43152,4
43161,6
43202,7
43208,3
43220,2
43252,3
43263,6
43279,7
43285,7
43307,7
43327,3
43354,7
43375,4
43379,6
43380,3
43394,2
43408,7
43428,3
43457,6
43560,5
43590,2
43620,6
43623,5
43645,7
43676,5
43717,3
43731,8
43743,2
43760,2
43807,6
43830,9
43832,4
43843,8
43852,2
43860,7
43868,3
43877,2
43878,2
43893,7
43959,9
43969,7
43988,2
43998,7
44041,8
44051,3
44062,7
44096,0
44111,7
44117,7
44131,1
44133,2
44197,6
44201,6
44229,2
44230,9
44252,7
44356,4
44365,6
44377,2
44385,3
44391,8
44392,7
44537,9
44541,2
44574,7
44600,9
44611,2
44615,8
44664,5
44681,3
44694,4
44701,9
44710,2
44711,4
44735,6
44747,2
44769,9
44774,7
44795,7
44807,7
44847,2
44879,6
44898,2
44906,3
44910,5
44913,8
44927,7
44930,5
44950,2
44968,8
44975,7
44978,2
45004,7
45019,8
45035,0
45039,9
45040,7
45047,2
45063,1
45099,2
45123,9
45158,2
45200,7
45215,7
45242,9
45283,2
45303,0
45306,2
45314,7
45318,4
45322,9
45331,1
45355,9
45365,3
45382,7
45405,2
45410,6
45459,2
45492,7
45493,8
45567,5
45620,2
45640,6
45694,9
45712,3
45760,0
45779,2
45805,6
45867,2
45904,2
45913,8
45949,6
46013,6
46050,2
46081,7
46084,7
46092,2
46094,2
46124,4
46129,2
46132,7
46138,3
46145,3
46151,7
46162,2
46169,5
46187,3
46217,2
46280,3
46283,7
46297,7
46340,7
46377,2
46419,7
46432,6
46440,6
46466,7
46499,1
46509,5
46526,6
46544,5
46559,6
46564,4
46597,5
46649,8
46655,9
46657,8
46671,7
46702,3
46703,0
46716,4
46743,3
46775,0
46781,4
46784,9
46794,8
46813,5
46876,8
46884,4
46892,0
46910,2
46923,3
46950,7
46956,2
46966,2
46987,9
46991,6
47010,9
47017,9
47025,6
47073,0
47101,2
47102,2
47111,8
47122,8
47169,1
47180,7
47211,4
47221,7
47228,2
47239,6
47258,2
47265,6
47296,5
47298,8
47301,5
47313,4
47318,4
47339,5
47341,9
47365,4
47367,3
47390,9
47460,2
47481,3
47511,7
47524,6
47549,8
47550,8
47556,9
47565,2
47568,7
47619,0
47629,5
47666,7
47667,2
47681,1
47695,4
47706,2
47725,3
47754,2
47771,4
47775,7
47792,6
47819,2
47835,0
47843,4
47854,5
47888,8
47898,7
47902,0
47927,4
47937,4
47952,5
47953,0
47954,6
47965,2
47970,3
47984,2
47999,2
48005,6
48043,2
48049,5
48053,7
48056,4
48057,9
48066,6
48070,2
48083,6
48102,7
48212,2
48219,6
48221,7
48223,8
48239,6
48243,8
48247,7
48251,5
48267,0
48273,1
48325,3
48328,6
48329,8
48343,7
48393,4
48398,6
48407,8
48417,2
48420,2
48463,2
48475,8
48487,4
48533,5
48549,2
48567,5
48604,0
48677,0
48678,7
48704,8
48721,7
48774,5
48780,0
48787,7
48800,5
48827,6
48887,2
48905,5
48999,6
49013,0
49041,2
49070,2
49086,0
49088,8
49095,8
49111,0
49139,6
49147,3
49168,2
49187,7
49223,9
49229,0
49234,3
49248,2
49267,2
49277,7
49305,6
49370,0
49393,5
49424,5
49463,0
49478,6
49494,3
49534,1
49611,5
49619,9
49643,2
49649,5
49659,6
49660,8
49702,2
49719,7
49725,3
49746,3
49770,0
49839,2
49845,5
49849,7
49851,8
49898,9
49911,2
49933,7
49942,4
49979,4
50079,9
50096,2
50126,7
50132,6
50142,5
50199,6
50246,8
50270,6
50290,2
50291,0
50301,5
50305,7
50335,2
50336,3
50344,0
50381,2
50419,4
50438,7
50444,0
50471,4
50487,2
50499,8
50508,2
50527,2
50648,7
50659,9
50716,2
50724,9
50768,5
50776,6
50801,4
50824,3
50825,0
50882,9
50913,2
50939,5
50941,6
50957,4
50970,8
50977,2
50986,2
50992,7
51011,7
51031,6
51037,2
51040,5
51042,9
51059,0
51063,3
51084,7
51143,8
51167,0
51175,4
51188,1
51192,9
51239,9
51272,8
51289,9
51334,9
51345,5
51374,4
51399,2
51434,0
51517,2
51532,7
51620,6
51643,7
51657,4
51662,6
51729,6
51761,9
51769,8
51805,6
51812,9
51819,7
51848,3
51853,4
51863,9
51891,8
51903,3
51992,0
52005,6
52051,1
52070,8
52092,7
52107,1
52108,5
52113,7
52224,2
52229,4
52235,7
52297,6
52301,7
52304,9
52350,3
52356,9
52372,9
52433,2
52457,4
52480,7
52490,7
52512,2
52542,6
52546,9
52579,7
52591,7
52601,3
52622,1
52634,2
52637,2
52641,6
52661,3
52669,7
52682,4
52700,3
52707,7
52730,7
52739,5
52749,6
52752,7
52754,6
52755,2
52774,2
52835,2
52889,2
52898,2
52911,7
52923,9
52932,8
52947,5
52964,7
52975,2
52990,1
53000,5
53002,8
53008,2
53010,9
53048,3
53074,7
53097,7
53161,8
53249,4
53252,3
53322,2
53337,9
53352,5
53376,3
53390,2
53406,6
53430,2
53438,9
53463,6
53470,5
53477,4
53526,6
53547,3
53573,0
53589,7
53607,4
53614,7
53648,8
53680,9
53701,8
53717,6
53718,5
53722,3
53738,4
53740,3
53741,5
53751,5
53769,5
53779,7
53796,5
53832,7
53873,4
53879,2
53893,0
53912,4
53925,4
53932,0
53943,3
53944,7
53947,5
53965,4
53967,2
53977,7
54033,2
54075,2
54100,7
54130,4
54133,6
54145,2
54211,6
54212,7
54219,7
54233,5
54237,6
54249,3
54274,7
54284,0
54291,3
54297,2
54323,9
54335,9
54346,8
54365,7
54374,4
54377,3
54410,4
54447,4
54454,2
54460,3
54467,9
54536,7
54555,7
54558,7
54577,5
54625,8
54647,9
54705,8
54724,3
54757,8
54778,4
54789,7
54806,2
54826,4
54827,9
54834,2
54912,7
54913,5
54938,5
54965,9
54979,1
54988,5
55001,2
55043,8
55046,1
55082,7
55093,3
55099,5
55114,9
55203,2
55248,5
55270,7
55329,7
55333,9
55349,5
55370,9
55374,7
55391,2
55431,7
55460,5
55514,7
55556,0
55564,4
55583,1
55584,6
55629,2
55655,2
55659,7
55684,4
55695,8
55729,5
55736,4
55852,8
55857,2
55858,3
55905,5
55915,7
55933,2
55954,4
55983,4
56055,2
56095,7
56096,7
56125,2
56146,4
56215,2
56255,8
56273,1
56274,7
56282,2
56290,8
56312,2
56345,6
56361,2
56403,2
56417,4
56473,2
56488,3
56501,6
56502,8
56507,9
56528,3
56590,2
56618,9
56619,6
56621,3
56631,2
56636,8
56638,7
56670,7
56765,5
56767,6
56775,0
56794,7
56807,9
56824,2
56848,2
56873,7
56880,7
56904,6
56920,7
56921,3
56950,0
56962,5
57011,4
57038,8
57124,5
57158,6
57168,5
57189,8
57191,2
57225,2
57230,7
57233,6
57286,7
57342,2
57370,4
57380,7
57390,0
57413,6
57429,7
57432,9
57448,2
57456,6
57492,3
57519,6
57564,7
57582,4
57587,6
57605,2
57616,8
57620,2
57621,7
57623,9
57646,7
57702,7
57727,0
57744,9
57787,5
57801,3
57810,0
57868,3
57879,3
57896,9
57897,3
57899,2
57908,2
57923,7
57976,2
57992,2
57994,6
58004,9
58011,8
58079,3
58088,9
58098,2
58133,6
58143,7
58147,1
58162,2
58167,7
58205,7
58206,0
58217,5
58255,5
58258,7
58269,4
58311,3
58324,3
58363,9
58398,2
58418,2
58439,5
58468,2
58470,9
58483,3
58497,7
58509,9
58547,5
58552,8
58564,3
58578,6
58589,7
58604,5
58632,5
58638,2
58643,8
58653,5
58659,0
58686,6
58693,8
58704,2
58731,5
58751,7
58804,9
58815,6
58833,4
58853,3
58862,5
58885,7
58890,7
58896,2
58898,9
58900,6
58908,5
58925,7
58937,3
58964,2
58970,5
59008,6
59022,5
59032,6
59034,8
59053,2
59054,3
59063,4
59066,7
59075,9
59158,3
59161,6
59181,6
59182,7
59229,3
59234,5
59235,8
59247,1
59257,6
59266,1
59274,8
59316,2
59349,5
59361,8
59381,9
59383,3
59399,8
59424,7
59426,5
59437,6
59444,2
59455,9
59480,3
59484,7
59502,5
59516,7
59555,2
59576,5
59580,4
59599,4
59611,7
59617,7
59624,3
59631,3
59641,2
59653,0
59661,7
59667,2
59703,7
59721,2
59759,4
59772,4
59779,7
59782,9
59790,5
59799,4
59821,4
59845,7
59853,6
59855,2
59896,2
59908,7
59948,9
59970,2
59988,7
59997,5
