12,3
21,0
39,6
44,3
47,5
104,1
158,7
209,0
238,6
248,1
265,8
275,4
323,6
332,5
379,4
382,1
388,6
448,2
456,8
461,4
473,0
477,2
491,1
492,1
494,6
512,5
520,9
543,5
555,2
572,1
580,9
602,8
610,5
625,5
649,6
756,8
761,8
769,8
771,5
783,1
786,7
812,9
829,6
831,8
840,3
846,6
882,4
930,9
940,9
949,0
964,5
1009,8
1032,5
1050,4
1057,7
1061,9
1087,5
1177,9
1223,8
1237,8
1242,1
1259,1
1274,9
1310,0
1362,8
1372,0
1385,2
1392,7
1435,6
1452,1
1477,4
1486,3
1494,6
1507,9
1564,7
1576,4
1598,8
1600,0
1604,4
1628,4
1657,8
1664,0
1729,0
1744,4
1751,9
1764,4
1765,4
1780,8
1790,8
1804,8
1811,9
1815,1
1822,1
1844,6
1873,8
1884,9
1886,6
1902,6
1934,4
1962,9
1968,9
2033,9
2043,8
2044,6
2045,1
2118,7
2160,0
2164,4
2203,3
2255,1
2256,4
2282,5
2291,6
2304,5
2327,0
2355,1
2368,5
2393,1
2397,6
2406,4
2446,1
2505,1
2539,0
2550,2
2566,5
2579,9
2580,3
2607,6
2630,1
2668,8
2672,8
2688,1
2689,4
2729,0
2731,1
2744,5
2751,3
2770,0
2776,1
2842,8
2848,7
2874,4
2876,1
2906,1
2940,8
2943,4
3003,8
3005,3
3007,5
3025,5
3038,4
3074,4
3081,7
3117,4
3123,6
3129,5
3139,6
3196,8
3233,3
3241,0
3271,5
3281,8
3299,8
3306,1
3309,0
3312,4
3366,6
3398,9
3441,0
3446,8
3476,8
3483,9
3489,8
3490,0
3517,8
3523,3
3566,9
3567,1
3587,1
3613,5
3623,6
3632,0
3637,5
3653,9
3662,9
3699,3
3703,1
3704,9
3733,1
3759,8
3768,5
3800,1
3850,1
3874,9
3884,0
3924,2
3926,1
3970,9
3975,2
3982,9
4001,3
4004,5
4058,8
4063,8
4080,2
4098,9
4112,6
4134,5
4184,5
4234,3
4238,3
4272,8
4292,4
4305,8
4480,5
4488,0
4501,8
4524,1
4532,0
4569,1
4577,1
4586,6
4600,5
4624,0
4682,0
4687,2
4688,0
4706,2
4723,5
4746,4
4768,4
4778,6
4781,4
4786,5
4824,9
4829,4
4833,4
4849,0
4854,0
4880,2
4895,9
4906,0
4916,9
4922,6
4934,6
4937,3
4952,4
4956,3
4959,4
4981,0
4994,0
5024,9
5041,3
5066,5
5082,0
5085,4
5108,0
5111,4
5115,0
5149,1
5180,4
5204,1
5225,1
5246,0
5255,5
5256,1
5277,3
5292,5
5339,9
5357,2
5394,8
5429,1
5456,5
5464,0
5484,1
5501,9
5514,0
5523,9
5549,4
5563,0
5578,3
5595,9
5640,3
5687,3
5690,0
5703,4
5730,0
5731,1
5733,2
5745,9
5775,8
5888,0
5897,7
5905,0
5921,0
5938,0
5944,4
5968,7
5971,5
6011,5
6012,2
6046,7
6061,9
6092,9
6145,9
6189,4
6199,8
6214,8
6235,4
6255,5
6302,0
6332,0
6370,5
6378,7
6385,5
6400,0
6405,3
6425,2
6444,0
6462,4
6496,0
6497,3
6519,4
6534,8
6590,7
6609,1
6621,4
6655,5
6676,0
6712,5
6759,4
6764,2
6772,5
6785,1
6820,9
6831,8
6833,4
6852,5
6902,7
6917,0
6985,1
6996,4
7017,7
7026,8
7032,5
7044,5
7100,4
7112,5
7187,2
7248,4
7258,9
7274,9
7280,4
7316,8
7324,1
7330,1
7331,7
7340,7
7365,9
7413,2
7418,7
7477,8
7490,6
7508,8
7514,8
7519,8
7522,6
7549,6
7570,8
7585,0
7586,8
7616,7
7638,8
7650,1
7669,0
7690,9
7735,5
7756,9
7759,6
7788,1
7797,8
7824,8
7837,1
7840,5
7843,4
7845,5
7854,4
7856,8
7864,4
7875,0
7883,4
7888,5
7893,9
7918,8
7920,2
7921,1
7923,8
7934,0
8023,5
8072,6
8094,3
8105,6
8128,5
8150,6
8181,8
8194,1
8208,4
8236,3
8238,9
8282,6
8313,8
8323,0
8330,1
8331,1
8367,6
8371,8
8379,1
8380,4
8389,7
8401,7
8418,1
8482,8
8523,6
8626,9
8653,0
8680,8
8694,8
8809,0
8832,4
8834,2
8841,2
8867,8
8872,4
8892,8
8897,0
8904,1
8906,4
8907,3
8944,4
9027,0
9029,4
9049,6
9067,0
9069,1
9084,5
9104,2
9108,4
9120,6
9130,1
9142,0
9195,0
9196,0
9240,1
9265,9
9287,0
9312,1
9359,8
9367,5
9409,6
9500,6
9573,4
9588,7
9590,1
9591,8
9675,0
9709,4
9735,1
9773,0
9783,5
9794,8
9798,6
9825,9
9861,8
9870,9
9925,8
9933,9
9937,8
10038,9
10073,2
10080,0
10098,1
10114,4
10136,1
10173,5
10176,0
10177,4
10180,1
10187,8
10189,8
10204,0
10216,4
10218,6
10227,5
10229,6
10242,0
10248,1
10250,8
10285,1
10289,6
10319,8
10322,3
10323,0
10352,0
10383,6
10395,8
10399,1
10442,6
10445,9
10449,9
10455,1
10459,4
10463,6
10475,6
10486,8
10511,3
10516,9
10547,7
10553,6
10564,0
10575,8
10587,4
10663,8
10678,3
10710,8
10742,5
10747,0
10770,5
10822,5
10825,2
10833,6
10873,7
10899,4
10913,6
10917,6
10932,7
10948,8
10974,0
11003,0
11007,7
11024,4
11070,8
11076,7
11078,9
11082,1
11087,8
11093,1
11105,0
11112,1
11160,8
11210,8
11239,8
11246,9
11272,1
11345,5
11351,8
11354,0
11358,1
11365,8
11379,0
11410,5
11445,1
11502,1
11504,1
11506,8
11528,7
11596,5
11656,5
11679,1
11681,8
11701,0
11702,1
11738,2
11784,6
11787,6
11798,7
11799,4
11838,7
11843,8
11859,8
11873,5
11916,4
11926,9
11930,4
11947,9
11951,3
11957,0
11970,9
11984,8
12047,6
12098,4
12154,1
12181,5
12184,0
12192,4
12203,9
12230,1
12253,7
12255,8
12267,4
12281,2
12287,7
12294,9
12303,3
12307,3
12357,0
12391,7
12401,6
12453,7
12470,5
12476,5
12480,6
12494,8
12500,0
12525,4
12566,5
12570,9
12589,4
12626,5
12630,8
12651,9
12665,0
12679,2
12683,8
12719,8
12738,9
12786,4
12793,1
12808,2
12867,4
12904,8
12914,9
12918,1
12952,1
12969,4
12972,4
12980,6
12998,3
13052,4
13065,8
13098,0
13102,1
13106,1
13126,0
13130,9
13144,3
13151,8
13160,1
13165,5
13198,2
13209,9
13210,6
13214,0
13286,0
13297,1
13308,9
13324,5
13337,7
13362,9
13369,1
13387,5
13420,8
13428,9
13435,9
13480,9
13502,5
13515,7
13540,7
13542,1
13553,4
13568,3
13569,1
13589,0
13605,8
13610,1
13672,9
13680,8
13719,0
13722,2
13731,6
13734,0
13751,0
13769,0
13780,6
13797,9
13823,4
13830,0
13835,1
13866,8
13882,1
13889,0
13891,9
13944,8
13950,1
13955,0
13977,6
13979,8
13982,9
13987,4
14035,8
14059,0
14086,4
14187,4
14188,4
14208,9
14214,5
14225,8
14296,4
14301,8
14305,8
14331,9
14362,8
14366,1
14403,7
14425,0
14426,4
14434,9
14443,9
14451,5
14527,3
14563,7
14605,7
14614,8
14697,8
14705,0
14724,1
14736,3
14739,4
14744,9
14766,8
14771,2
14778,6
14782,8
14785,4
14790,9
14805,6
14845,8
14870,1
15007,3
15023,4
15034,1
15060,0
15063,9
15068,1
15071,5
15098,7
15112,9
15142,0
15154,1
15219,8
15221,8
15227,3
15238,5
15267,8
15270,2
15275,0
15287,6
15292,3
15312,9
15374,5
15408,8
15421,5
15429,4
15433,9
15444,5
15502,8
15504,0
15541,9
15552,5
15559,0
15578,1
15583,0
15598,8
15600,0
15610,8
15626,8
15649,1
15659,9
15800,5
15825,0
15830,5
15832,9
15843,6
15844,9
15848,3
15866,4
15929,1
15988,8
15989,1
15997,7
16020,9
16094,4
16115,8
16117,9
16134,3
16156,3
16157,5
16184,8
16186,7
16205,7
16231,8
16234,1
16239,3
16244,0
16260,3
16262,1
16263,8
16265,1
16271,7
16278,1
16284,8
16290,4
16295,5
16354,0
16376,1
16377,8
16398,8
16405,5
16436,6
16440,8
16446,5
16469,6
16482,2
16522,9
16531,4
16552,8
16566,4
16568,9
16589,4
16603,5
16618,0
16619,0
16669,8
16677,2
16700,7
16756,7
16787,0
16793,3
16805,1
16809,7
16825,3
16854,9
16865,4
16889,6
16927,3
16929,4
16965,8
16976,6
17021,8
17028,1
17050,0
17099,5
17111,8
17124,0
17128,8
17129,1
17151,1
17152,9
17173,2
17203,4
17214,0
17231,4
17238,4
17243,1
17292,3
17309,6
17315,2
17317,9
17331,1
17392,0
17396,6
17405,8
17407,8
17414,5
17458,0
17484,6
17503,0
17524,6
17531,9
17538,1
17540,1
17556,6
17567,5
17579,2
17590,4
17599,1
17609,8
17619,6
17643,3
17647,6
17678,4
17688,8
17718,7
17720,9
17721,8
17736,4
17740,4
17765,8
17803,8
17805,2
17808,8
17841,2
17842,4
17848,9
17859,8
17896,4
17925,1
17952,8
18028,0
18042,0
18063,6
18080,5
18098,4
18102,0
18126,8
18129,8
18155,3
18177,6
18203,4
18241,9
18270,1
18336,6
18371,0
18397,3
18420,4
18434,8
18517,6
18568,1
18591,5
18595,8
18617,4
18659,1
18663,1
18678,6
18691,7
18696,5
18718,0
18722,9
18747,9
18795,8
18799,0
18801,1
18837,0
18848,6
18858,0
18860,9
18864,2
18921,0
18926,0
18928,9
18978,2
18981,4
18993,1
19008,0
19019,5
19024,9
19030,9
19144,9
19189,0
19198,4
19267,8
19361,0
19363,6
19376,0
19454,0
19477,9
19481,6
19483,4
19507,1
19519,2
19545,2
19550,0
19561,4
19610,5
19624,6
19628,0
19650,8
19664,0
19677,4
19687,9
19705,8
19738,0
19748,9
19765,1
19786,0
19797,5
19798,0
19804,1
19818,0
19824,9
19841,1
19884,1
19907,4
19908,0
19911,8
19920,5
19924,0
19930,0
19985,0
20010,0
20024,8
20037,8
20039,7
20046,1
20052,1
20098,4
20111,9
20125,5
20127,8
20129,9
20135,1
20163,1
20178,1
20190,5
20193,9
20200,5
20254,9
20261,8
20271,8
20274,1
20281,1
20283,0
20287,4
20330,9
20341,9
20352,8
20368,4
20371,0
20394,1
20409,1
20410,9
20418,0
20444,9
20478,0
20479,5
20490,4
20496,4
20507,8
20527,4
20634,4
20654,1
20670,3
20672,1
20680,4
20694,7
20702,4
20727,0
20750,9
20838,1
20863,0
20897,4
20919,8
20921,7
20930,2
20951,1
20956,4
20964,9
20968,8
20971,7
21013,5
21037,4
21047,9
21051,1
21066,0
21069,0
21082,0
21107,4
21112,3
21114,5
21130,4
21131,4
21132,0
21133,7
21139,5
21152,4
21163,4
21165,9
21173,1
21189,8
21199,0
21239,6
21241,6
21301,1
21302,9
21310,8
21352,7
21377,9
21408,8
21420,3
21421,8
21437,7
21481,5
21508,0
21527,2
21555,1
21569,8
21637,3
21687,1
21695,3
21698,1
21721,0
21765,1
21766,0
21785,8
21796,2
21804,2
21824,7
21867,4
21872,9
21876,9
21878,1
21880,2
21887,4
21927,5
21977,6
22003,3
22026,2
22041,9
22045,1
22048,0
22075,6
22081,9
22087,1
22091,6
22121,6
22150,8
22162,3
22213,0
22243,9
22285,4
22294,0
22338,9
22355,4
22367,4
22396,5
22410,1
22427,1
22431,5
22444,0
22454,7
22471,9
22504,4
22556,5
22589,0
22596,0
22604,8
22633,6
22640,0
22691,0
22694,4
22714,4
22723,3
22754,7
22789,6
22829,0
22886,0
22888,1
22960,4
22978,0
23053,3
23059,1
23060,0
23077,8
23096,4
23118,1
23145,9
23203,1
23249,5
23264,5
23265,3
23276,4
23297,0
23299,4
23301,0
23400,8
23440,8
23453,6
23461,8
23465,6
23541,0
23549,4
23554,1
23555,9
23557,0
23567,5
23568,5
23578,2
23582,8
23589,0
23592,4
23606,0
23644,4
23655,5
23671,5
23685,4
23703,1
23737,8
23746,5
23747,3
23753,0
23783,5
23805,8
23808,5
23858,5
23876,9
23884,0
23903,5
23960,1
24007,8
24019,4
24042,3
24054,9
24059,3
24081,0
24086,1
24103,0
24118,2
24156,9
24188,0
24209,1
24256,8
24257,6
24297,8
24298,4
24318,5
24327,4
24341,1
24366,1
24380,6
24391,4
24421,5
24466,1
24471,4
24477,7
24482,9
24494,9
24499,9
24509,1
24521,8
24558,8
24563,1
24586,8
24594,9
24611,6
24646,8
24654,8
24668,4
24691,8
24696,0
24706,0
24733,3
24754,6
24825,9
24836,2
24845,8
24860,9
24861,0
24958,1
24977,4
25046,9
25066,5
25101,0
25121,7
25135,6
25140,7
25155,7
25168,9
25214,0
25259,5
25260,4
25263,9
25288,4
25367,9
25374,6
25411,5
25479,4
25488,4
25503,4
25529,0
25534,4
25544,8
25576,0
25584,0
25602,4
25637,9
25640,9
25648,9
25652,9
25673,6
25684,6
25734,1
25752,2
25772,4
25776,8
25801,9
25805,1
25813,5
25814,0
25832,5
25853,1
25917,6
25938,4
25947,8
25952,0
25953,0
25975,8
26001,7
26008,3
26014,3
26018,5
26043,8
26047,7
26059,1
26078,8
26080,7
26106,4
26111,4
26124,6
26132,4
26134,5
26136,8
26146,2
26161,2
26191,0
26218,7
26240,5
26253,6
26272,7
26288,4
26297,4
26308,0
26314,9
26320,5
26376,1
26379,8
26387,5
26405,9
26424,9
26458,4
26475,0
26510,4
26520,8
26536,9
26544,4
26559,1
26570,5
26616,8
26617,1
26644,3
26645,0
26650,6
26657,6
26676,5
26679,7
26791,8
26793,5
26808,4
26812,1
26815,9
26843,0
26856,5
26862,5
26879,4
26889,6
26892,1
26904,4
26910,1
26920,6
26925,1
26949,9
26952,8
26971,8
26997,9
27017,8
27042,5
27064,1
27105,8
27116,9
27142,1
27182,1
27202,1
27226,9
27236,8
27269,8
27275,6
27295,9
27329,1
27386,8
27395,0
27409,1
27414,0
27422,5
27424,4
27440,9
27488,8
27489,1
27509,1
27539,5
27549,1
27553,3
27573,3
27576,5
27590,1
27605,9
27623,7
27629,1
27657,1
27663,0
27712,0
27724,6
27729,8
27752,2
27788,0
27790,1
27792,1
27802,5
27850,6
27855,1
27895,1
27942,5
27947,8
27982,0
27983,7
27993,9
28003,8
28057,5
28075,3
28094,1
28107,3
28135,2
28144,8
28151,0
28153,1
28160,0
28173,4
28224,3
28225,4
28232,1
28238,1
28304,4
28317,0
28327,4
28341,8
28373,4
28400,6
28432,8
28457,0
28484,1
28515,3
28521,1
28561,3
28614,4
28619,6
28656,1
28667,0
28740,0
28743,1
28785,8
28804,1
28845,5
28892,8
28902,8
28903,8
28907,4
28910,0
28927,9
28938,4
28945,0
28946,0
28964,1
28975,6
29001,9
29035,6
29055,0
29115,4
29124,9
29170,9
29181,3
29190,0
29193,4
29208,8
29219,2
29223,8
29231,3
29258,4
29261,9
29263,0
29293,5
29316,5
29329,5
29367,4
29372,4
29377,1
29395,0
29409,0
29453,2
29488,0
29514,1
29526,6
29540,0
29679,1
29693,9
29712,5
29734,2
29787,5
29810,1
29815,5
29862,0
29877,8
29901,1
29918,0
29920,7
29936,3
29942,4
29992,4
29993,9
30014,2
30029,8
30053,1
30092,8
30104,1
30147,8
30148,1
30163,0
30167,4
30168,6
30186,4
30200,1
30205,9
30216,5
30338,6
30382,0
30430,1
30440,6
30477,2
30483,3
30498,9
30500,9
30506,4
30556,1
30558,7
30563,6
30577,6
30592,1
30633,9
30653,0
30654,8
30656,8
30676,5
30680,6
30693,9
30695,1
30719,2
30729,3
30743,8
30757,1
30771,8
30802,2
30803,8
30831,2
30882,6
30909,1
30928,5
30945,6
30947,9
30954,4
30958,1
30975,2
31015,0
31021,3
31028,5
31031,5
31035,8
31060,8
31109,0
31119,8
31184,9
31231,6
31293,8
31294,6
31297,0
31308,8
31326,9
31341,0
31355,8
31368,6
31411,6
31426,9
31442,5
31453,4
31471,4
31507,8
31532,9
31580,4
31583,4
31640,1
31642,1
31688,2
31691,3
31732,8
31756,5
31771,1
31772,5
31826,7
31847,8
31848,1
31872,4
31893,9
31911,1
31916,1
31931,6
31937,0
31939,9
31984,4
31994,4
32032,4
32034,1
32048,7
32062,0
32063,1
32069,4
32112,4
32116,8
32121,9
32136,5
32165,0
32188,4
32213,4
32224,1
32248,5
32254,5
32261,8
32271,9
32272,4
32292,2
32311,9
32315,1
32329,8
32351,9
32399,0
32443,9
32458,4
32488,5
32537,5
32550,0
32557,0
32565,4
32605,0
32617,8
32640,2
32666,0
32677,1
32679,9
32725,6
32770,8
32810,0
32851,4
32853,7
32860,9
32863,1
32878,9
32893,7
32931,3
32952,0
32953,0
32971,8
32980,7
33021,9
33031,4
33038,8
33085,2
33093,7
33112,0
33117,4
33126,9
33127,4
33155,9
33167,6
33168,2
33252,9
33254,0
33267,5
33274,2
33370,1
33377,1
33380,9
33382,8
33411,4
33416,1
33419,8
33477,6
33515,7
33520,6
33546,8
33554,4
33555,5
33575,5
33610,9
33631,8
33637,4
33643,9
33644,2
33660,7
33678,8
33684,1
33708,4
33761,4
33769,1
33780,8
33817,3
33848,0
33852,4
33874,0
33895,8
33963,0
33975,6
33997,8
34017,1
34020,8
34036,0
34041,5
34057,0
34084,0
34098,8
34117,6
34172,0
34195,9
34215,1
34231,7
34295,6
34299,5
34320,8
34328,8
34401,0
34403,1
34433,6
34437,8
34449,4
34457,0
34464,4
34488,6
34538,0
34564,7
34604,2
34623,0
34649,8
34684,3
34731,0
34736,3
34738,8
34742,4
34773,0
34807,7
34813,8
34817,5
34821,5
34834,9
34842,8
34849,1
34853,3
34875,4
34885,9
34911,1
34915,6
34945,1
34967,3
34979,8
35001,1
35038,8
35041,5
35048,1
35054,9
35118,9
35120,8
35129,8
35172,5
35175,0
35190,3
35192,0
35224,5
35233,9
35242,8
35246,8
35294,0
35295,8
35312,4
35327,0
35332,9
35350,5
35375,8
35396,1
35398,8
35438,8
35493,4
35496,1
35536,0
35559,8
35576,8
35606,2
35621,1
35727,5
35735,9
35752,4
35756,1
35768,6
35798,1
35800,0
35829,1
35868,6
35893,9
35896,0
35903,5
35912,1
35921,8
35936,0
35947,2
35958,8
35959,0
35979,3
36010,8
36017,4
36034,8
36104,9
36117,1
36118,5
36121,8
36136,7
36152,7
36165,1
36172,9
36174,4
36179,8
36193,5
36210,8
36267,6
36281,7
36315,1
36350,4
36351,0
36433,1
36440,0
36475,2
36487,5
36498,7
36516,5
36537,0
36564,0
36567,9
36590,6
36625,1
36648,8
36663,5
36664,4
36720,9
36747,8
36749,0
36756,5
36779,9
36795,4
36811,1
36815,3
36832,9
36850,5
36866,6
36874,0
36878,8
36922,9
36924,1
36956,1
36970,4
36994,0
37005,8
37011,1
37059,0
37075,8
37106,8
37110,1
37161,3
37162,9
37177,6
37206,9
37216,5
37252,0
37270,5
37278,8
37284,3
37328,4
37449,9
37483,8
37487,4
37501,2
37571,0
37585,4
37605,8
37616,4
37645,4
37647,0
37651,9
37672,8
37701,8
37718,3
37776,8
37897,1
37899,4
37911,1
37920,1
37976,9
37985,2
38012,4
38014,8
38042,0
38047,4
38052,4
38056,1
38146,8
38151,8
38196,1
38254,5
38336,4
38360,5
38453,8
38478,6
38528,1
38543,0
38559,0
38596,8
38597,9
38614,0
38643,6
38645,4
38663,0
38664,1
38682,1
38683,1
38706,0
38711,7
38736,1
38752,3
38761,6
38767,9
38791,8
38829,9
38852,4
38863,8
38897,1
38928,1
38965,1
38979,8
38986,3
39001,8
39036,6
39055,0
39056,7
39070,8
39093,0
39129,4
39131,8
39148,9
39151,4
39164,6
39167,8
39185,1
39187,8
39193,1
39236,0
39269,4
39276,7
39288,1
39328,1
39340,6
39347,0
39352,1
39387,7
39430,6
39453,2
39457,0
39462,1
39472,9
39504,0
39533,1
39559,8
39584,4
39602,8
39624,0
39638,4
39652,1
39677,6
39709,6
39775,0
39785,1
39812,4
39822,9
39858,5
39864,8
39876,8
39902,8
39915,8
39926,8
39937,1
39946,5
39977,1
39996,5
40021,5
40030,4
40050,9
40052,1
40061,7
40079,3
40108,0
40123,4
40133,5
40135,4
40245,8
40273,1
40331,6
40365,2
40372,9
40379,4
40398,8
40418,0
40421,0
40441,0
40452,3
40481,3
40499,9
40500,7
40564,6
40574,3
40582,0
40587,5
40619,3
40635,1
40652,8
40687,8
40695,5
40738,5
40773,5
40798,6
40803,0
40808,8
40820,0
40821,0
40897,1
40900,2
40909,1
40910,4
40921,1
40946,4
40974,1
40995,2
41026,7
41041,0
41060,6
41098,4
41136,3
41154,8
41157,6
41206,4
41290,2
41299,3
41314,5
41343,3
41487,1
41504,8
41505,8
41521,5
41529,8
41562,9
41569,4
41576,4
41596,1
41601,7
41621,8
41641,1
41647,0
41670,5
41672,2
41682,5
41693,5
41706,9
41713,0
41716,4
41725,7
41763,9
41776,3
41817,9
41831,8
41880,0
41907,0
41913,4
41915,4
41935,8
41962,9
41963,6
41971,1
41987,0
42007,6
42029,8
42047,5
42048,9
42071,1
42086,9
42159,2
42231,9
42256,6
42288,1
42306,9
42319,2
42334,5
42343,3
42377,4
42390,5
42401,1
42426,9
42455,4
42463,1
42496,2
42588,3
42592,7
42605,3
42641,5
42647,6
42662,8
42663,5
42681,3
42692,2
42699,8
42721,9
42732,0
42750,4
42757,9
42763,7
42790,7
42797,0
42817,0
42827,5
42849,1
42899,1
42912,6
42913,0
42921,6
42935,5
42938,3
42945,0
42967,1
42973,4
42979,8
43009,4
43020,0
43031,3
43035,6
43046,7
43084,5
43092,0
43098,5
43110,8
43131,1
43160,7
43206,5
43218,5
43239,4
43249,1
43250,8
43275,4
43290,8
43295,4
43347,0
43388,8
43399,6
43405,9
43423,0
43428,3
43436,2
43474,3
43480,1
43481,4
43506,5
43507,4
43510,5
43520,7
43538,8
43550,9
43617,2
43629,8
43630,2
43657,4
43665,0
43704,1
43709,4
43724,8
43738,9
43741,8
43775,3
43780,5
43800,6
43807,6
43834,0
43855,5
43876,8
43884,0
43946,5
43948,1
43958,8
43960,0
43964,2
43975,2
43991,3
44006,5
44037,4
44063,0
44065,1
44077,6
44083,9
44172,8
44199,0
44201,6
44208,0
44218,6
44233,4
44243,0
44244,9
44263,5
44275,4
44286,8
44329,5
44332,4
44335,0
44437,8
44445,0
44450,9
44483,6
44491,0
44507,8
44578,0
44613,4
44619,0
44627,1
44630,3
44638,8
44645,9
44662,5
44668,4
44722,6
44731,4
44763,9
44773,5
44782,3
44793,5
44806,8
44812,8
44831,4
44839,8
44855,9
44867,0
44913,8
44929,8
44944,8
44968,8
44979,0
45021,0
45043,3
45109,8
45128,0
45161,8
45162,0
45167,1
45168,8
45172,4
45184,4
45213,4
45256,5
45265,6
45290,1
45294,6
45320,1
45323,9
45334,5
45349,0
45353,4
45358,2
45371,0
45400,3
45427,8
45434,0
45438,1
45441,3
45453,2
45512,5
45522,0
45525,9
45539,0
45593,6
45596,0
45635,6
45652,7
45658,3
45660,8
45664,6
45677,1
45681,4
45716,5
45754,1
45784,9
45787,9
45797,5
45802,8
45816,1
45817,0
45819,2
45823,0
45849,8
45883,5
45934,6
45949,6
45952,0
45966,0
45996,1
45999,1
46012,1
46033,4
46064,9
46093,1
46105,2
46144,0
46147,7
46156,7
46196,1
46199,1
46200,8
46209,6
46231,8
46252,8
46269,3
46276,1
46303,0
46356,7
46372,1
46383,6
46418,5
46430,0
46469,5
46481,1
46498,4
46538,6
46609,9
46614,8
46703,0
46753,8
46756,8
46791,8
46810,0
46828,9
46829,5
46842,1
46860,0
46871,0
46891,5
46894,4
46902,3
46976,4
47039,5
47043,2
47051,8
47086,4
47100,8
47115,5
47150,0
47159,4
47163,8
47198,4
47243,1
47261,9
47274,8
47282,4
47316,0
47322,8
47328,8
47355,9
47365,4
47442,1
47472,6
47497,6
47520,3
47525,8
47608,4
47624,5
47639,0
47641,5
47643,3
47644,1
47672,1
47720,3
47735,1
47790,1
47883,2
47891,6
47918,9
47986,1
47987,9
47991,1
48000,4
48003,8
48018,4
48022,1
48023,0
48040,1
48068,4
48085,1
48115,8
48136,0
48218,0
48222,9
48234,9
48255,9
48301,6
48306,1
48324,3
48365,4
48368,1
48378,2
48387,6
48404,7
48454,1
48517,1
48566,9
48571,8
48578,0
48617,8
48631,0
48652,8
48710,4
48737,8
48798,3
48827,6
48880,4
48885,4
48921,5
48922,3
48929,0
48940,9
48945,6
48947,0
48958,6
48993,1
49031,6
49044,8
49050,4
49097,0
49107,5
49162,4
49171,0
49180,7
49187,7
49225,8
49265,1
49283,1
49298,9
49305,6
49341,4
49350,3
49351,0
49417,4
49439,8
49443,0
49465,8
49488,1
49498,2
49535,0
49561,0
49565,9
49571,7
49608,9
49613,6
49675,0
49676,4
49688,4
49717,1
49817,1
49823,4
49824,8
49838,6
49843,4
49872,0
49903,0
49905,5
49960,6
49999,8
50032,1
50040,8
50048,8
50056,1
50073,6
50149,4
50154,4
50165,6
50168,6
50180,8
50182,4
50184,3
50224,7
50228,9
50234,7
50257,0
50275,6
50282,4
50304,9
50342,8
50354,0
50387,6
50408,9
50413,8
50435,0
50447,1
50465,1
50503,6
50506,6
50513,8
50524,8
50546,2
50572,1
50607,8
50625,8
50634,8
50684,0
50732,7
50809,3
50811,6
50842,1
50876,0
50913,2
50948,4
50981,4
50983,5
50998,4
51026,4
51029,0
51031,6
51040,5
51059,0
51069,6
51081,4
51089,6
51104,8
51141,7
51147,0
51153,3
51158,8
51170,4
51197,1
51223,8
51244,8
51251,5
51259,0
51276,6
51325,4
51347,8
51362,5
51366,5
51423,4
51436,1
51444,5
51446,6
51464,0
51480,6
51485,6
51487,8
51511,5
51591,7
51600,4
51646,5
51654,9
51740,5
51769,8
51777,0
51780,4
51789,0
51791,4
51794,5
51801,1
51826,0
51830,8
51838,4
51845,0
51860,4
51880,8
51931,2
51937,2
51952,1
51953,6
51962,4
51967,7
52012,8
52044,8
52072,8
52074,4
52084,1
52103,4
52141,6
52147,7
52189,2
52201,8
52282,6
52292,8
52329,8
52344,4
52368,1
52388,5
52402,4
52415,3
52416,1
52434,6
52481,9
52510,9
52551,6
52576,9
52585,3
52605,9
52638,9
52639,0
52657,1
52666,7
52682,4
52712,9
52786,7
52809,0
52819,1
52822,1
52863,8
52886,7
52892,8
52904,3
52906,1
52922,3
52925,7
52927,1
52929,9
52954,8
52976,6
53007,6
53016,1
53020,9
53022,9
53036,8
53052,4
53057,6
53071,8
53110,8
53117,0
53124,0
53128,8
53160,1
53174,0
53214,7
53247,9
53279,9
53299,0
53303,2
53313,7
53320,6
53321,1
53391,2
53393,9
53395,1
53409,1
53421,4
53451,4
53467,1
53552,5
53573,0
53575,0
53584,3
53594,1
53597,9
53604,1
53610,1
53646,6
53650,2
53678,0
53704,3
53707,1
53732,5
53752,9
53776,4
53811,8
53856,4
53870,1
53872,8
53880,0
53891,1
53958,3
54007,4
54023,1
54026,9
54054,8
54138,9
54151,5
54163,8
54164,1
54178,8
54182,1
54191,3
54210,1
54227,6
54255,6
54272,0
54303,0
54309,4
54313,0
54336,8
54341,8
54432,2
54465,5
54475,0
54479,1
54508,9
54588,4
54667,9
54677,9
54687,9
54705,8
54755,0
54804,0
54812,0
54828,5
54831,2
54856,3
54889,8
54891,7
54913,5
54934,5
54945,6
54956,2
54960,4
54983,3
55004,4
55007,9
55053,4
55061,8
55076,5
55080,1
55098,4
55102,9
55109,4
55113,7
55123,6
55161,5
55173,1
55232,1
55300,2
55305,5
55329,7
55343,3
55375,9
55382,6
55383,3
55386,1
55398,0
55407,8
55408,0
55411,1
55442,5
55448,7
55452,7
55498,5
55588,0
55594,1
55607,4
55717,3
55724,7
55725,6
55781,8
55785,0
55791,3
55797,6
55818,5
55834,9
55859,9
55868,8
55889,9
55924,4
55951,6
55965,5
55966,3
56001,8
56010,1
56031,4
56050,0
56060,4
56076,7
56079,2
56098,6
56113,5
56116,5
56134,3
56141,8
56191,3
56194,8
56195,6
56241,1
56244,4
56307,8
56362,0
56374,1
56418,7
56447,8
56448,3
56456,1
56464,9
56480,9
56487,9
56563,4
56569,2
56599,9
56623,8
56663,5
56671,4
56692,6
56697,3
56711,5
56714,1
56723,4
56727,6
56729,7
56769,7
56770,4
56781,0
56873,7
56898,5
56912,1
56913,8
56933,9
56935,5
56954,0
56997,4
57005,1
57013,5
57029,6
57030,8
57034,0
57060,8
57076,4
57087,8
57090,8
57120,0
57123,4
57161,0
57167,5
57172,3
57186,0
57190,1
57197,1
57220,1
57229,4
57230,7
57264,3
57272,1
57278,3
57292,7
57294,9
57332,8
57335,8
57352,8
57360,6
57387,2
57392,8
57394,2
57395,0
57407,0
57470,5
57471,0
57508,6
57536,0
57578,6
57579,1
57629,0
57654,2
57718,7
57719,6
57721,4
57738,1
57751,7
57762,3
57768,5
57784,0
57785,1
57826,8
57835,4
57841,4
57857,4
57858,7
57874,9
57891,6
57916,0
57917,0
57951,5
57975,9
57986,9
58007,6
58035,0
58057,4
58058,8
58083,1
58093,6
58116,0
58123,1
58138,8
58166,6
58189,1
58195,8
58209,4
58211,4
58217,5
58229,0
58284,9
58305,8
58356,0
58394,8
58438,6
58447,1
58477,5
58527,3
58534,6
58543,8
58581,2
58627,4
58639,9
58657,8
58661,4
58756,5
58772,1
58783,2
58809,0
58816,7
58846,5
58847,4
58860,8
58866,0
58913,1
58926,1
58937,3
58938,4
58941,7
58942,8
58952,0
59005,5
59027,9
59028,1
59032,6
59053,2
59118,7
59123,8
59135,9
59189,1
59192,6
59229,3
59230,1
59237,6
59257,6
59265,8
59274,8
59291,5
59294,8
59295,9
59359,6
59369,6
59373,1
59378,6
59417,6
59423,8
59450,0
59465,4
59492,5
59554,7
59580,4
59603,8
59615,0
59618,5
59632,6
59658,1
59718,8
59743,4
59746,7
59754,6
59768,1
59780,4
59789,4
59837,8
59853,6
59856,7
59867,5
59876,6
59881,4
59891,3
59892,6
59902,1
59922,4
59927,9
59940,0
59958,1
59987,0
59994,1
