35,5
44,3
53,4
78,1
123,7
166,4
173,5
180,2
188,8
190,2
216,0
226,9
227,9
228,3
289,4
297,4
307,7
346,9
348,8
370,7
373,4
421,6
445,8
449,6
463,5
474,5
497,7
502,5
506,6
514,5
516,5
523,5
539,8
569,4
579,5
603,0
634,7
649,6
659,3
662,0
688,2
727,9
728,7
738,1
763,9
768,5
778,5
789,3
795,7
815,5
821,1
836,5
874,3
886,5
910,6
950,7
980,9
1013,8
1014,7
1032,5
1039,5
1062,5
1095,1
1100,6
1149,4
1176,4
1186,7
1200,1
1204,6
1233,3
1247,8
1300,7
1356,5
1364,9
1402,5
1404,8
1406,5
1429,3
1504,6
1577,5
1604,4
1648,2
1652,7
1661,3
1678,0
1683,9
1689,3
1690,5
1700,1
1719,7
1737,3
1774,2
1799,3
1803,7
1809,3
1820,9
1824,5
1848,7
1851,7
1870,3
1875,9
1890,6
1908,3
1913,5
1920,2
1978,5
2028,5
2035,6
2115,7
2167,6
2182,5
2203,3
2229,7
2231,8
2242,6
2290,4
2297,7
2300,6
2375,1
2404,0
2445,5
2464,2
2508,2
2540,7
2546,4
2570,6
2597,0
2643,9
2650,7
2666,7
2669,3
2671,3
2677,9
2690,5
2696,9
2733,2
2768,8
2772,4
2775,5
2788,3
2789,6
2798,9
2823,1
2929,7
2961,3
2968,5
2984,7
3047,3
3095,9
3120,1
3139,6
3140,7
3177,1
3204,5
3217,4
3220,3
3232,9
3236,7
3240,4
3245,6
3254,8
3281,8
3288,6
3311,9
3323,3
3357,2
3363,6
3400,3
3415,3
3432,8
3489,8
3502,8
3519,9
3539,5
3549,1
3550,3
3575,5
3585,0
3603,0
3604,1
3613,5
3639,4
3648,5
3671,6
3681,5
3697,4
3715,0
3747,7
3749,6
3801,5
3831,1
3835,3
3921,5
3995,3
3997,3
3999,6
4037,5
4052,8
4073,3
4103,8
4130,7
4210,6
4219,9
4260,9
4297,4
4304,5
4323,9
4339,3
4358,7
4395,7
4409,4
4442,2
4479,7
4491,3
4503,9
4516,7
4543,3
4552,3
4583,3
4609,8
4631,6
4689,9
4697,2
4714,2
4739,5
4755,3
4799,7
4845,5
4863,7
4894,9
4899,7
4901,9
4906,0
4912,9
4961,5
4967,8
4985,0
4994,0
5051,1
5064,4
5067,3
5075,1
5095,2
5176,1
5308,7
5329,6
5345,2
5351,1
5352,7
5397,2
5410,4
5440,5
5456,5
5463,8
5472,7
5487,0
5525,0
5540,7
5546,7
5568,7
5572,9
5601,1
5606,5
5612,0
5651,7
5659,2
5671,6
5676,7
5704,9
5721,6
5731,1
5732,1
5772,6
5784,7
5797,9
5806,9
5824,1
5855,7
5865,9
5880,4
5906,7
5919,3
5940,9
5952,2
5956,6
5975,7
6004,5
6012,2
6015,7
6019,9
6034,0
6042,9
6043,1
6066,8
6074,9
6081,3
6120,4
6128,4
6139,6
6147,7
6168,2
6172,2
6205,9
6250,7
6270,2
6278,7
6282,3
6288,8
6304,7
6313,6
6333,7
6361,7
6372,1
6374,5
6420,3
6466,2
6472,5
6535,9
6550,7
6603,0
6605,2
6655,5
6656,4
6695,7
6743,2
6768,0
6772,5
6781,5
6789,6
6845,7
6858,3
6861,2
6868,5
6900,1
6909,6
6937,2
6954,6
7002,4
7015,6
7032,5
7132,3
7136,8
7184,8
7189,3
7201,9
7204,4
7210,7
7213,7
7223,2
7235,5
7250,3
7254,0
7278,7
7299,4
7316,8
7326,2
7340,7
7343,4
7346,5
7348,7
7382,5
7391,0
7398,6
7448,5
7449,5
7452,6
7479,8
7481,5
7489,4
7504,6
7506,0
7512,8
7523,2
7530,7
7534,7
7567,2
7580,6
7590,3
7592,5
7597,0
7628,2
7639,5
7644,7
7655,3
7698,3
7699,5
7701,3
7751,4
7761,1
7762,3
7785,6
7790,2
7807,0
7820,5
7823,2
7848,5
7863,4
7866,7
7874,0
7885,5
7887,6
7900,5
7904,9
7913,7
7931,7
7939,2
7961,7
7975,9
8005,9
8022,5
8025,2
8039,3
8058,2
8067,8
8107,7
8131,1
8155,9
8164,3
8176,1
8182,7
8183,5
8198,7
8201,2
8308,9
8312,6
8319,1
8340,8
8368,0
8419,5
8451,1
8495,4
8557,3
8569,5
8609,2
8689,1
8716,3
8731,5
8741,7
8768,4
8801,7
8805,7
8809,0
8819,5
8848,6
8851,9
8859,8
8895,1
8913,7
8917,0
8918,8
8949,7
8952,2
8961,0
8986,5
8994,6
9020,8
9038,0
9048,0
9059,3
9104,2
9191,9
9222,0
9275,9
9276,7
9289,3
9295,6
9304,9
9340,5
9352,5
9390,9
9418,3
9423,1
9424,3
9438,6
9449,2
9507,1
9533,6
9582,7
9596,6
9620,3
9646,5
9655,9
9673,9
9675,0
9695,0
9704,4
9706,3
9810,9
9823,0
9897,2
9898,5
9899,5
9910,1
9921,6
9963,0
9984,4
10003,9
10018,4
10027,1
10079,8
10095,7
10112,9
10122,2
10162,5
10165,9
10207,2
10210,3
10248,1
10292,9
10333,5
10374,9
10382,9
10412,5
10419,6
10429,2
10432,5
10439,0
10441,5
10465,5
10471,0
10492,5
10522,7
10605,3
10613,9
10630,6
10647,3
10701,5
10702,7
10724,4
10726,8
10728,3
10742,5
10744,7
10757,3
10770,5
10813,6
10824,2
10877,5
10890,7
10892,1
10903,5
10934,9
10953,3
10981,8
10987,5
10989,7
10993,3
11031,3
11034,3
11045,0
11047,1
11068,9
11076,7
11090,9
11094,5
11125,7
11144,4
11174,6
11197,3
11245,9
11266,7
11302,8
11323,4
11327,6
11364,2
11365,8
11367,9
11368,9
11403,0
11421,7
11459,4
11461,6
11472,5
11477,5
11530,6
11531,2
11553,7
11557,9
11558,1
11566,7
11585,4
11587,5
11696,5
11712,0
11718,2
11752,3
11768,7
11791,0
11798,7
11821,7
11847,9
11849,6
11853,9
11855,1
11895,1
11918,9
11921,3
11944,7
12013,1
12017,3
12037,8
12039,5
12044,3
12074,9
12078,1
12110,5
12122,4
12153,3
12177,6
12200,9
12249,5
12269,5
12276,0
12291,4
12323,1
12346,3
12361,2
12376,5
12386,5
12405,5
12445,2
12467,5
12492,7
12535,9
12538,4
12540,5
12558,7
12569,5
12582,2
12613,6
12626,5
12629,9
12642,1
12655,9
12677,3
12694,5
12728,6
12741,0
12775,3
12808,2
12814,3
12868,9
12877,3
12917,5
12921,7
12937,5
12944,8
12960,8
12962,5
12965,9
12982,7
12987,1
13042,7
13122,8
13148,2
13152,8
13248,5
13267,4
13290,6
13306,6
13321,5
13335,0
13336,5
13375,6
13379,1
13451,4
13480,9
13531,3
13556,1
13567,3
13592,8
13602,5
13617,1
13635,6
13637,7
13671,6
13695,9
13700,1
13704,3
13708,5
13733,1
13749,5
13771,2
13775,4
13776,7
13794,7
13804,2
13814,7
13815,7
13829,5
13832,6
13842,7
13847,7
13867,7
13907,7
13936,9
13938,5
13946,5
13980,3
14009,5
14082,9
14090,5
14091,2
14096,5
14097,0
14115,3
14127,9
14128,8
14159,6
14184,3
14187,4
14205,3
14270,8
14305,8
14317,9
14328,6
14329,0
14348,7
14356,0
14365,9
14398,7
14414,1
14431,3
14432,4
14435,5
14450,3
14467,3
14478,8
14493,9
14500,6
14537,4
14563,7
14580,9
14601,7
14616,4
14630,5
14642,7
14713,5
14739,4
14769,4
14777,7
14791,8
14798,2
14799,5
14802,7
14864,3
14875,9
14899,1
14901,2
14907,5
14912,6
14937,0
14970,5
14981,4
15006,6
15012,5
15024,5
15025,6
15040,2
15042,0
15053,3
15092,4
15114,6
15134,6
15137,2
15155,5
15159,6
15177,6
15238,5
15243,7
15249,0
15292,3
15312,9
15316,1
15319,7
15358,5
15371,5
15392,1
15407,0
15415,5
15425,7
15426,4
15446,9
15452,7
15493,1
15537,2
15554,7
15560,9
15568,4
15569,2
15640,8
15641,6
15655,5
15698,5
15701,3
15702,5
15708,6
15732,5
15738,8
15742,5
15750,7
15768,5
15781,5
15792,7
15815,3
15819,5
15832,9
15833,7
15847,3
15856,7
15866,4
15880,5
15900,7
15904,0
15961,6
15969,5
15975,5
15976,7
16020,9
16035,9
16143,7
16182,8
16202,0
16216,4
16244,0
16250,9
16261,9
16264,7
16343,7
16348,1
16359,4
16399,4
16413,9
16419,7
16428,0
16446,5
16462,3
16490,5
16592,5
16633,5
16641,7
16652,4
16661,7
16686,1
16692,5
16701,2
16737,5
16814,9
16892,3
16911,3
16927,3
16987,0
16999,7
17004,6
17056,8
17065,8
17080,2
17109,7
17110,2
17116,3
17146,3
17150,6
17157,4
17158,4
17177,7
17179,8
17255,3
17260,1
17298,5
17324,3
17339,2
17369,2
17381,0
17382,6
17398,9
17419,7
17437,9
17443,7
17448,2
17471,3
17508,0
17524,6
17531,9
17540,1
17544,5
17568,4
17599,1
17643,3
17648,0
17651,5
17660,2
17716,5
17718,7
17744,4
17760,8
17766,3
17828,0
17854,1
17937,8
17947,3
17960,1
17971,5
18004,3
18006,7
18041,8
18051,9
18057,9
18103,5
18135,2
18181,6
18190,4
18195,8
18209,5
18211,9
18214,8
18252,3
18257,7
18269,7
18292,6
18294,4
18296,9
18298,5
18307,3
18318,2
18383,8
18390,3
18504,4
18506,9
18513,7
18614,8
18630,3
18652,6
18680,9
18696,5
18698,9
18712,0
18714,8
18727,3
18785,3
18807,4
18809,7
18833,1
18863,1
18891,2
18898,4
18923,0
18930,2
18974,3
18986,3
18995,2
19007,9
19032,4
19046,8
19062,6
19088,4
19089,5
19152,2
19164,7
19184,7
19214,8
19244,9
19254,9
19255,9
19256,9
19277,6
19287,4
19313,8
19366,5
19405,4
19423,2
19549,3
19568,2
19626,1
19627,6
19642,7
19648,7
19665,8
19672,4
19696,9
19699,5
19771,7
19776,1
19789,4
19809,7
19883,3
19920,5
19929,7
19938,9
19958,5
20001,9
20012,0
20043,7
20050,9
20054,9
20125,5
20153,6
20189,7
20192,3
20199,5
20203,3
20222,3
20229,7
20245,6
20258,4
20304,7
20362,3
20382,2
20386,7
20389,9
20418,0
20470,3
20472,8
20474,1
20505,9
20511,8
20538,3
20557,7
20571,9
20638,9
20646,7
20692,9
20693,5
20715,2
20730,4
20737,3
20741,4
20789,7
20800,3
20893,9
20895,0
20917,2
20936,0
20965,3
20976,5
21000,7
21006,2
21014,2
21021,7
21055,3
21067,9
21100,6
21119,4
21128,6
21144,3
21200,1
21206,5
21252,5
21266,0
21275,5
21312,8
21318,7
21322,7
21334,1
21352,7
21407,6
21441,2
21474,1
21512,3
21516,9
21550,5
21551,9
21570,3
21583,5
21584,3
21594,1
21600,0
21616,9
21655,4
21662,7
21670,2
21674,2
21677,5
21685,3
21702,1
21706,7
21714,3
21719,7
21725,7
21734,5
21743,4
21754,5
21755,6
21757,9
21768,0
21770,4
21782,5
21827,9
21849,4
21857,2
21938,3
21946,3
21956,5
22059,8
22063,0
22076,2
22120,1
22200,2
22208,0
22230,9
22237,6
22248,1
22255,5
22277,6
22291,6
22293,3
22301,7
22434,4
22467,7
22477,3
22483,8
22497,7
22511,0
22539,7
22540,9
22581,5
22597,9
22613,7
22620,2
22638,5
22641,2
22731,2
22732,5
22733,3
22734,5
22772,9
22780,9
22827,5
22891,7
22918,5
22951,5
22964,3
22973,5
22979,5
23009,0
23061,9
23076,3
23080,2
23084,9
23112,8
23121,4
23148,6
23153,7
23155,7
23169,5
23176,1
23185,2
23200,5
23264,5
23266,9
23287,3
23290,1
23292,7
23329,9
23332,5
23356,6
23358,6
23408,8
23416,6
23425,3
23437,8
23463,9
23490,3
23526,7
23527,3
23568,5
23590,7
23633,5
23683,2
23689,5
23707,6
23778,3
23785,6
23798,7
23846,2
23867,9
23869,5
23919,9
23927,5
23933,4
23941,7
23947,5
23969,7
23989,9
24003,6
24058,6
24081,0
24113,4
24159,7
24183,1
24186,7
24189,0
24212,0
24255,5
24257,6
24260,7
24325,7
24346,0
24354,3
24367,0
24401,9
24412,7
24448,3
24474,6
24492,5
24494,9
24503,7
24505,7
24517,2
24518,7
24543,4
24557,2
24558,8
24565,7
24568,7
24595,5
24621,3
24631,1
24632,2
24716,5
24728,2
24738,1
24773,5
24783,3
24799,5
24831,8
24835,3
24837,6
24853,2
24854,5
24923,1
24952,0
24969,3
24983,9
25003,1
25027,1
25064,1
25080,5
25083,9
25089,2
25128,7
25138,2
25170,4
25200,7
25216,9
25249,2
25290,0
25302,1
25303,9
25323,9
25338,6
25355,7
25371,9
25372,9
25413,3
25483,5
25490,4
25501,9
25536,3
25543,7
25557,5
25561,7
25588,5
25603,5
25617,2
25618,2
25648,9
25652,9
25689,3
25700,2
25737,4
25779,1
25785,1
25806,7
25813,5
25832,5
25840,5
25863,7
25865,9
25879,8
25880,3
25888,7
25930,5
25967,5
26014,3
26034,5
26085,8
26091,7
26113,5
26122,8
26123,3
26165,3
26170,2
26204,5
26218,7
26222,3
26223,9
26252,6
26352,4
26360,5
26381,5
26383,3
26387,5
26410,6
26416,9
26417,7
26418,6
26419,3
26460,5
26473,1
26493,5
26500,7
26505,3
26528,7
26552,5
26578,1
26590,5
26643,9
26655,5
26659,7
26669,2
26685,0
26697,6
26817,2
26823,5
26832,0
26844,9
26862,5
26865,8
26873,5
26882,7
26958,6
26968,1
26970,9
26974,2
26986,1
27042,5
27100,5
27107,9
27125,4
27139,5
27143,3
27154,5
27163,9
27193,5
27226,9
27248,3
27249,6
27254,7
27275,6
27285,6
27288,5
27291,5
27296,5
27319,6
27324,8
27391,9
27404,6
27408,5
27444,2
27449,6
27471,5
27482,5
27529,7
27533,9
27534,3
27548,2
27556,6
27585,1
27597,7
27630,1
27640,3
27658,0
27716,7
27777,5
27795,3
27798,8
27826,4
27846,9
27853,7
27868,7
27894,0
27898,2
27915,2
27929,9
27934,6
27963,5
27972,8
27983,7
28018,1
28034,4
28087,9
28100,1
28113,9
28116,5
28118,7
28157,3
28158,7
28195,9
28215,9
28253,4
28254,5
28259,5
28275,2
28285,2
28292,1
28293,2
28294,2
28299,3
28455,5
28463,9
28514,7
28529,7
28548,6
28551,4
28563,7
28600,4
28607,0
28635,4
28661,7
28674,9
28676,9
28691,4
28735,3
28736,1
28746,0
28753,9
28801,2
28816,0
28825,3
28840,0
28890,6
28903,8
28905,6
28924,5
28926,7
28949,5
28952,5
28960,9
28977,2
28993,0
28999,8
29018,9
29072,9
29073,3
29099,7
29112,5
29126,8
29140,6
29157,5
29159,7
29177,0
29221,6
29248,5
29262,0
29282,7
29289,3
29312,2
29328,9
29329,5
29390,9
29397,9
29424,6
29443,7
29483,3
29502,9
29506,3
29508,7
29525,5
29543,6
29564,0
29572,5
29580,9
29582,7
29597,6
29610,3
29665,8
29701,3
29709,7
29719,3
29743,9
29748,5
29756,7
29757,3
29792,4
29795,6
29797,7
29809,0
29900,7
29936,3
29942,4
29943,7
29945,8
29987,6
29991,3
30100,1
30124,3
30129,1
30143,1
30153,7
30190,7
30194,1
30204,9
30217,5
30240,0
30250,7
30269,4
30279,6
30314,6
30316,4
30317,2
30323,5
30327,4
30347,8
30362,3
30432,7
30459,2
30470,9
30482,5
30498,9
30499,5
30504,7
30522,2
30546,8
30550,1
30558,7
30594,2
30596,2
30656,8
30704,9
30729,3
30744,6
30766,5
30778,9
30785,8
30814,9
30820,6
30841,7
30930,6
30934,3
30962,3
30975,2
30992,0
30998,7
31005,5
31066,7
31072,9
31075,8
31117,3
31132,9
31133,2
31151,5
31155,3
31172,0
31214,5
31215,9
31235,4
31291,7
31300,7
31309,9
31312,9
31324,4
31330,7
31364,9
31367,0
31374,7
31379,3
31407,4
31432,1
31438,4
31447,1
31480,9
31481,6
31486,8
31496,5
31532,9
31533,7
31544,3
31559,3
31561,9
31564,3
31604,0
31609,2
31621,9
31674,7
31687,5
31690,7
31709,2
31711,4
31718,1
31732,8
31745,3
31756,5
31757,2
31765,8
31794,2
31797,6
31801,8
31820,5
31821,5
31825,3
31832,8
31833,9
31862,1
31906,8
31916,1
31923,9
31945,1
31949,3
31953,5
31972,8
31976,5
31981,6
31991,7
32030,8
32037,4
32050,6
32060,5
32087,3
32094,4
32124,4
32156,5
32198,5
32200,5
32234,3
32245,1
32254,5
32287,5
32295,1
32305,6
32311,9
32329,8
32333,0
32338,1
32348,5
32350,9
32385,3
32415,5
32416,7
32429,9
32452,8
32473,8
32507,5
32518,4
32539,3
32564,0
32575,0
32588,3
32589,7
32603,5
32608,7
32609,0
32631,6
32646,5
32651,7
32685,3
32686,5
32698,5
32703,3
32728,7
32737,5
32757,5
32777,9
32781,0
32804,3
32806,8
32830,4
32875,5
32882,9
32902,5
32908,9
32938,6
32966,0
32973,2
32980,7
33027,2
33038,8
33041,9
33049,3
33098,9
33181,8
33212,9
33214,0
33216,5
33226,9
33245,5
33314,6
33322,4
33331,3
33393,7
33397,6
33407,3
33435,2
33447,8
33450,6
33494,5
33511,5
33519,8
33530,7
33531,9
33543,7
33588,6
33625,9
33630,4
33660,7
33663,1
33680,2
33723,0
33803,4
33808,5
33820,8
33830,7
33855,9
33859,9
33866,5
33879,6
33917,3
33957,7
33963,0
33980,6
33983,0
33987,2
33996,7
34019,9
34076,3
34122,5
34123,9
34158,1
34179,1
34181,2
34221,4
34233,7
34234,4
34305,0
34322,8
34344,7
34366,3
34374,6
34391,5
34398,9
34400,5
34409,4
34498,4
34508,0
34545,4
34561,5
34594,8
34601,6
34649,8
34671,6
34684,3
34700,6
34710,3
34713,3
34745,2
34760,5
34793,3
34801,9
34810,4
34814,8
34862,3
34866,3
34870,8
34882,5
34916,7
34930,9
34962,9
34963,6
34982,7
35032,7
35035,2
35043,3
35048,1
35135,9
35143,3
35157,0
35180,3
35199,7
35210,6
35228,5
35324,4
35382,7
35390,5
35393,2
35502,0
35507,1
35542,3
35560,7
35565,1
35580,7
35594,7
35608,5
35612,0
35643,3
35646,0
35674,5
35692,3
35696,7
35710,1
35713,8
35727,5
35729,6
35748,4
35754,7
35795,6
35816,0
35837,7
35871,7
35885,2
35893,9
35899,7
35925,1
35957,7
35971,0
35973,0
36006,2
36009,2
36017,4
36035,9
36052,7
36059,5
36086,5
36118,5
36142,2
36143,0
36178,7
36184,6
36223,0
36244,5
36389,9
36407,5
36421,3
36423,2
36432,3
36456,9
36466,4
36472,7
36497,9
36498,7
36499,9
36516,5
36549,0
36551,1
36565,8
36606,9
36614,2
36623,3
36659,4
36672,8
36674,4
36691,7
36705,3
36714,6
36716,3
36743,6
36794,1
36807,9
36812,5
36814,1
36819,5
36838,6
36839,5
36854,8
36889,7
36896,5
36928,1
36991,9
37011,1
37034,7
37069,5
37087,4
37140,6
37200,1
37202,8
37206,9
37247,9
37257,4
37270,5
37274,2
37367,2
37387,7
37403,2
37454,3
37465,5
37477,6
37484,2
37490,4
37521,5
37543,0
37573,7
37574,5
37593,9
37594,4
37596,7
37646,2
37668,2
37682,9
37688,9
37723,0
37746,3
37776,8
37787,0
37791,5
37806,2
37823,5
37865,5
37875,7
37876,7
37880,2
37894,5
37943,3
37963,7
37972,1
37975,4
38025,0
38026,7
38045,6
38051,9
38073,5
38087,9
38096,7
38133,7
38233,9
38257,7
38280,5
38292,9
38304,7
38307,2
38338,7
38360,5
38404,0
38408,5
38414,5
38450,6
38458,7
38459,5
38474,6
38489,8
38553,5
38559,0
38587,8
38625,9
38648,5
38650,7
38653,3
38672,7
38689,5
38698,5
38736,1
38739,5
38759,5
38771,3
38781,7
38798,5
38815,2
38843,5
38875,6
38898,4
38930,9
38933,6
38992,9
39003,7
39015,5
39028,0
39031,2
39086,6
39098,6
39108,3
39154,6
39184,3
39225,5
39238,8
39246,7
39274,5
39310,7
39391,8
39416,5
39423,9
39539,5
39544,7
39548,4
39553,3
39557,7
39585,8
39599,8
39619,3
39633,9
39636,4
39642,9
39650,6
39657,9
39694,9
39700,5
39723,4
39732,9
39742,6
39751,8
39765,5
39831,5
39832,8
39868,7
39881,5
39893,6
39925,7
39927,9
39982,3
39984,1
39997,9
40010,6
40014,5
40098,1
40124,6
40138,8
40145,9
40159,5
40165,7
40172,5
40174,9
40211,7
40214,7
40261,8
40297,9
40368,7
40372,9
40473,5
40489,5
40501,6
40511,5
40517,3
40585,9
40587,5
40601,4
40624,5
40637,2
40641,6
40659,5
40717,6
40737,8
40760,0
40790,1
40799,9
40809,9
40839,9
40863,2
40869,5
40893,8
40920,5
40922,0
40949,2
40963,5
40967,2
40971,1
40982,1
41015,3
41032,5
41042,9
41075,4
41083,7
41100,0
41147,5
41152,5
41161,7
41208,5
41211,0
41220,4
41270,9
41305,5
41375,9
41387,5
41402,5
41407,3
41410,6
41419,1
41421,2
41472,7
41477,6
41491,3
41499,4
41527,7
41545,6
41546,6
41577,6
41596,1
41608,3
41677,7
41689,3
41722,4
41726,6
41737,5
41740,3
41747,3
41776,3
41787,9
41840,9
41860,2
41879,1
41886,4
41901,8
41926,5
41954,1
41980,5
41982,9
42021,6
42026,1
42035,9
42047,5
42052,9
42083,3
42084,0
42089,6
42112,8
42115,2
42130,8
42163,7
42179,1
42206,2
42239,4
42267,5
42293,9
42365,8
42379,5
42390,5
42392,5
42401,1
42408,8
42410,7
42414,5
42415,7
42434,3
42435,1
42449,5
42472,2
42551,9
42586,1
42620,4
42625,1
42773,9
42777,3
42838,9
42897,7
42908,3
42925,0
42973,4
42978,6
42981,0
43031,3
43090,3
43104,7
43111,5
43127,5
43165,8
43190,7
43226,8
43229,0
43244,5
43259,9
43260,6
43279,7
43310,9
43329,8
43342,8
43346,7
43377,5
43451,5
43470,7
43482,3
43504,8
43508,5
43512,9
43518,6
43540,5
43555,7
43560,5
43564,6
43569,6
43576,2
43596,9
43623,5
43626,4
43648,5
43658,3
43673,6
43681,2
43720,6
43751,9
43753,5
43765,9
43813,1
43818,2
43819,4
43826,2
43842,2
43868,3
43905,1
43922,3
43939,0
43949,4
43950,9
43982,9
44009,5
44079,1
44097,9
44100,4
44107,9
44116,9
44128,6
44147,5
44152,5
44156,7
44160,7
44180,8
44207,1
44235,5
44243,0
44244,9
44263,5
44293,5
44317,1
44322,7
44337,6
44341,5
44371,2
44381,5
44454,1
44457,3
44472,7
44485,7
44527,8
44532,8
44540,3
44564,5
44576,8
44595,7
44637,7
44650,1
44651,5
44670,9
44681,3
44702,8
44706,5
44758,2
44842,4
44852,5
44860,4
44920,7
44923,5
44928,5
44939,5
44957,7
44971,7
44989,6
45052,5
45065,9
45073,2
45098,8
45110,8
45160,5
45180,7
45222,5
45247,9
45252,4
45273,3
45283,2
45300,6
45311,8
45347,2
45382,7
45390,5
45393,5
45397,7
45428,7
45446,7
45453,2
45522,0
45528,9
45541,1
45551,7
45597,3
45614,6
45616,5
45645,7
45653,8
45671,9
45735,7
45736,3
45752,4
45756,9
45769,0
45770,5
45780,5
45783,3
45784,9
45785,9
45837,0
45848,3
45900,1
45925,9
46009,7
46032,9
46042,7
46069,0
46071,9
46081,7
46121,8
46135,8
46165,1
46176,9
46200,8
46202,7
46206,9
46217,2
46274,7
46299,8
46346,8
46369,5
46393,6
46398,0
46406,3
46418,5
46449,3
46467,4
46476,5
46491,6
46499,1
46557,0
46563,3
46608,5
46614,8
46624,4
46712,4
46715,6
46719,8
46724,7
46729,3
46759,5
46765,7
46770,7
46772,0
46775,0
46787,5
46829,5
46830,2
46839,9
46852,4
46922,4
46941,5
46942,8
46970,9
46989,5
47008,8
47020,5
47052,8
47060,5
47081,5
47103,9
47135,0
47144,8
47161,7
47203,7
47215,4
47232,7
47261,9
47294,0
47303,7
47305,5
47315,8
47324,0
47328,8
47330,4
47356,3
47381,5
47398,9
47403,9
47428,5
47431,4
47440,1
47454,6
47468,5
47475,5
47488,0
47543,5
47550,8
47625,3
47655,3
47672,1
47694,6
47832,5
47834,3
47889,5
47901,3
47924,2
47978,7
47997,0
48021,8
48038,3
48051,6
48091,3
48143,5
48146,7
48158,2
48161,5
48176,0
48183,1
48185,0
48190,7
48199,6
48233,3
48247,7
48304,9
48345,5
48349,2
48401,2
48402,4
48437,6
48449,5
48453,7
48463,2
48498,3
48505,6
48541,5
48572,5
48580,9
48655,8
48693,8
48714,6
48726,8
48744,6
48772,6
48774,5
48815,0
48836,9
48838,5
48856,5
48872,5
48897,1
48904,3
48907,6
48909,7
48935,3
48967,8
48990,4
49031,6
49079,5
49105,4
49132,5
49141,5
49143,9
49180,7
49184,7
49192,2
49219,9
49249,3
49254,3
49270,5
49296,6
49303,8
49349,2
49357,1
49443,0
49522,8
49558,5
49564,9
49568,5
49570,3
49640,9
49687,5
49702,2
49705,5
49726,5
49757,2
49808,8
49840,1
49847,6
49866,7
49894,0
49898,9
49922,5
49958,7
49960,6
49968,3
49969,6
49975,2
50014,4
50087,3
50100,7
50111,5
50139,1
50141,3
50145,9
50148,3
50150,1
50156,0
50174,9
50196,2
50202,5
50221,2
50245,9
50254,7
50264,1
50277,8
50287,2
50296,5
50384,9
50386,9
50492,0
50537,9
50554,3
50563,2
50572,1
50574,5
50576,2
50603,3
50663,9
50668,7
50685,1
50697,7
50787,9
50801,4
50869,8
50873,8
50874,7
50882,9
50887,5
50904,5
50908,9
50962,2
50979,1
50990,0
51009,8
51026,4
51031,6
51039,5
51072,5
51086,5
51111,4
51132,9
51156,9
51160,8
51172,8
51219,6
51248,9
51268,3
51283,5
51290,0
51300,7
51301,0
51321,3
51335,7
51349,5
51353,7
51356,2
51410,6
51492,5
51510,8
51530,2
51557,7
51568,7
51627,0
51637,4
51661,6
51664,6
51676,6
51691,7
51695,3
51727,5
51745,6
51764,5
51797,0
51822,5
51839,7
51848,3
51907,8
51952,1
51972,5
51973,5
52003,5
52050,8
52108,5
52166,7
52184,9
52196,7
52250,8
52264,5
52266,5
52280,8
52286,9
52301,7
52308,4
52315,9
52353,5
52362,1
52371,3
52385,3
52400,2
52410,2
52435,3
52445,8
52474,5
52480,7
52534,6
52570,9
52581,6
52587,7
52595,9
52608,5
52618,9
52644,7
52645,6
52665,5
52709,9
52769,5
52773,3
52787,7
52842,7
52859,6
52875,5
52886,7
52907,3
52911,7
52931,3
52940,3
52947,5
52956,2
52976,6
52999,5
53082,8
53096,5
53125,4
53131,8
53142,9
53144,4
53165,3
53169,6
53172,5
53177,1
53213,7
53250,9
53257,0
53281,8
53282,3
53284,2
53313,7
53317,9
53321,1
53332,3
53338,7
53353,0
53372,7
53374,3
53428,5
53438,9
53492,4
53498,1
53510,7
53517,8
53523,7
53547,3
53556,8
53558,3
53569,8
53581,6
53592,9
53609,3
53630,3
53640,8
53646,6
53651,8
53660,8
53682,9
53741,5
53742,2
53745,8
53757,3
53773,2
53779,7
53786,8
53810,9
53818,6
53825,2
53828,6
53855,7
53889,3
53942,5
53953,8
53965,4
54000,5
54008,3
54037,7
54039,9
54041,4
54069,9
54083,0
54120,8
54124,6
54125,2
54147,3
54150,6
54157,8
54194,7
54217,8
54292,2
54295,8
54331,5
54374,4
54375,2
54377,3
54398,3
54401,5
54414,0
54446,5
54449,9
54455,4
54459,0
54487,3
54490,6
54568,3
54599,9
54602,6
54619,5
54624,8
54671,5
54688,7
54706,3
54736,3
54766,9
54800,0
54812,0
54845,3
54882,7
54885,6
54912,7
54934,5
54964,7
54981,2
55004,4
55057,6
55060,5
55079,7
55082,7
55093,3
55096,6
55119,7
55121,1
55128,8
55145,8
55166,6
55178,4
55206,4
55208,5
55226,6
55266,7
55287,5
55308,2
55344,7
55351,4
55353,3
55370,9
55413,7
55428,5
55447,6
55450,5
55483,6
55521,0
55538,4
55562,7
55572,5
55578,8
55587,1
55599,9
55618,8
55661,5
55669,2
55671,1
55686,1
55711,9
55759,7
55812,4
55848,7
55876,3
55881,3
55882,7
55885,7
55903,5
55905,5
55931,1
55989,8
56003,9
56012,3
56015,6
56021,9
56037,7
56060,4
56061,5
56075,9
56088,2
56111,7
56113,5
56160,7
56172,6
56187,4
56193,8
56201,9
56212,9
56216,9
56224,5
56269,5
56277,5
56304,9
56314,5
56317,9
56326,1
56328,1
56329,7
56346,7
56354,7
56365,1
56367,1
56379,4
56406,4
56423,1
56434,3
56438,7
56468,5
56492,3
56523,8
56551,4
56590,2
56591,7
56624,3
56657,3
56666,5
56676,4
56695,5
56731,8
56738,3
56741,3
56786,5
56807,9
56812,5
56854,6
56900,7
56931,7
56935,5
56958,4
56960,1
56989,0
56994,3
57004,3
57019,8
57025,5
57029,6
57055,5
57058,1
57066,7
57068,0
57102,4
57115,0
57144,4
57145,9
57146,4
57165,5
57168,5
57181,7
57232,5
57240,5
57268,1
57287,1
57300,3
57307,2
57344,7
57365,7
57382,4
57383,5
57415,3
57444,9
57478,2
57480,5
57530,4
57538,4
57610,5
57623,9
57656,6
57662,5
57667,9
57693,0
57694,2
57714,1
57759,9
57777,6
57811,0
57837,5
57875,4
57876,2
57891,6
57908,2
57917,0
57974,3
57975,9
57987,5
58007,6
58025,5
58046,8
58072,1
58079,3
58104,2
58106,7
58112,9
58168,8
58204,7
58267,2
58288,3
58292,7
58293,8
58324,3
58335,1
58351,9
58389,3
58404,6
58414,5
58422,9
58465,3
58470,9
58499,9
58513,3
58548,4
58562,9
58569,5
58602,3
58608,9
58631,7
58649,0
58655,5
58674,8
58707,3
58742,9
58798,6
58801,2
58822,3
58834,5
58846,5
58855,3
58864,0
58881,3
58885,7
58903,1
58934,0
58952,0
58956,4
58958,6
58967,9
58968,9
59004,2
59022,5
59025,7
59055,4
59092,3
59133,5
59160,5
59161,6
59198,7
59209,7
59215,8
59238,9
59274,8
59287,9
59293,7
59294,8
59330,5
59349,5
59359,6
59367,4
59380,8
59389,7
59398,3
59438,8
59459,5
59500,3
59514,9
59519,1
59535,3
59538,5
59657,4
59676,5
59682,7
59691,3
59713,1
59715,3
59717,7
59741,9
59782,9
59783,1
59799,4
59807,2
59819,2
59897,2
59901,0
59904,3
59927,9
59935,7
59978,3
59990,9
