0,5
22,9
31,8
52,7
107,3
109,2
119,0
128,1
150,4
175,5
176,9
182,5
185,7
191,5
199,2
217,4
236,5
253,2
271,4
331,6
332,5
347,2
410,2
455,1
477,2
495,3
498,6
534,6
541,4
543,5
604,1
622,5
625,5
630,6
642,2
693,2
700,4
706,4
716,2
768,5
771,5
787,0
836,5
845,5
860,0
910,6
938,2
959,1
972,8
1008,4
1034,2
1058,2
1096,2
1105,8
1109,5
1165,2
1199,2
1207,8
1208,7
1235,9
1265,5
1289,8
1317,3
1325,5
1355,9
1366,6
1382,5
1390,2
1419,8
1429,3
1442,5
1514,5
1550,2
1566,3
1614,2
1664,0
1733,9
1761,6
1763,4
1813,5
1864,5
1865,4
1877,0
1902,6
1930,0
1961,5
2011,3
2017,2
2038,5
2053,2
2062,6
2082,0
2086,1
2102,7
2105,2
2123,1
2159,1
2179,3
2206,4
2209,5
2222,4
2224,4
2276,4
2280,2
2306,1
2315,3
2316,1
2323,4
2399,2
2401,5
2412,5
2423,3
2441,4
2452,4
2483,0
2519,6
2521,9
2587,3
2588,6
2598,8
2613,9
2628,8
2641,2
2670,2
2674,5
2676,7
2699,8
2710,6
2713,5
2731,1
2748,2
2776,1
2797,9
2800,4
2832,4
2851,2
2887,2
2889,1
2892,2
2921,5
2979,2
3004,1
3019,1
3031,5
3064,2
3077,2
3104,9
3115,6
3130,1
3144,8
3161,2
3179,2
3218,4
3237,1
3242,2
3253,7
3266,5
3280,4
3302,9
3305,2
3406,1
3419,5
3422,3
3455,4
3481,9
3491,3
3510,9
3548,4
3574,2
3664,8
3668,4
3673,0
3676,2
3688,8
3708,4
3743,0
3744,8
3799,2
3806,0
3813,2
3825,8
3842,8
3857,4
3905,4
3981,2
3997,3
4022,3
4028,2
4056,9
4070,1
4076,5
4094,3
4119,5
4136,3
4164,7
4166,1
4173,7
4177,5
4182,2
4240,4
4297,4
4372,7
4389,0
4401,2
4406,4
4475,5
4514,2
4543,3
4567,4
4613,4
4617,5
4636,4
4637,8
4646,2
4662,2
4729,0
4779,4
4787,4
4803,8
4878,3
4882,6
4894,9
4935,2
4948,5
4980,6
4986,2
5034,8
5038,4
5061,5
5065,2
5066,5
5081,5
5085,4
5127,3
5142,9
5160,3
5167,0
5194,0
5240,5
5252,3
5255,5
5258,2
5261,9
5352,7
5354,3
5356,4
5365,6
5378,5
5401,4
5507,1
5513,4
5537,8
5557,8
5638,2
5647,2
5660,3
5670,8
5673,4
5688,5
5697,0
5700,2
5701,9
5703,4
5710,3
5715,2
5734,4
5758,2
5795,7
5815,2
5836,9
5841,2
5847,5
5877,6
5896,8
5909,2
5917,8
5924,9
5925,5
5934,5
5935,6
5956,6
5957,1
5965,2
5977,8
5979,9
6028,4
6036,9
6047,6
6058,4
6060,2
6084,9
6085,6
6093,8
6101,4
6116,1
6157,6
6165,1
6174,9
6223,8
6260,4
6292,0
6313,6
6346,5
6352,5
6356,1
6359,5
6362,3
6370,5
6401,5
6423,1
6451,5
6453,6
6467,3
6468,0
6471,5
6472,5
6474,6
6478,2
6501,5
6513,5
6519,4
6522,3
6523,8
6534,8
6536,4
6563,8
6577,9
6583,8
6604,8
6618,8
6622,8
6646,5
6649,2
6670,6
6709,1
6735,5
6749,5
6763,0
6781,5
6783,1
6840,5
6844,3
6868,5
6888,5
6972,0
7021,8
7041,2
7057,1
7081,5
7091,5
7095,6
7099,7
7136,8
7139,2
7223,2
7227,4
7231,8
7260,5
7273,6
7294,6
7302,5
7311,5
7329,8
7372,0
7385,6
7390,5
7400,8
7405,8
7409,0
7444,5
7460,6
7490,6
7506,0
7531,5
7553,1
7554,2
7555,2
7612,2
7615,2
7625,3
7650,1
7655,3
7688,2
7714,9
7746,1
7753,0
7799,8
7833,5
7854,4
7916,2
7965,4
8016,0
8052,3
8077,3
8101,4
8105,6
8106,1
8113,0
8152,2
8305,6
8312,6
8313,8
8347,6
8368,0
8400,4
8421,5
8434,5
8465,8
8496,8
8504,5
8506,1
8531,0
8539,4
8542,1
8570,4
8571,7
8584,8
8593,2
8599,2
8606,3
8640,2
8657,4
8670,2
8702,9
8749,2
8785,8
8825,4
8834,2
8872,4
8875,4
8877,0
8885,0
8892,8
8927,5
8945,5
8950,4
8964,4
8973,4
8975,5
9109,4
9123,6
9131,0
9142,0
9147,4
9213,8
9227,1
9234,8
9256,1
9288,1
9300,3
9360,2
9366,5
9378,1
9405,6
9455,0
9485,0
9489,2
9495,5
9514,5
9515,5
9527,2
9539,5
9579,1
9713,9
9721,2
9738,5
9746,4
9794,8
9821,4
9853,2
9855,2
9870,9
9874,0
9887,4
9913,3
9914,0
9936,8
10003,9
10054,8
10087,2
10127,2
10149,6
10154,7
10182,5
10185,5
10187,8
10197,8
10239,1
10275,6
10281,8
10299,6
10307,6
10317,2
10372,0
10385,5
10389,3
10398,8
10404,1
10417,2
10459,4
10521,4
10543,5
10572,8
10589,5
10636,4
10680,2
10689,0
10711,8
10714,2
10726,8
10741,1
10746,9
10765,3
10770,5
10771,8
10802,2
10877,5
10904,5
10920,2
10939,5
11011,3
11016,4
11060,0
11065,6
11081,2
11083,3
11089,9
11115,5
11136,5
11141,5
11143,1
11149,8
11157,1
11223,9
11228,1
11237,5
11245,9
11246,9
11250,2
11323,4
11325,5
11326,1
11335,0
11380,2
11417,5
11420,2
11450,8
11452,9
11470,5
11471,4
11478,8
11480,3
11494,4
11522,1
11550,9
11559,0
11566,7
11619,3
11635,6
11649,4
11725,5
11758,0
11779,0
11785,5
11837,3
11859,8
11868,1
11885,8
11911,0
11925,9
11928,5
11977,2
11989,8
12081,7
12092,5
12110,5
12170,6
12175,9
12178,1
12203,9
12236,1
12260,3
12308,8
12405,5
12441,1
12470,5
12481,2
12488,5
12494,8
12501,2
12535,9
12580,8
12590,1
12591,1
12609,8
12622,8
12661,3
12663,8
12678,7
12727,2
12771,1
12779,4
12830,4
12916,2
12922,4
12974,8
13001,1
13019,2
13020,6
13031,2
13034,9
13035,6
13036,5
13037,8
13097,0
13111,9
13134,3
13176,8
13204,8
13220,6
13229,5
13232,5
13252,4
13261,6
13268,0
13284,5
13287,2
13305,5
13312,5
13317,3
13324,5
13330,2
13341,8
13347,0
13359,9
13372,1
13379,1
13397,0
13404,5
13405,7
13413,1
13424,8
13451,4
13495,2
13517,5
13541,4
13543,3
13600,7
13617,1
13631,1
13645,2
13666,9
13675,3
13681,5
13749,5
13759,6
13760,6
13780,6
13811,5
13829,5
13855,1
13864,4
13893,9
13902,4
13903,1
13917,8
13939,6
13946,5
13969,3
13984,2
14005,2
14021,1
14043,2
14048,5
14070,1
14090,5
14091,2
14143,5
14160,0
14165,0
14198,4
14267,2
14293,1
14319,0
14322,8
14336,9
14363,2
14390,4
14415,4
14441,8
14451,5
14452,8
14478,8
14484,2
14495,8
14513,0
14534,5
14547,9
14548,3
14577,3
14602,4
14624,3
14686,3
14697,8
14754,8
14761,3
14763,2
14798,2
14885,4
14896,8
14917,5
14941,8
14947,4
14949,0
14977,9
15002,1
15007,3
15037,7
15060,0
15070,5
15090,3
15104,8
15108,0
15185,2
15218,4
15222,9
15264,1
15286,8
15298,4
15304,5
15307,8
15355,8
15403,2
15406,8
15440,2
15451,1
15461,2
15503,9
15509,2
15530,0
15535,3
15579,5
15626,8
15632,1
15633,1
15656,3
15663,0
15670,9
15731,2
15750,7
15767,5
15805,1
15823,2
15825,0
15847,3
15855,5
15863,0
15868,0
15871,4
15876,4
15921,1
15951,6
15958,2
15976,7
16047,2
16075,3
16108,2
16112,5
16117,9
16122,0
16129,5
16142,2
16174,5
16179,8
16209,2
16217,0
16273,6
16289,2
16294,2
16364,5
16373,8
16387,4
16404,2
16441,1
16447,1
16459,4
16463,9
16472,2
16482,2
16534,6
16542,4
16556,3
16596,7
16642,0
16646,5
16649,3
16658,8
16675,2
16742,1
16746,6
16760,2
16767,5
16807,4
16816,9
16832,5
16834,5
16913,4
16919,9
16942,4
16959,5
16981,9
17024,5
17030,1
17045,4
17067,4
17094,5
17107,9
17137,2
17153,2
17188,2
17198,4
17204,6
17289,8
17296,9
17349,0
17387,5
17415,4
17431,2
17437,9
17439,2
17449,0
17465,1
17506,8
17515,8
17516,2
17520,2
17551,9
17576,4
17579,2
17592,4
17598,5
17609,8
17613,4
17617,7
17627,1
17631,5
17645,5
17651,5
17653,2
17688,8
17707,9
17729,2
17742,5
17753,3
17771,1
17805,2
17833,7
17860,9
17863,6
17909,2
17934,4
17938,1
17944,4
17981,5
17995,2
18021,9
18117,2
18207,1
18233,4
18254,5
18263,0
18264,2
18266,1
18297,4
18300,2
18328,6
18340,5
18372,1
18403,6
18405,9
18406,8
18416,5
18437,9
18441,9
18455,4
18458,9
18462,0
18480,2
18487,4
18495,5
18506,9
18511,5
18551,4
18585,2
18592,4
18611,6
18613,2
18696,5
18699,5
18700,9
18744,9
18745,4
18773,7
18802,3
18821,6
18822,5
18839,5
18862,3
18864,2
18875,5
18887,8
18909,0
18923,0
18944,9
18995,2
18999,4
19043,8
19044,4
19070,1
19082,0
19089,5
19100,1
19112,4
19157,6
19160,5
19174,5
19187,7
19191,2
19194,8
19210,2
19212,9
19222,3
19245,2
19300,9
19329,6
19351,8
19380,4
19387,9
19542,0
19578,5
19599,4
19657,4
19676,5
19730,9
19748,9
19755,2
19767,2
19777,8
19779,2
19804,1
19870,5
19909,5
19915,0
19926,2
19972,9
20057,6
20068,8
20080,3
20119,6
20120,5
20127,8
20129,9
20137,6
20144,4
20209,5
20219,4
20240,2
20325,5
20331,5
20396,4
20425,4
20469,6
20511,8
20515,2
20525,4
20534,5
20544,3
20547,5
20654,1
20655,2
20664,3
20675,3
20693,5
20702,4
20710,2
20714,4
20725,8
20743,8
20783,2
20793,5
20819,8
20852,1
20881,5
20906,8
20911,0
20914,5
20966,8
20973,8
20989,3
20990,1
20992,2
21012,2
21019,1
21030,6
21045,8
21075,3
21107,4
21110,8
21114,5
21136,2
21137,0
21196,1
21203,0
21232,4
21239,6
21285,3
21295,8
21300,9
21305,3
21307,4
21346,5
21443,2
21500,4
21507,2
21511,2
21544,2
21571,9
21576,0
21589,8
21597,2
21619,4
21633,2
21635,0
21650,8
21663,8
21673,3
21691,2
21715,1
21722,2
21749,5
21796,2
21799,5
21819,5
21850,5
21851,8
21857,2
21877,3
21880,2
21886,4
21899,1
21905,1
21988,4
22007,7
22014,3
22030,5
22058,3
22073,5
22100,2
22102,5
22140,9
22147,5
22152,0
22161,4
22191,6
22235,5
22240,6
22275,5
22288,0
22304,3
22328,1
22332,9
22383,6
22452,1
22524,2
22557,8
22655,9
22705,1
22762,9
22770,3
22787,0
22817,7
22821,5
22832,0
22866,5
22905,4
22922,2
22925,9
22926,1
22943,3
22953,6
22972,1
23033,4
23060,0
23076,3
23098,6
23106,2
23108,0
23139,6
23153,7
23188,4
23200,5
23203,1
23243,8
23265,3
23279,0
23337,3
23339,4
23341,5
23397,2
23491,2
23518,5
23545,2
23555,9
23576,1
23614,1
23665,1
23668,5
23690,5
23721,2
23722,5
23733,5
23740,1
23753,0
23766,6
23780,6
23783,5
23832,5
23843,8
23848,8
23869,5
23886,1
23891,0
23894,2
23914,0
23927,5
23936,4
23942,2
23975,2
23995,2
24021,5
24045,5
24079,6
24128,5
24149,5
24166,5
24170,5
24181,7
24189,0
24258,4
24259,7
24273,4
24284,3
24303,2
24317,5
24341,1
24353,5
24387,9
24390,2
24391,4
24392,6
24403,5
24421,5
24532,3
24602,2
24610,3
24641,8
24660,5
24664,8
24671,5
24695,2
24703,4
24712,9
24715,0
24716,5
24719,4
24724,2
24758,4
24765,5
24783,3
24792,5
24853,2
24854,5
24862,2
24863,1
24864,5
24875,8
24899,3
24951,5
24970,1
24972,2
24997,2
25029,2
25043,8
25055,3
25066,5
25094,3
25132,8
25149,8
25156,2
25178,5
25181,0
25204,6
25210,3
25213,8
25215,9
25220,2
25239,9
25289,2
25292,4
25324,1
25327,1
25330,5
25388,8
25401,4
25407,5
25455,8
25482,8
25539,5
25542,0
25543,7
25570,2
25575,4
25591,2
25604,4
25605,4
25649,7
25663,2
25677,2
25717,2
25744,1
25751,1
25815,6
25824,9
25931,4
25948,1
25977,6
25994,2
25996,3
26012,2
26017,5
26018,5
26020,5
26029,1
26048,3
26061,8
26070,1
26103,0
26135,8
26136,8
26146,2
26166,4
26195,5
26221,2
26225,1
26279,1
26290,5
26292,0
26302,9
26313,5
26328,5
26340,2
26357,2
26360,5
26363,5
26368,5
26404,5
26411,5
26420,1
26432,5
26439,6
26450,4
26500,7
26542,3
26556,1
26572,5
26577,2
26603,6
26632,2
26647,1
26655,5
26674,3
26688,2
26696,1
26730,9
26760,8
26762,8
26776,8
26793,5
26817,2
26824,3
26838,7
26868,5
26873,5
26888,2
26907,2
26908,8
26918,5
26921,9
26956,2
26976,5
26992,4
27002,5
27049,5
27051,8
27053,5
27084,3
27101,6
27126,8
27133,3
27148,0
27154,5
27171,2
27196,4
27243,6
27289,0
27308,4
27331,2
27337,5
27340,5
27344,9
27359,8
27365,4
27370,9
27375,5
27378,5
27413,2
27425,8
27431,5
27464,2
27467,3
27468,7
27473,4
27478,3
27482,5
27562,8
27574,7
27589,3
27607,5
27618,2
27629,1
27651,3
27652,2
27670,3
27704,6
27739,2
27785,1
27800,4
27865,0
27903,5
27922,4
27924,1
27933,1
27958,8
27981,6
28045,8
28055,9
28059,2
28068,2
28074,2
28077,2
28078,2
28084,6
28116,5
28140,2
28143,6
28149,9
28172,5
28173,4
28184,1
28258,5
28279,9
28295,0
28317,0
28322,1
28353,6
28451,0
28461,4
28477,5
28502,2
28509,4
28530,9
28533,2
28537,2
28544,2
28555,2
28564,9
28565,0
28570,5
28606,5
28690,0
28720,5
28747,4
28748,5
28762,5
28765,9
28767,4
28776,6
28782,8
28794,1
28809,0
28842,2
28859,2
28863,4
28871,8
28873,9
28886,5
28917,4
28920,2
28923,0
28952,5
28955,3
28961,1
28970,1
28975,6
28981,1
29023,3
29056,0
29059,2
29088,1
29162,8
29253,5
29271,4
29273,5
29302,9
29316,5
29339,4
29352,3
29359,5
29379,9
29398,3
29449,2
29465,9
29493,8
29513,9
29529,7
29530,4
29553,9
29575,1
29579,0
29600,4
29611,2
29635,2
29646,2
29660,9
29666,1
29675,3
29688,4
29730,7
29735,2
29738,9
29740,1
29773,1
29790,5
29791,3
29809,0
29831,8
29840,1
29857,9
29907,0
29912,5
29925,0
29940,5
30026,8
30027,2
30047,1
30052,4
30058,0
30059,4
30098,8
30099,9
30102,2
30111,8
30122,2
30164,4
30197,5
30199,6
30222,0
30233,5
30279,6
30309,2
30322,8
30344,2
30347,8
30388,0
30391,0
30401,8
30416,8
30420,2
30435,8
30483,3
30490,6
30509,1
30519,8
30533,2
30566,5
30580,2
30589,2
30601,8
30647,5
30648,6
30682,4
30716,6
30724,2
30738,8
30774,3
30790,0
30793,3
30802,2
30805,9
30812,6
30813,3
30814,9
30863,4
30910,9
30920,1
30963,1
30987,9
30991,5
31044,3
31088,9
31105,6
31117,3
31182,8
31223,4
31227,4
31235,4
31258,2
31273,8
31296,1
31315,4
31323,1
31327,2
31335,5
31354,2
31355,8
31381,2
31418,5
31419,4
31430,0
31457,6
31459,7
31463,0
31466,0
31522,4
31552,4
31565,9
31616,2
31632,4
31637,5
31654,6
31658,2
31676,9
31678,7
31738,8
31744,9
31767,9
31780,1
31793,4
31810,8
31819,5
31827,2
31870,1
31871,1
31872,4
31881,8
31902,7
31921,5
31933,2
31936,3
31947,2
31973,2
31983,7
32010,2
32026,5
32027,4
32029,9
32136,5
32148,2
32163,9
32201,9
32235,9
32263,2
32266,7
32269,2
32272,4
32300,8
32310,4
32372,5
32384,4
32404,8
32447,1
32455,6
32466,4
32499,4
32565,4
32595,2
32598,5
32611,2
32664,3
32680,3
32695,2
32726,2
32732,9
32741,1
32742,8
32784,8
32789,0
32798,4
32832,4
32841,6
32909,9
32917,4
33002,3
33006,6
33038,8
33064,4
33072,8
33082,7
33147,9
33152,8
33189,3
33204,4
33205,8
33215,9
33217,6
33221,5
33243,1
33311,9
33331,3
33344,3
33346,4
33349,5
33361,2
33403,0
33404,5
33406,7
33417,1
33483,9
33522,0
33534,0
33537,5
33547,2
33561,4
33562,5
33573,5
33574,4
33585,6
33598,5
33617,5
33629,6
33630,4
33631,8
33665,0
33698,2
33777,8
33791,9
33813,8
33821,2
33826,1
33866,5
33942,1
33953,3
33955,4
33956,8
33976,9
33987,2
34011,8
34061,8
34065,5
34091,1
34113,2
34127,3
34139,5
34183,3
34217,2
34227,9
34228,2
34249,4
34252,2
34281,4
34287,2
34290,4
34291,1
34323,2
34376,8
34404,9
34409,4
34424,4
34439,9
34443,2
34448,5
34482,9
34501,7
34503,7
34536,3
34549,9
34579,5
34604,2
34605,3
34613,1
34646,3
34679,1
34699,0
34701,3
34753,9
34769,9
34781,4
34784,4
34795,2
34806,5
34831,2
34838,9
34845,3
34856,2
34893,3
34895,4
34962,9
34974,8
34989,0
35040,5
35071,2
35091,2
35097,5
35131,6
35147,5
35148,0
35180,3
35205,6
35224,5
35240,2
35253,8
35262,0
35367,1
35383,8
35408,0
35444,9
35447,3
35454,2
35457,2
35492,2
35547,8
35572,2
35590,4
35597,2
35611,5
35618,5
35655,0
35663,0
35701,2
35733,8
35757,0
35763,9
35811,1
35813,4
35836,9
35840,4
35881,3
35882,2
35889,5
35904,4
35906,5
35959,0
35970,2
35988,6
36011,5
36013,9
36045,1
36060,5
36080,9
36089,5
36245,5
36246,4
36266,2
36268,5
36323,8
36327,3
36345,7
36356,1
36361,5
36367,8
36402,9
36455,4
36481,9
36492,8
36522,2
36566,3
36576,8
36588,5
36639,5
36653,6
36694,2
36698,6
36715,2
36718,2
36739,5
36757,9
36781,2
36855,3
36868,2
36950,2
36961,2
36988,9
36991,9
37018,6
37019,4
37066,5
37084,2
37109,8
37120,2
37139,1
37185,8
37188,3
37210,2
37214,2
37216,5
37239,4
37247,9
37268,9
37274,2
37300,5
37316,8
37324,8
37369,9
37381,4
37385,4
37418,2
37448,5
37469,2
37486,2
37491,2
37522,8
37541,9
37563,1
37576,6
37604,3
37633,4
37657,7
37672,8
37676,6
37697,0
37715,8
37720,8
37736,4
37759,0
37808,8
37825,2
37839,1
37841,0
37854,0
37855,3
37863,2
37885,8
37894,5
37927,3
37929,5
37949,8
37967,2
38011,4
38042,0
38055,0
38060,5
38071,5
38079,4
38089,3
38107,2
38132,4
38157,0
38161,0
38169,4
38179,0
38201,4
38261,2
38262,4
38267,8
38275,2
38287,5
38312,9
38313,5
38349,7
38358,9
38404,0
38418,8
38441,3
38458,7
38513,5
38551,4
38590,0
38610,5
38633,6
38638,8
38655,5
38662,0
38671,4
38719,5
38733,2
38754,6
38756,5
38794,7
38817,5
38818,5
38835,0
38841,8
38844,8
38911,3
38945,8
38947,9
38956,8
38959,5
38962,2
38969,9
38984,4
39017,1
39063,4
39127,3
39187,8
39224,0
39252,7
39269,4
39284,2
39286,9
39301,3
39322,8
39386,4
39406,6
39409,5
39418,9
39450,8
39454,1
39460,5
39503,0
39548,4
39561,2
39607,4
39609,8
39613,9
39669,2
39682,2
39698,2
39699,1
39705,3
39719,2
39765,5
39796,1
39804,3
39809,4
39835,7
39838,1
39844,4
39857,1
39864,8
39872,8
39878,1
39892,2
39898,0
39900,3
39921,2
39925,7
39948,8
39973,9
39997,9
40021,5
40051,3
40059,5
40076,2
40103,0
40107,2
40131,8
40133,5
40221,2
40224,4
40236,4
40249,0
40255,5
40285,4
40304,6
40348,1
40362,1
40369,2
40420,2
40461,2
40466,8
40469,9
40473,5
40474,5
40520,3
40526,6
40539,2
40552,4
40581,2
40589,2
40601,4
40610,1
40614,2
40632,2
40646,8
40705,2
40711,5
40766,4
40782,2
40827,4
40831,1
40852,8
40879,1
40917,6
40952,6
41003,3
41059,6
41115,8
41125,4
41186,5
41192,4
41207,2
41281,9
41295,9
41323,6
41341,0
41361,6
41377,9
41389,5
41403,9
41412,0
41416,8
41424,1
41462,5
41489,2
41493,7
41579,2
41598,8
41614,0
41655,4
41659,6
41666,6
41668,2
41710,2
41738,9
41752,5
41758,8
41818,4
41832,2
41847,5
41870,4
41904,5
41921,4
41931,8
41939,1
41951,5
41958,7
41959,1
41992,8
41997,2
42008,0
42079,8
42083,3
42104,8
42112,8
42135,2
42146,7
42153,0
42168,2
42187,4
42191,7
42221,5
42230,0
42238,8
42271,2
42286,4
42287,5
42356,9
42380,1
42399,4
42407,5
42414,5
42453,8
42522,2
42553,4
42563,2
42589,5
42603,2
42635,8
42654,2
42661,8
42693,2
42713,1
42724,8
42741,2
42786,1
42792,2
42813,8
42826,9
42853,9
42883,2
42885,2
42906,3
42926,2
42938,3
42944,8
42996,6
43003,1
43016,1
43029,3
43048,5
43116,2
43130,4
43131,1
43132,3
43137,4
43154,6
43212,5
43231,4
43262,5
43330,3
43331,2
43339,1
43342,8
43345,2
43348,6
43372,8
43422,0
43441,2
43452,4
43455,8
43459,5
43465,0
43475,3
43479,2
43481,4
43488,5
43503,5
43504,8
43536,0
43538,8
43566,2
43568,5
43580,8
43623,5
43681,2
43683,2
43685,0
43692,8
43730,3
43733,5
43737,4
43772,5
43805,5
43820,5
43855,5
43889,3
43900,8
43908,6
43947,4
44009,5
44013,4
44069,8
44091,4
44142,3
44153,4
44194,7
44209,2
44217,6
44220,1
44231,3
44252,7
44263,5
44276,0
44280,3
44319,6
44330,6
44333,0
44339,1
44360,8
44366,1
44389,1
44404,5
44407,9
44412,2
44427,8
44465,7
44478,3
44493,1
44495,2
44506,5
44511,1
44530,4
44604,8
44612,2
44618,9
44639,2
44646,4
44670,9
44681,3
44683,8
44725,1
44761,4
44762,9
44825,9
44826,0
44831,4
44903,3
44906,3
44937,4
44939,5
44991,5
45009,4
45058,0
45100,4
45118,5
45123,9
45145,0
45153,4
45154,6
45158,2
45160,5
45171,3
45174,9
45210,4
45211,5
45231,4
45269,6
45278,4
45280,4
45301,9
45303,0
45312,3
45341,2
45344,5
45369,9
45425,6
45464,2
45500,2
45513,0
45519,5
45531,2
45555,9
45556,1
45609,6
45629,5
45658,3
45662,2
45696,3
45724,4
45730,1
45739,9
45753,5
45772,8
45813,8
45816,1
45821,4
45825,2
45843,3
45845,2
45848,3
45857,0
45860,4
45866,8
45868,2
45887,6
45916,4
45943,2
45959,3
45972,2
45993,2
46019,5
46025,8
46068,3
46089,1
46102,5
46115,2
46121,8
46123,9
46156,7
46169,5
46206,9
46210,1
46259,2
46281,4
46286,2
46290,5
46300,5
46330,8
46348,8
46357,4
46358,5
46366,5
46378,5
46400,2
46409,3
46416,1
46445,1
46503,4
46509,5
46553,2
46586,2
46587,6
46597,5
46627,0
46664,1
46684,6
46695,6
46701,9
46707,2
46720,5
46733,5
46742,9
46743,3
46764,8
46766,4
46789,8
46793,8
46830,2
46839,9
46912,2
46932,3
47050,1
47065,2
47068,4
47093,8
47105,9
47106,6
47116,8
47151,8
47155,2
47165,9
47177,5
47230,2
47241,0
47247,0
47309,8
47310,1
47313,4
47320,5
47379,4
47398,9
47408,2
47409,2
47413,4
47421,8
47466,0
47493,3
47498,8
47503,5
47528,5
47567,8
47586,5
47612,2
47665,4
47692,1
47711,2
47729,1
47732,4
47776,1
47792,6
47805,4
47819,2
47825,5
47834,3
47837,1
47858,5
47872,3
47905,1
47920,5
47934,5
47948,8
47991,1
47996,4
48029,2
48058,5
48067,4
48069,5
48088,3
48096,7
48128,0
48143,5
48155,8
48209,1
48211,2
48223,8
48228,7
48232,1
48241,7
48249,5
48334,2
48336,3
48367,5
48373,4
48386,3
48390,1
48412,0
48417,2
48454,1
48460,2
48463,2
48509,8
48513,1
48536,2
48537,1
48543,1
48596,4
48598,2
48606,5
48659,5
48663,1
48698,2
48711,8
48746,3
48799,2
48813,4
48814,5
48822,2
48828,8
48840,4
48859,3
48869,7
48870,4
48883,6
48892,4
48939,5
48992,7
49032,5
49040,5
49086,0
49105,4
49113,1
49152,5
49182,9
49245,1
49250,8
49256,4
49291,5
49298,9
49307,3
49316,5
49354,0
49373,4
49375,5
49387,0
49396,6
49402,5
49417,4
49428,5
49430,2
49450,3
49480,4
49553,7
49605,2
49627,3
49631,5
49646,4
49699,6
49707,4
49776,2
49780,0
49789,3
49800,0
49805,2
49820,5
49837,1
49863,5
49901,8
49908,2
49909,7
49910,6
49932,1
49961,1
49966,3
49983,9
50004,6
50005,4
50013,8
50044,8
50053,9
50072,0
50106,8
50108,6
50120,1
50138,5
50144,9
50149,4
50181,3
50184,3
50185,0
50209,9
50211,2
50216,4
50231,8
50240,0
50248,9
50256,0
50257,0
50261,1
50279,5
50285,9
50295,2
50300,3
50304,9
50314,4
50341,5
50367,1
50376,7
50409,5
50416,4
50417,3
50433,4
50445,9
50460,5
50470,3
50471,4
50474,2
50479,2
50496,2
50497,5
50499,8
50500,3
50544,9
50548,8
50591,4
50611,3
50625,8
50639,8
50655,7
50675,5
50679,3
50698,9
50703,9
50705,2
50731,1
50737,4
50747,9
50778,5
50798,9
50809,3
50816,9
50883,8
50919,5
50935,3
50966,2
50991,2
51072,5
51077,4
51105,8
51117,2
51118,2
51122,0
51124,5
51129,1
51134,8
51137,5
51188,1
51234,5
51276,6
51279,7
51281,9
51296,5
51297,9
51360,4
51374,4
51381,3
51382,4
51421,3
51423,4
51459,8
51493,1
51503,5
51509,1
51524,5
51527,9
51562,5
51572,5
51580,2
51581,9
51584,9
51587,0
51593,4
51600,4
51608,2
51622,4
51648,2
51674,5
51675,3
51682,2
51705,8
51719,2
51745,6
51772,1
51782,2
51840,9
51852,5
51853,4
51877,6
51898,2
51986,2
52003,5
52015,4
52061,9
52079,0
52084,1
52099,2
52124,7
52142,2
52157,8
52247,0
52253,6
52284,5
52309,1
52332,5
52343,4
52351,6
52358,2
52400,2
52430,8
52433,2
52444,1
52448,4
52452,5
52455,3
52487,3
52507,5
52550,2
52564,4
52601,3
52651,9
52655,0
52665,5
52667,6
52675,1
52677,2
52683,5
52694,2
52711,8
52715,1
52718,9
52768,6
52769,5
52782,2
52796,2
52801,2
52806,6
52830,8
52834,2
52898,2
52900,8
53044,9
53091,3
53152,5
53192,4
53236,8
53261,7
53285,8
53303,2
53335,8
53357,3
53392,7
53414,5
53425,1
53443,5
53454,0
53461,5
53463,6
53507,5
53511,9
53517,8
53537,0
53567,5
53619,3
53633,4
53637,2
53663,8
53676,9
53677,6
53680,9
53687,1
53713,4
53721,8
53722,3
53731,4
53745,8
53814,0
53846,3
53848,8
53896,1
53923,3
53965,4
53968,5
53973,5
53974,4
53978,5
53999,8
54000,5
54025,2
54075,2
54110,2
54111,5
54112,4
54120,8
54128,2
54159,5
54161,2
54168,2
54235,0
54240,2
54243,8
54275,9
54276,4
54289,5
54295,8
54306,2
54348,6
54431,4
54445,0
54461,5
54465,5
54511,2
54519,2
54527,2
54551,2
54577,5
54589,5
54627,9
54630,6
54657,4
54723,5
54762,2
54769,4
54810,0
54849,3
54866,2
54874,9
54875,1
54880,5
54894,2
54911,4
54913,5
54946,1
54975,5
54988,5
55010,5
55011,2
55020,8
55122,8
55128,8
55145,8
55152,0
55165,8
55176,2
55190,3
55203,2
55266,7
55282,4
55340,4
55388,5
55397,1
55418,4
55442,5
55455,5
55525,2
55526,2
55546,4
55552,4
55578,8
55591,5
55602,5
55609,1
55612,9
55646,0
55677,3
55680,0
55701,9
55707,1
55720,6
55767,1
55769,2
55803,9
55811,8
55844,3
55879,0
55887,7
55921,9
55933,2
55948,4
55958,5
55968,8
55969,2
55995,1
56033,5
56053,3
56125,2
56128,5
56139,3
56154,2
56155,5
56165,3
56169,1
56180,8
56184,4
56193,8
56205,9
56213,2
56224,5
56243,2
56245,3
56276,4
56290,8
56309,5
56310,5
56317,9
56362,0
56370,5
56403,2
56407,5
56422,4
56440,4
56445,4
56511,1
56523,8
56535,3
56536,8
56539,4
56544,8
56571,5
56589,5
56592,6
56602,1
56616,3
56618,9
56664,2
56683,1
56689,1
56698,4
56720,5
56731,8
56732,5
56789,5
56801,0
56802,4
56813,5
56833,4
56849,3
56859,9
56875,3
56883,9
56898,5
56922,2
56946,4
56947,5
56956,8
56980,1
56991,1
57035,4
57038,8
57139,2
57154,0
57156,5
57229,4
57247,3
57256,5
57288,0
57303,1
57362,1
57364,0
57373,3
57375,4
57394,2
57418,1
57446,2
57474,3
57475,2
57480,5
57509,2
57517,1
57520,2
57566,5
57574,2
57589,4
57608,3
57629,0
57638,9
57658,2
57662,5
57677,4
57724,4
57726,2
57738,1
57761,1
57797,1
57813,1
57837,5
57838,2
57852,5
57853,5
57871,2
57876,2
57899,2
57902,5
57910,2
57923,7
57956,2
58013,9
58023,4
58040,5
58073,0
58076,9
58089,3
58098,2
58105,4
58129,9
58134,5
58137,2
58138,8
58151,4
58156,8
58163,3
58168,8
58174,4
58184,4
58186,8
58199,8
58239,8
58241,2
58290,5
58321,5
58330,5
58359,5
58377,1
58389,3
58391,5
58420,4
58429,2
58433,4
58435,6
58436,4
58456,5
58470,9
58514,4
58569,5
58571,7
58622,5
58636,8
58637,9
58668,0
58670,2
58674,8
58704,2
58709,8
58760,3
58805,4
58821,2
58829,0
58832,3
58841,2
58913,1
58921,9
58957,5
58964,2
59022,5
59032,6
59063,4
59073,6
59094,2
59113,2
59134,5
59160,5
59164,9
59169,4
59210,4
59236,9
59242,3
59252,2
59300,4
59341,9
59368,5
59373,1
59384,5
59402,8
59422,2
59437,6
59453,6
59505,8
59525,5
59564,9
59566,9
59569,3
59596,1
59607,2
59609,5
59631,3
59657,4
59662,5
59686,1
59690,4
59762,0
59774,7
59804,9
59832,1
59882,1
59902,1
59906,5
59942,9
59968,5
59974,2
59987,0
59992,9
