48,9
99,1
196,7
244,5
284,5
287,5
326,0
328,5
331,6
341,3
386,8
422,7
452,3
454,1
456,8
493,2
507,1
523,5
525,9
542,0
550,9
552,1
554,5
601,9
610,5
612,0
614,5
687,9
757,5
766,8
769,8
780,1
789,3
801,2
821,1
835,1
837,5
916,5
918,7
927,0
930,9
950,7
965,0
980,9
1031,1
1035,3
1037,4
1040,0
1045,8
1061,9
1063,8
1083,9
1100,6
1131,1
1140,2
1159,6
1195,0
1196,4
1221,9
1225,7
1228,6
1237,8
1248,4
1282,9
1307,9
1326,7
1334,2
1387,0
1430,5
1471,0
1491,7
1505,8
1524,5
1534,8
1560,9
1576,4
1581,3
1583,3
1616,8
1690,5
1710,1
1742,0
1774,2
1775,0
1776,8
1837,0
1863,3
1883,3
1904,0
2008,1
2043,8
2072,4
2079,0
2107,3
2124,8
2135,8
2136,1
2159,1
2177,1
2193,5
2195,0
2231,8
2261,2
2268,5
2273,2
2278,0
2295,6
2308,5
2327,0
2374,1
2381,7
2388,8
2396,0
2427,7
2432,1
2447,7
2454,2
2469,3
2473,0
2481,3
2488,7
2511,8
2512,7
2515,5
2548,4
2553,9
2579,9
2602,6
2605,5
2613,9
2639,5
2642,0
2646,5
2647,4
2659,7
2694,2
2698,5
2744,5
2817,0
2821,9
2842,8
2861,5
2862,6
2869,5
2885,5
2905,3
2985,7
2993,5
3000,9
3084,9
3095,9
3108,3
3169,9
3257,9
3267,7
3313,2
3317,7
3346,9
3390,2
3401,5
3429,0
3471,3
3492,0
3519,9
3532,1
3539,5
3570,8
3588,9
3602,1
3612,0
3648,5
3658,8
3668,4
3689,8
3705,5
3731,7
3770,9
3775,8
3786,9
3811,1
3829,0
3894,7
3911,4
3948,7
3951,7
3958,8
4018,6
4039,6
4061,7
4070,1
4081,7
4094,3
4133,4
4162,1
4176,8
4253,8
4258,8
4324,8
4333,1
4357,8
4375,8
4381,8
4383,8
4387,1
4397,5
4480,5
4487,1
4518,2
4555,9
4573,5
4596,5
4617,5
4628,3
4630,9
4633,4
4652,8
4664,2
4684,8
4695,5
4719,3
4737,4
4744,0
4745,8
4769,9
4863,7
4885,5
4887,8
4893,7
4904,7
4918,0
4959,4
5011,3
5054,1
5076,2
5114,1
5200,8
5204,1
5214,7
5222,6
5299,8
5305,1
5330,0
5342,0
5359,3
5376,8
5387,7
5389,8
5422,7
5426,9
5532,9
5558,9
5568,7
5570,1
5581,4
5583,0
5626,7
5642,3
5693,6
5698,0
5725,8
5745,9
5789,1
5821,7
5836,9
5847,5
5881,0
5940,9
5943,9
5976,7
6007,3
6011,5
6022,8
6026,5
6065,0
6082,1
6089,3
6110,1
6121,9
6164,9
6176,7
6178,6
6198,5
6200,5
6208,1
6240,8
6252,2
6275,8
6278,7
6284,8
6304,7
6364,8
6374,5
6378,7
6395,1
6407,5
6417,8
6434,5
6438,9
6455,7
6471,5
6498,8
6508,8
6528,7
6531,1
6548,6
6552,4
6561,3
6575,1
6595,3
6597,7
6660,5
6665,1
6671,5
6677,8
6678,1
6707,7
6717,9
6735,5
6771,2
6796,6
6830,5
6840,5
6848,5
6872,9
6886,9
6920,3
6926,1
6997,5
7001,7
7006,9
7031,3
7089,1
7143,0
7172,5
7174,7
7176,1
7182,8
7184,8
7197,7
7260,5
7286,0
7312,9
7325,0
7339,3
7374,5
7390,5
7400,8
7444,5
7450,8
7453,8
7468,9
7472,1
7502,4
7515,0
7525,7
7547,7
7548,0
7565,7
7575,8
7591,5
7625,3
7632,1
7685,0
7699,5
7771,3
7796,2
7848,5
7861,3
7862,3
7891,8
7899,7
7906,7
7921,1
7931,7
7945,7
7976,3
7979,8
8012,3
8045,8
8052,3
8056,5
8105,6
8109,8
8118,8
8125,8
8136,8
8139,8
8161,1
8186,7
8192,3
8234,8
8263,5
8299,8
8409,9
8423,1
8432,8
8434,5
8468,9
8489,0
8496,8
8509,0
8510,9
8513,1
8525,9
8541,3
8572,7
8630,9
8633,1
8676,5
8680,8
8767,5
8805,7
8814,6
8848,6
8849,7
8859,8
8888,3
8919,1
8948,3
8951,8
8958,3
8961,0
8971,9
8985,1
8995,4
9009,5
9019,8
9046,4
9096,5
9103,1
9148,4
9152,8
9180,3
9183,3
9184,3
9193,2
9205,5
9274,7
9275,9
9315,1
9343,7
9344,5
9353,4
9375,4
9393,1
9407,9
9408,8
9443,3
9519,7
9551,7
9553,3
9579,1
9581,5
9585,4
9599,1
9624,3
9637,3
9641,8
9647,5
9663,3
9688,0
9734,1
9740,7
9742,0
9807,5
9827,9
9832,8
9833,7
9890,0
9904,3
9909,6
9910,1
9913,3
9924,8
9929,6
9933,9
9939,2
9950,9
9955,7
9971,0
9999,7
10008,5
10011,3
10019,7
10022,0
10031,3
10034,3
10063,7
10064,8
10070,9
10074,3
10110,1
10165,9
10173,5
10183,9
10193,9
10244,5
10315,7
10317,2
10328,3
10344,6
10410,9
10450,3
10474,7
10493,3
10541,1
10587,4
10590,7
10611,8
10615,1
10653,5
10660,9
10677,3
10681,9
10687,2
10701,5
10712,1
10726,8
10727,7
10733,8
10745,3
10757,3
10760,3
10764,5
10790,6
10796,3
10870,4
10877,5
10882,3
10890,7
10900,3
10923,4
10960,4
11045,0
11064,5
11087,8
11116,0
11179,5
11182,5
11199,9
11226,6
11241,8
11244,3
11286,2
11290,7
11324,5
11330,0
11334,7
11359,5
11376,9
11380,2
11399,7
11402,5
11413,8
11416,9
11433,1
11448,6
11461,6
11470,5
11485,9
11486,5
11500,5
11505,5
11522,1
11524,3
11557,9
11559,0
11562,0
11575,8
11674,5
11716,7
11722,8
11725,5
11734,8
11765,1
11780,0
11802,5
11837,3
11842,5
11919,7
11936,5
11966,5
11982,1
11995,1
12045,8
12073,8
12130,8
12161,2
12162,9
12169,4
12215,1
12225,3
12262,6
12265,3
12275,8
12288,8
12293,7
12312,3
12332,4
12342,9
12365,1
12374,0
12381,5
12389,9
12405,5
12413,7
12421,0
12422,2
12437,3
12441,1
12446,3
12455,8
12475,9
12539,1
12563,9
12622,8
12647,1
12676,7
12681,1
12736,5
12781,7
12846,9
12922,4
12949,1
12968,3
12973,4
12988,8
13051,8
13103,8
13104,4
13112,1
13153,9
13193,3
13201,1
13229,5
13255,7
13286,0
13324,5
13335,0
13353,3
13360,5
13390,1
13416,7
13425,9
13470,1
13482,7
13502,5
13511,6
13517,5
13520,4
13549,8
13563,9
13574,1
13576,3
13618,8
13619,5
13631,1
13655,8
13659,5
13733,1
13746,7
13757,9
13784,5
13795,8
13801,9
13809,6
13822,0
13863,5
13868,4
13875,1
13899,8
13921,0
13926,0
13932,9
13944,8
13977,6
14000,1
14030,3
14033,7
14037,9
14042,9
14092,0
14181,1
14199,5
14247,9
14249,9
14269,0
14279,8
14281,9
14301,8
14313,7
14320,3
14354,1
14360,7
14388,3
14441,8
14453,6
14464,1
14479,9
14483,5
14485,5
14486,5
14499,8
14525,6
14529,3
14548,3
14561,1
14584,1
14587,4
14588,3
14595,1
14623,5
14625,8
14628,5
14648,8
14668,0
14674,3
14675,0
14677,6
14700,4
14787,9
14801,6
14805,6
14814,7
14862,5
14866,7
14908,8
14933,5
14980,1
14986,1
15014,3
15018,9
15026,1
15110,5
15115,8
15116,5
15135,1
15148,1
15171,9
15186,3
15209,7
15245,3
15260,7
15267,8
15284,5
15307,8
15328,2
15340,7
15365,5
15368,2
15378,5
15387,9
15413,9
15415,5
15416,4
15487,8
15518,7
15522,8
15561,1
15578,1
15583,0
15601,9
15625,6
15628,0
15681,3
15704,0
15705,7
15723,8
15749,8
15750,7
15754,7
15767,5
15803,1
15806,6
15856,7
15919,8
15933,1
15998,7
16005,9
16013,3
16023,8
16069,8
16080,1
16082,9
16092,5
16103,9
16108,2
16112,5
16115,8
16174,5
16199,7
16257,5
16287,1
16303,9
16353,5
16367,1
16381,1
16413,9
16429,0
16431,4
16433,6
16440,8
16458,1
16533,5
16540,0
16552,8
16592,5
16623,7
16631,8
16640,0
16643,1
16645,3
16660,1
16666,6
16697,2
16732,3
16793,3
16817,0
16823,7
16838,1
16858,2
16864,8
16886,4
16903,0
16927,3
16935,7
16972,8
17021,8
17028,1
17033,7
17051,0
17061,9
17110,2
17117,7
17127,3
17134,0
17163,7
17166,9
17170,8
17211,9
17251,6
17278,7
17343,7
17348,8
17354,3
17359,7
17392,0
17394,1
17419,7
17522,5
17531,9
17567,5
17618,1
17641,8
17644,9
17651,5
17658,8
17679,8
17682,9
17688,8
17735,7
17762,7
17765,8
17795,7
17848,9
17872,1
17894,8
17911,3
17929,3
17936,9
17941,0
17984,1
18001,3
18004,3
18015,9
18027,9
18067,5
18078,8
18081,4
18083,5
18109,8
18110,2
18115,1
18120,3
18122,7
18123,5
18171,0
18247,0
18258,1
18274,3
18280,3
18293,1
18309,7
18343,3
18348,8
18350,9
18364,5
18384,1
18406,8
18452,1
18458,9
18461,0
18462,0
18476,5
18519,4
18527,3
18578,4
18628,9
18715,0
18719,5
18739,3
18752,3
18775,8
18784,7
18798,8
18844,7
18861,9
18898,4
18918,1
18937,4
19003,7
19059,4
19060,0
19073,7
19111,4
19123,4
19136,1
19167,1
19168,1
19170,5
19199,7
19212,9
19230,3
19246,3
19263,3
19350,8
19455,8
19487,5
19527,7
19535,0
19567,9
19621,4
19659,5
19669,0
19682,0
19704,7
19708,3
19720,8
19733,7
19747,9
19766,9
19772,0
19806,9
19841,1
19844,7
19846,5
19879,8
19904,7
19928,8
19957,4
19979,0
20012,0
20016,3
20024,8
20026,9
20037,8
20044,5
20051,3
20060,0
20086,9
20088,0
20091,5
20097,5
20127,8
20147,3
20196,9
20203,3
20225,0
20231,1
20243,3
20254,9
20271,8
20309,2
20325,5
20341,9
20366,9
20393,1
20417,7
20435,7
20478,0
20513,9
20569,5
20571,9
20585,4
20633,4
20638,9
20672,1
20687,3
20717,4
20728,3
20737,3
20738,3
20741,4
20802,1
20816,0
20827,0
20831,2
20853,5
20857,7
20883,7
20885,5
20961,1
21010,1
21031,1
21064,0
21067,9
21120,8
21140,4
21178,1
21193,9
21207,2
21210,5
21219,2
21227,5
21237,6
21243,7
21292,1
21293,7
21295,8
21324,2
21325,3
21346,5
21367,7
21397,5
21409,1
21422,9
21429,7
21452,6
21458,3
21463,7
21495,9
21515,3
21516,9
21519,5
21551,9
21556,8
21567,7
21574,1
21576,0
21590,4
21625,3
21627,4
21634,1
21653,4
21678,5
21690,3
21718,9
21741,1
21783,7
21785,8
21807,9
21817,4
21819,5
21821,6
21834,7
21839,1
21843,7
21855,8
21956,5
21975,0
22035,6
22077,7
22079,8
22089,5
22124,2
22138,4
22148,9
22153,1
22168,1
22172,3
22174,9
22183,7
22193,5
22206,3
22211,5
22227,1
22266,8
22295,4
22302,5
22309,8
22325,1
22334,9
22348,7
22366,3
22378,0
22389,8
22405,0
22428,5
22490,1
22553,4
22568,8
22608,7
22632,1
22650,5
22662,7
22736,5
22740,7
22767,3
22796,7
22813,8
22814,6
22846,5
22894,3
22916,1
22926,1
22966,8
22984,7
22993,7
23050,6
23057,9
23066,5
23074,7
23079,2
23086,8
23090,9
23127,7
23154,0
23161,8
23174,4
23178,7
23182,1
23194,2
23205,8
23226,5
23227,3
23229,2
23264,5
23288,8
23306,4
23400,8
23432,4
23463,9
23474,4
23513,4
23524,8
23531,5
23541,0
23545,2
23548,9
23556,3
23559,1
23595,4
23617,9
23627,0
23631,8
23666,7
23695,3
23741,0
23750,8
23759,3
23771,9
23799,3
23870,5
23912,5
23915,6
23918,5
23927,5
23996,5
24039,4
24043,5
24044,7
24056,5
24107,5
24119,3
24142,3
24144,3
24153,9
24176,3
24183,1
24200,7
24239,7
24260,7
24262,4
24316,4
24324,5
24341,1
24365,4
24379,9
24403,5
24405,1
24416,8
24421,5
24434,7
24468,9
24479,8
24482,9
24513,2
24535,1
24579,5
24584,3
24594,9
24598,8
24613,9
24628,1
24629,0
24673,6
24675,7
24711,1
24738,1
24747,3
24768,8
24798,4
24807,0
24828,0
24858,0
24865,2
24866,4
24886,3
24949,9
24962,0
24965,3
25013,7
25044,9
25074,8
25076,6
25146,8
25175,4
25231,3
25233,9
25263,9
25266,3
25354,1
25385,9
25418,8
25441,1
25449,7
25455,8
25466,5
25480,3
25481,7
25494,5
25516,2
25530,2
25538,3
25545,8
25550,4
25557,5
25562,9
25563,8
25581,7
25592,8
25600,1
25601,3
25681,7
25691,2
25712,9
25768,3
25776,8
25785,1
25792,7
25805,1
25811,4
25813,5
25819,8
25824,9
25851,8
25853,1
25907,2
25930,5
25936,5
25952,0
25968,8
25972,7
25982,7
25989,1
26004,7
26010,7
26037,5
26089,1
26099,1
26103,0
26122,8
26141,7
26173,9
26199,9
26249,4
26255,7
26273,8
26346,9
26360,5
26373,8
26397,8
26400,9
26419,3
26437,5
26440,9
26443,8
26457,0
26460,5
26466,5
26479,1
26487,1
26518,9
26583,8
26585,2
26588,4
26589,7
26646,2
26660,8
26661,8
26676,5
26705,7
26755,7
26762,8
26765,6
26773,8
26776,8
26780,1
26783,3
26832,0
26849,3
26893,8
26929,3
26935,8
26950,9
26961,1
26973,9
26978,5
26998,3
27015,9
27023,0
27047,3
27048,8
27062,5
27065,5
27096,8
27107,9
27125,4
27127,5
27186,2
27193,5
27216,5
27217,6
27227,4
27229,2
27241,8
27381,8
27403,5
27406,7
27407,0
27430,9
27467,3
27469,8
27501,1
27515,9
27521,9
27526,5
27545,8
27563,8
27564,1
27576,5
27581,9
27621,7
27625,3
27662,1
27683,7
27695,4
27709,7
27723,7
27733,8
27747,7
27780,9
27798,8
27824,4
27834,2
27844,2
27857,4
27926,9
27938,7
27963,5
27975,5
28000,1
28029,5
28031,3
28064,7
28073,7
28082,7
28182,8
28213,9
28242,0
28270,7
28273,7
28315,5
28324,2
28343,3
28345,5
28394,1
28395,5
28410,5
28424,9
28427,0
28469,5
28473,9
28481,9
28487,4
28492,4
28513,1
28534,5
28538,9
28539,8
28540,0
28570,5
28643,8
28670,7
28698,6
28764,7
28775,7
28783,7
28784,0
28789,9
28801,2
28811,2
28815,1
28918,5
28921,7
28925,1
28953,3
28974,5
29049,5
29099,7
29101,0
29125,1
29134,9
29161,9
29187,0
29202,7
29214,1
29258,4
29268,5
29291,4
29323,1
29344,5
29376,7
29400,9
29427,3
29458,3
29470,7
29475,9
29480,1
29485,4
29535,8
29563,8
29580,9
29581,7
29607,7
29613,3
29622,6
29670,3
29702,8
29804,5
29818,4
29845,5
29858,8
29865,9
29899,3
29919,7
29935,9
29960,4
29962,3
29980,9
29992,4
30004,6
30009,0
30018,7
30019,8
30037,0
30044,0
30076,2
30086,5
30092,8
30099,9
30112,5
30128,6
30209,1
30222,0
30229,3
30242,8
30255,0
30257,9
30268,8
30278,5
30296,9
30318,8
30343,6
30372,1
30374,8
30401,8
30430,1
30461,3
30467,8
30472,4
30479,7
30516,8
30521,8
30545,8
30551,9
30578,0
30612,1
30650,3
30661,8
30679,3
30684,1
30787,0
30809,1
30817,5
30851,4
30864,5
30877,9
30927,4
30946,7
30954,4
31013,5
31028,5
31031,5
31052,4
31055,7
31069,5
31079,0
31081,1
31087,8
31089,9
31093,1
31099,5
31101,7
31127,0
31151,5
31153,3
31185,2
31205,8
31206,8
31211,5
31239,7
31253,5
31258,2
31271,7
31288,0
31331,7
31355,8
31362,7
31366,1
31395,3
31402,5
31433,4
31440,8
31459,7
31489,5
31499,5
31505,0
31511,1
31526,1
31601,4
31673,8
31690,7
31703,3
31723,3
31730,7
31732,8
31771,1
31772,5
31800,8
31803,9
31812,7
31816,8
31842,9
31879,7
31922,9
31929,5
31949,3
31953,5
31958,2
31962,3
31985,8
31992,7
32035,2
32038,1
32076,8
32080,5
32117,7
32152,9
32176,3
32206,8
32215,7
32216,2
32222,6
32267,3
32275,3
32294,7
32297,2
32320,6
32324,5
32332,1
32350,9
32367,1
32368,9
32371,3
32396,9
32416,7
32428,7
32429,9
32447,1
32470,7
32488,5
32491,9
32495,3
32527,7
32532,9
32571,7
32600,5
32609,0
32615,8
32649,7
32650,2
32659,5
32730,3
32732,9
32757,5
32795,1
32799,3
32800,0
32837,8
32873,7
32878,9
32953,0
32957,7
32958,1
33042,0
33072,8
33126,9
33141,9
33144,9
33175,1
33176,1
33200,5
33235,5
33239,3
33241,7
33247,5
33255,9
33261,2
33324,5
33325,8
33335,7
33363,0
33365,5
33378,0
33380,9
33393,7
33472,9
33483,9
33527,7
33533,8
33545,4
33560,6
33592,9
33605,5
33644,2
33673,0
33700,5
33733,5
33736,7
33738,9
33748,5
33764,9
33787,4
33791,9
33797,7
33845,3
33849,4
33859,9
33872,4
33878,2
33959,8
33964,7
33985,1
33989,3
34011,8
34029,8
34049,6
34082,5
34114,5
34165,8
34168,1
34177,0
34190,3
34197,0
34216,4
34246,0
34253,2
34274,5
34276,5
34302,0
34311,8
34326,2
34339,9
34362,5
34388,1
34410,7
34423,1
34447,6
34482,9
34492,6
34509,5
34523,0
34567,8
34597,3
34616,9
34655,1
34682,4
34713,3
34754,1
34769,9
34867,0
34919,0
34928,2
34933,8
34936,2
34953,4
34974,8
35000,1
35005,8
35042,8
35053,7
35057,5
35120,8
35134,2
35187,5
35205,6
35208,3
35228,5
35237,8
35260,7
35261,0
35309,8
35311,0
35318,6
35365,8
35375,8
35478,2
35479,9
35482,4
35484,8
35498,3
35521,8
35527,1
35549,7
35574,3
35582,3
35621,1
35622,3
35624,4
35628,5
35669,1
35683,6
35690,2
35826,1
35879,4
35954,3
35998,7
36007,9
36013,9
36017,4
36020,8
36030,1
36031,0
36088,7
36092,4
36118,5
36135,7
36142,2
36153,5
36173,5
36196,9
36197,7
36205,7
36215,1
36236,5
36265,1
36275,8
36276,1
36322,4
36347,8
36380,1
36388,1
36395,7
36418,9
36429,8
36436,7
36445,8
36503,8
36541,8
36583,7
36604,3
36623,3
36645,3
36651,8
36664,4
36670,9
36691,7
36733,4
36754,8
36763,7
36765,1
36771,9
36800,5
36812,5
36840,7
36843,7
36860,9
36871,0
36883,5
36885,5
36915,8
36929,0
36954,7
36974,8
36986,8
36989,5
37005,8
37043,0
37078,8
37086,5
37093,7
37096,8
37098,7
37106,8
37111,9
37126,9
37174,3
37180,5
37188,3
37201,1
37233,9
37249,5
37261,0
37274,2
37297,7
37329,8
37336,6
37341,5
37364,5
37379,5
37399,7
37424,9
37428,8
37466,9
37467,0
37493,8
37494,7
37512,8
37527,8
37553,9
37558,5
37635,1
37646,2
37654,9
37696,2
37707,6
37718,3
37727,2
37753,7
37779,9
37826,4
37840,4
37864,5
37878,7
37879,9
37881,1
37882,1
37900,7
37901,0
37960,7
37972,1
37983,5
37999,7
38015,7
38039,1
38044,8
38113,5
38149,7
38189,5
38198,0
38235,1
38249,8
38257,7
38284,4
38325,5
38328,1
38362,5
38365,5
38366,2
38382,8
38445,3
38461,0
38533,5
38557,7
38575,7
38624,5
38641,8
38650,7
38651,9
38656,5
38665,2
38683,1
38689,5
38704,9
38709,1
38713,1
38726,5
38734,8
38748,9
38765,8
38814,7
38817,5
38821,4
38842,8
38847,1
38867,3
38882,3
38883,5
38909,1
38917,9
38953,2
38997,4
39026,7
39038,7
39041,1
39048,7
39060,7
39070,8
39084,1
39131,8
39138,1
39191,8
39200,6
39229,9
39233,0
39250,6
39252,7
39272,4
39280,5
39281,1
39310,7
39356,6
39367,1
39374,5
39381,5
39384,3
39405,5
39438,8
39454,1
39462,1
39473,5
39497,7
39526,5
39527,0
39533,1
39546,1
39593,9
39601,6
39604,8
39642,9
39645,5
39648,9
39653,8
39674,4
39694,9
39698,2
39706,3
39715,0
39725,5
39727,6
39753,9
39754,9
39755,0
39780,5
39803,5
39809,4
39841,8
39888,1
39905,1
39909,3
39920,7
39925,7
39928,3
39929,2
39950,1
39980,1
40007,1
40032,5
40050,9
40052,1
40089,8
40110,8
40172,5
40208,0
40215,9
40245,8
40254,3
40262,0
40312,0
40328,9
40340,0
40357,7
40397,7
40401,3
40412,0
40414,0
40424,4
40437,8
40457,0
40480,3
40489,5
40535,5
40536,2
40545,7
40561,1
40609,6
40615,1
40616,6
40617,2
40645,8
40649,0
40665,8
40681,7
40684,7
40688,5
40728,7
40731,5
40770,1
40787,8
40839,9
40841,2
40871,6
40884,1
40935,8
40947,3
40953,8
40993,5
41003,3
41025,5
41115,8
41133,8
41180,8
41208,5
41210,1
41223,5
41249,1
41278,5
41295,9
41387,5
41389,5
41393,8
41423,6
41431,8
41480,9
41514,1
41537,3
41549,7
41570,0
41581,2
41582,5
41583,9
41608,3
41609,0
41616,0
41618,5
41650,7
41660,7
41698,7
41729,0
41763,9
41769,7
41776,3
41795,0
41798,5
41833,9
41903,9
41907,0
41932,9
41941,7
41966,2
41968,3
42015,1
42037,2
42056,3
42085,5
42086,9
42096,8
42102,1
42104,8
42109,9
42112,8
42155,8
42156,1
42182,1
42191,7
42192,9
42211,7
42264,3
42265,7
42269,7
42307,1
42312,5
42313,8
42323,2
42332,1
42334,5
42348,1
42351,1
42373,2
42379,5
42388,8
42415,7
42426,9
42449,5
42485,1
42500,9
42551,9
42566,9
42597,9
42631,5
42651,9
42669,3
42679,8
42698,5
42704,8
42709,9
42728,9
42749,8
42773,9
42792,2
42873,8
42880,8
42902,3
42910,5
42950,2
42957,6
42961,8
42988,8
43005,7
43015,4
43042,8
43055,5
43058,9
43085,1
43091,8
43109,8
43117,2
43146,9
43151,1
43158,9
43195,0
43208,3
43231,4
43244,5
43245,5
43270,6
43272,4
43279,7
43296,1
43306,8
43357,5
43372,8
43408,7
43444,1
43453,9
43459,5
43464,8
43494,3
43499,9
43501,8
43522,8
43529,5
43535,1
43582,6
43618,7
43627,7
43628,7
43647,8
43653,1
43687,8
43701,0
43751,9
43758,3
43821,7
43829,1
43830,9
43831,2
43861,8
43873,9
43891,9
43902,3
43920,9
43946,5
43965,0
43970,9
44046,1
44078,6
44079,1
44084,9
44089,1
44137,4
44184,0
44219,7
44221,8
44222,1
44233,4
44234,9
44238,6
44251,4
44256,4
44269,1
44286,8
44323,7
44347,2
44350,3
44353,7
44383,5
44397,3
44416,3
44431,1
44462,3
44467,8
44485,7
44500,7
44519,3
44552,7
44586,9
44595,7
44599,0
44601,7
44608,3
44647,5
44688,4
44706,5
44757,7
44766,0
44803,7
44819,5
44869,5
44910,5
44961,8
44975,7
44982,9
44985,9
44997,8
45003,5
45011,5
45027,8
45062,9
45064,4
45124,5
45131,1
45148,4
45168,8
45178,9
45219,4
45221,1
45222,5
45256,5
45343,9
45355,9
45364,3
45390,5
45394,4
45410,6
45424,4
45437,1
45474,3
45479,6
45496,7
45517,3
45525,9
45530,7
45556,1
45571,7
45605,9
45629,5
45632,9
45683,1
45772,8
45817,0
45820,1
45827,4
45835,7
45841,9
45854,3
45872,5
45919,5
45932,2
45987,5
45990,3
45994,1
46018,8
46019,5
46025,8
46032,9
46045,6
46125,0
46160,7
46162,2
46164,4
46190,7
46226,8
46230,4
46263,9
46265,7
46267,1
46288,2
46300,5
46329,3
46356,7
46381,5
46386,2
46391,0
46400,2
46405,8
46428,8
46449,3
46451,4
46452,1
46461,1
46493,7
46496,1
46507,1
46550,4
46560,0
46563,3
46584,8
46596,0
46602,9
46615,7
46635,5
46640,5
46648,7
46650,8
46666,3
46675,5
46730,8
46739,8
46752,7
46755,6
46840,1
46847,5
46892,0
46923,3
46931,0
46974,2
47011,6
47031,0
47052,8
47056,9
47072,0
47103,9
47127,7
47138,5
47144,8
47156,0
47160,7
47247,0
47253,7
47295,8
47296,5
47314,5
47343,6
47371,0
47381,5
47469,3
47525,8
47527,1
47544,7
47561,6
47567,8
47648,8
47656,8
47684,3
47705,6
47721,1
47723,8
47736,0
47737,5
47744,4
47768,5
47799,1
47817,1
47832,5
47880,1
47885,9
47905,1
47914,0
47919,5
47935,1
47937,4
47942,8
47943,6
47948,8
47953,0
48007,8
48010,7
48028,8
48030,9
48035,7
48048,4
48049,5
48060,8
48074,1
48105,7
48128,0
48135,7
48182,9
48184,1
48198,4
48247,7
48291,3
48304,9
48329,8
48345,5
48353,5
48397,5
48410,4
48411,1
48412,0
48416,7
48428,8
48438,0
48455,8
48457,9
48480,3
48502,2
48543,1
48554,0
48559,8
48565,6
48571,8
48597,9
48631,0
48633,9
48640,2
48657,8
48666,3
48711,8
48726,8
48733,5
48734,8
48737,8
48760,6
48782,4
48802,9
48818,9
48838,5
48906,8
48910,7
48964,9
48978,3
48979,7
48990,4
49023,5
49029,2
49035,1
49091,3
49114,8
49162,4
49176,8
49294,3
49320,7
49345,4
49391,7
49398,4
49407,8
49414,8
49416,2
49432,9
49437,1
49457,8
49459,0
49478,6
49492,9
49509,8
49530,0
49589,3
49615,7
49627,3
49661,8
49669,9
49697,1
49738,7
49800,0
49824,8
49830,8
49880,9
49900,6
49944,9
49952,0
49955,3
50006,5
50013,8
50020,9
50041,9
50051,1
50054,8
50110,9
50209,9
50253,3
50265,3
50340,3
50378,3
50404,1
50455,7
50480,0
50505,8
50531,4
50534,0
50544,9
50549,5
50553,7
50563,2
50599,4
50605,7
50615,5
50651,8
50665,7
50668,7
50725,4
50734,5
50737,4
50738,8
50746,9
50760,7
50787,9
50816,9
50828,0
50845,9
50849,7
50861,8
50864,1
50872,7
50883,8
50925,8
50941,6
50969,3
50983,5
50996,8
51035,1
51038,3
51057,0
51095,9
51104,8
51105,8
51128,8
51130,5
51134,8
51156,9
51188,1
51198,7
51224,8
51240,9
51258,5
51291,8
51294,7
51300,7
51306,7
51321,3
51322,7
51327,0
51342,5
51420,7
51452,7
51454,4
51474,3
51477,7
51489,7
51491,0
51523,7
51531,9
51546,0
51643,7
51651,1
51654,9
51658,2
51698,2
51725,8
51740,5
51754,8
51827,9
51854,5
51861,8
51863,9
51871,3
51880,8
51895,1
51899,8
51938,9
51939,4
51948,8
51954,8
51973,5
51990,5
51996,7
52001,2
52022,3
52044,8
52069,6
52070,8
52101,3
52155,4
52196,7
52223,1
52234,1
52259,3
52315,9
52332,5
52362,1
52364,5
52432,3
52439,5
52445,8
52492,1
52497,7
52498,1
52500,9
52501,2
52600,4
52606,7
52609,0
52612,8
52639,0
52668,1
52714,9
52728,0
52735,7
52770,9
52780,1
52811,1
52868,1
52925,7
52935,4
52964,7
52965,1
52991,7
53000,5
53039,3
53054,5
53064,8
53105,2
53161,8
53172,5
53183,7
53202,9
53244,5
53246,3
53269,2
53281,8
53296,5
53317,9
53329,5
53332,3
53357,3
53361,1
53383,1
53397,9
53445,8
53461,5
53482,3
53487,0
53523,7
53563,1
53612,7
53623,9
53627,1
53638,5
53648,8
53653,8
53685,0
53701,8
53716,3
53729,9
53732,5
53745,8
53754,6
53765,8
53783,7
53800,0
53806,8
53821,9
53857,0
53872,8
53874,3
53884,2
53885,8
53911,7
53939,1
53954,3
53969,6
53971,5
53973,5
53975,3
53986,7
54002,5
54007,4
54013,3
54024,5
54052,2
54062,3
54087,1
54093,8
54094,1
54136,8
54155,7
54176,7
54202,5
54218,7
54224,6
54260,5
54270,3
54300,9
54341,8
54378,7
54452,4
54463,8
54477,7
54481,3
54577,5
54636,8
54664,1
54687,9
54708,1
54730,3
54737,2
54739,3
54802,6
54845,3
54896,8
54952,3
55022,8
55044,2
55047,1
55079,7
55082,7
55194,3
55195,7
55207,9
55222,1
55227,0
55229,5
55243,9
55244,7
55298,5
55315,0
55322,5
55327,6
55353,3
55355,0
55363,7
55380,1
55384,7
55409,7
55410,0
55453,5
55506,5
55518,7
55549,4
55591,5
55618,8
55641,4
55645,6
55646,0
55694,3
55697,8
55729,5
55747,1
55767,1
55773,4
55775,5
55794,5
55802,7
55821,4
55825,1
55829,7
55856,9
55883,4
55888,1
55895,7
55911,0
55941,3
55956,6
55961,1
55965,5
56003,9
56007,1
56014,5
56021,9
56031,4
56038,5
56081,1
56095,7
56106,4
56107,7
56111,7
56135,9
56139,3
56189,1
56208,1
56224,5
56275,3
56353,0
56391,3
56397,0
56412,8
56418,7
56428,8
56451,7
56474,3
56482,7
56509,0
56523,8
56530,0
56563,4
56565,3
56585,3
56600,8
56637,1
56701,7
56714,1
56721,3
56725,5
56732,5
56749,7
56754,3
56804,5
56878,6
56882,1
56884,9
56940,0
56977,4
57011,4
57013,5
57035,4
57048,7
57050,9
57076,4
57106,5
57107,3
57152,9
57158,6
57231,5
57232,5
57303,1
57305,1
57324,8
57339,1
57342,2
57348,8
57372,7
57422,4
57423,9
57452,9
57480,5
57487,9
57508,6
57510,5
57524,4
57531,9
57587,6
57616,8
57630,4
57632,2
57644,1
57713,4
57775,1
57779,4
57786,9
57793,5
57824,5
57828,7
57848,5
57849,1
57851,7
57864,3
57867,7
57874,9
57915,4
57944,5
57963,0
57968,1
57993,8
58005,5
58038,0
58062,0
58067,3
58077,3
58079,3
58099,7
58112,9
58140,7
58145,5
58146,0
58245,9
58280,5
58292,7
58302,8
58331,9
58333,3
58351,9
58358,8
58371,8
58387,1
58403,5
58421,3
58441,2
58505,5
58511,1
58521,0
58530,7
58539,9
58560,0
58565,7
58572,2
58573,8
58580,1
58610,1
58615,8
58622,5
58631,7
58640,3
58667,3
58672,1
58737,1
58798,6
58818,9
58825,6
58850,9
58858,0
58882,0
58916,0
58918,9
58934,0
58936,2
58939,5
58948,5
58956,4
58962,2
58985,1
59001,3
59078,0
59083,7
59089,5
59095,0
59148,0
59150,1
59165,0
59170,5
59188,2
59197,0
59209,7
59214,9
59228,3
59235,8
59264,7
59327,2
59332,7
59349,5
59383,3
59388,7
59409,9
59410,2
59457,0
59467,3
59496,9
59510,0
59518,9
59520,7
59565,8
59577,2
59585,0
59618,5
59619,1
59623,4
59625,1
59662,5
59674,4
59736,6
59756,9
59769,3
59784,0
59796,1
59804,9
59810,5
59948,9
59961,3
59980,3
