32,6
48,9
50,3
65,5
132,5
154,9
173,5
176,9
247,9
266,5
290,1
296,0
319,9
331,6
339,2
387,7
401,6
497,7
504,5
516,5
529,9
536,6
539,8
549,3
571,8
630,6
639,0
674,2
718,4
740,8
759,6
795,7
798,7
802,6
822,9
829,6
845,5
862,2
874,3
926,4
956,5
964,5
983,3
1007,3
1020,6
1026,8
1035,3
1048,2
1052,1
1087,5
1111,5
1127,7
1134,2
1143,2
1199,2
1204,6
1218,3
1231,7
1244,3
1249,2
1262,2
1264,2
1265,5
1322,7
1328,5
1333,9
1351,3
1361,2
1364,9
1366,6
1385,2
1390,2
1407,2
1435,6
1438,2
1455,9
1457,8
1469,3
1480,7
1482,5
1507,9
1510,2
1570,7
1577,5
1609,2
1620,9
1621,8
1624,2
1631,3
1715,2
1725,0
1727,2
1768,6
1779,6
1793,8
1795,5
1802,6
1841,2
1851,7
1858,7
1864,5
1898,6
1901,8
1990,6
1996,5
2056,5
2070,8
2098,3
2113,6
2120,5
2141,9
2171,2
2187,7
2248,5
2261,2
2267,9
2277,4
2279,5
2312,9
2377,2
2399,2
2478,5
2479,6
2483,0
2489,3
2491,7
2525,0
2551,5
2585,2
2610,8
2624,0
2642,0
2644,6
2648,2
2696,9
2712,9
2713,5
2749,2
2769,2
2776,1
2778,7
2792,2
2795,9
2798,9
2812,2
2820,3
2834,3
2869,5
2871,3
2875,2
2921,5
2928,5
2940,8
2955,0
2979,2
3030,9
3033,3
3034,3
3057,3
3064,2
3081,7
3134,2
3142,2
3186,9
3208,2
3210,7
3230,1
3237,1
3254,8
3271,5
3294,6
3301,5
3311,9
3326,5
3361,5
3366,6
3382,9
3410,0
3435,3
3438,8
3447,9
3467,5
3474,6
3484,4
3485,6
3486,2
3530,6
3534,0
3554,8
3557,2
3563,5
3578,2
3583,9
3584,8
3593,1
3634,5
3642,2
3671,6
3719,2
3746,9
3758,1
3774,6
3775,8
3789,6
3821,6
3826,2
3832,5
3841,6
3845,8
3847,9
3871,2
3880,2
3907,5
3965,2
3977,9
3987,9
3989,2
3993,6
4023,0
4025,9
4026,9
4051,2
4059,6
4074,7
4079,6
4103,8
4197,4
4227,7
4231,6
4250,3
4254,7
4275,8
4296,7
4301,6
4304,5
4321,0
4331,7
4337,6
4372,7
4397,5
4427,2
4429,3
4528,7
4531,6
4537,8
4551,7
4559,7
4568,9
4574,2
4599,2
4627,9
4646,2
4647,7
4667,9
4684,8
4698,8
4711,5
4717,2
4760,5
4765,6
4788,9
4803,8
4805,2
4830,9
4833,4
4840,7
4841,6
4847,5
4865,1
4882,6
4899,7
4922,6
4927,8
5009,8
5028,5
5042,8
5061,5
5062,9
5070,6
5074,0
5092,3
5094,2
5101,4
5103,2
5167,0
5168,1
5179,6
5206,7
5241,2
5246,0
5359,3
5391,9
5397,2
5407,7
5411,9
5414,5
5456,5
5458,3
5461,0
5550,5
5554,6
5579,7
5590,4
5602,2
5626,7
5629,6
5646,0
5652,7
5657,7
5684,6
5685,5
5690,0
5742,5
5743,8
5746,9
5756,1
5757,5
5816,2
5817,9
5839,5
5846,6
5879,6
5887,5
5890,2
5892,9
5913,6
5965,2
5986,7
6005,2
6018,5
6024,6
6051,9
6059,3
6096,5
6102,6
6112,5
6119,6
6138,2
6158,8
6168,2
6277,1
6284,8
6292,0
6304,7
6354,8
6360,2
6375,7
6381,7
6391,2
6397,7
6402,6
6407,5
6426,5
6482,6
6504,5
6527,5
6541,6
6550,7
6587,7
6602,6
6654,1
6657,6
6675,7
6754,3
6756,7
6799,6
6832,0
6836,5
6876,6
6889,7
6894,3
6915,7
6929,5
6935,0
6950,9
6956,7
6983,5
6997,5
7037,0
7079,2
7086,6
7103,5
7112,5
7134,3
7142,8
7193,5
7225,3
7238,5
7259,2
7273,6
7368,5
7382,5
7383,3
7457,5
7489,4
7500,2
7518,9
7520,2
7530,7
7531,5
7534,7
7538,9
7565,7
7623,9
7629,0
7641,6
7662,6
7682,8
7727,9
7743,2
7816,0
7825,8
7827,2
7849,7
7853,9
7861,3
7891,8
7917,5
7918,8
7940,9
7957,6
7964,5
8034,6
8052,3
8082,2
8114,7
8143,7
8146,6
8163,3
8173,5
8196,7
8224,6
8246,3
8286,7
8381,3
8407,6
8414,5
8435,5
8449,0
8459,5
8461,6
8488,6
8510,9
8518,9
8541,3
8554,3
8596,7
8613,2
8627,6
8640,2
8641,9
8642,5
8643,3
8674,9
8689,1
8692,6
8713,5
8722,8
8734,5
8761,8
8764,8
8769,4
8786,3
8789,5
8817,6
8837,9
8844,2
8868,6
8880,3
8886,2
8888,3
8893,3
8905,2
8915,8
8939,2
8942,6
8946,3
8966,2
8983,2
8998,9
9031,2
9048,0
9090,6
9093,5
9158,0
9181,1
9193,2
9205,5
9206,6
9209,0
9231,2
9233,6
9236,5
9238,9
9261,5
9266,2
9267,7
9268,3
9285,8
9319,3
9323,5
9336,5
9356,7
9367,5
9390,9
9401,3
9408,8
9433,7
9449,2
9472,2
9479,2
9492,1
9495,5
9522,7
9533,6
9542,2
9546,2
9554,8
9565,5
9568,5
9576,6
9583,2
9587,5
9600,2
9601,8
9625,2
9645,6
9745,6
9765,6
9783,5
9790,0
9822,0
9836,2
9917,6
9921,6
9933,9
9941,9
9945,5
9974,3
10042,3
10053,6
10072,2
10082,2
10098,1
10102,9
10130,2
10178,7
10194,2
10203,0
10242,0
10279,2
10283,0
10299,6
10312,2
10314,3
10332,6
10333,5
10359,8
10374,9
10408,7
10434,5
10445,9
10527,3
10546,5
10551,8
10552,6
10554,2
10590,7
10592,8
10606,3
10615,1
10620,2
10626,4
10628,8
10637,7
10646,9
10652,5
10654,6
10657,2
10665,5
10671,6
10673,2
10721,9
10739,2
10745,3
10759,7
10766,2
10786,6
10813,6
10822,5
10851,6
10861,0
10864,7
10910,6
10951,9
10973,8
10981,8
10987,5
10996,6
11006,2
11063,8
11067,8
11096,9
11100,6
11109,2
11136,5
11158,6
11162,0
11169,3
11188,7
11191,8
11202,9
11204,7
11216,3
11240,0
11271,2
11296,3
11344,2
11351,8
11382,8
11393,5
11399,7
11406,8
11435,7
11475,2
11486,5
11505,5
11543,1
11548,7
11589,6
11609,5
11614,8
11625,8
11642,7
11699,6
11719,3
11721,5
11723,6
11737,2
11781,3
11801,5
11808,8
11918,9
11922,5
11936,5
11949,3
12025,7
12027,8
12046,5
12047,6
12059,9
12069,9
12086,3
12101,6
12160,9
12184,0
12200,9
12234,2
12235,8
12255,8
12275,8
12280,9
12287,7
12289,5
12301,9
12347,5
12386,5
12428,7
12443,9
12444,8
12447,2
12514,2
12527,3
12536,3
12552,6
12611,5
12693,1
12697,5
12707,2
12708,9
12770,5
12802,2
12815,2
12832,9
12837,0
12839,0
12846,9
12853,6
12917,5
12939,6
12940,5
12960,8
12962,5
12986,5
13036,5
13051,8
13063,9
13121,2
13193,3
13198,2
13225,3
13278,9
13290,6
13291,4
13303,6
13308,9
13337,7
13347,0
13360,5
13387,5
13393,8
13421,7
13423,8
13446,4
13452,2
13462,9
13485,8
13489,8
13492,0
13503,2
13642,5
13644,7
13692,9
13745,3
13747,5
13764,0
13778,3
13796,5
13797,9
13820,2
13899,8
13944,8
13958,5
13972,2
13986,4
13989,0
13996,9
14002,3
14015,9
14048,5
14058,9
14099,3
14100,5
14113,2
14118,2
14218,5
14244,2
14256,6
14266,3
14267,2
14277,7
14297,3
14301,8
14305,8
14316,5
14336,9
14446,2
14454,3
14459,9
14502,9
14556,7
14565,6
14609,5
14628,5
14634,6
14645,8
14646,2
14672,5
14684,7
14691,3
14724,1
14735,9
14791,8
14797,2
14805,6
14823,3
14825,3
14881,2
14955,5
14999,7
15018,9
15051,6
15109,3
15146,9
15155,5
15187,2
15216,3
15238,5
15259,4
15282,8
15284,5
15305,7
15346,3
15363,2
15379,3
15383,0
15384,6
15418,2
15441,6
15443,3
15457,2
15464,5
15509,2
15511,3
15516,0
15528,5
15544,3
15596,2
15605,2
15612,1
15616,8
15685,5
15734,0
15736,2
15739,8
15740,7
15757,8
15796,2
15804,5
15808,7
15811,7
15824,7
15830,5
15834,5
15908,6
15917,2
15955,0
15967,1
15994,2
15995,6
16010,5
16047,2
16053,9
16115,8
16134,3
16166,2
16176,2
16185,9
16187,6
16244,0
16248,7
16256,9
16257,5
16274,8
16275,8
16282,8
16285,0
16306,0
16322,8
16358,5
16370,3
16373,8
16388,9
16395,7
16410,6
16420,7
16452,6
16461,2
16481,9
16488,9
16499,5
16513,5
16538,6
16539,8
16574,5
16590,6
16628,9
16655,5
16737,5
16760,2
16779,1
16781,2
16784,5
16786,6
16790,8
16792,6
16796,6
16806,9
16822,6
16832,5
16833,8
16879,6
16891,6
16902,2
16919,9
17006,5
17011,6
17019,9
17021,8
17053,7
17054,7
17073,5
17086,7
17094,5
17102,4
17115,2
17120,6
17156,5
17213,1
17223,0
17234,9
17237,8
17284,6
17288,3
17296,9
17300,4
17335,0
17336,2
17338,5
17371,3
17407,8
17409,3
17415,4
17431,2
17434,2
17446,5
17507,2
17522,5
17530,8
17560,1
17574,3
17579,2
17652,6
17668,8
17673,3
17698,9
17705,8
17716,5
17730,4
17753,3
17758,9
17760,8
17786,2
17829,6
17884,2
17890,5
17902,9
17948,8
17982,6
18020,7
18041,8
18079,3
18110,2
18111,9
18149,6
18156,8
18171,0
18221,6
18248,5
18277,9
18288,8
18326,5
18338,8
18376,6
18422,6
18434,8
18437,9
18454,2
18480,2
18504,4
18546,1
18566,2
18577,8
18588,3
18594,5
18634,2
18642,8
18666,9
18667,6
18688,9
18742,3
18744,9
18749,5
18784,7
18798,8
18801,1
18817,2
18897,5
18900,2
18901,8
18919,3
18978,2
18982,6
18985,9
18989,0
19065,8
19067,8
19126,9
19155,6
19160,5
19162,5
19168,1
19187,7
19248,2
19257,7
19293,6
19309,6
19324,2
19403,9
19464,6
19575,3
19587,2
19605,8
19609,5
19628,0
19660,3
19667,9
19681,6
19688,2
19766,9
19782,1
19784,2
19809,7
19820,5
19909,5
19947,6
19967,3
19992,9
20013,6
20021,2
20022,2
20030,7
20055,2
20065,2
20073,9
20084,9
20124,6
20148,6
20162,7
20179,2
20236,4
20238,0
20302,1
20309,2
20331,5
20335,7
20359,5
20392,0
20411,2
20433,6
20440,2
20476,5
20486,6
20495,9
20496,4
20542,2
20557,7
20571,9
20603,6
20613,2
20626,3
20677,9
20683,9
20715,2
20753,8
20754,5
20759,7
20761,2
20764,6
20775,6
20806,6
20812,8
20837,5
20858,8
20867,2
20881,5
20916,6
20918,9
20991,7
21012,2
21023,2
21036,6
21082,0
21098,3
21111,7
21128,6
21135,2
21151,2
21159,7
21165,9
21172,9
21185,6
21206,5
21208,3
21210,5
21241,6
21249,8
21300,9
21309,5
21313,7
21360,5
21370,3
21385,5
21392,6
21432,8
21434,6
21450,2
21452,6
21525,3
21543,5
21544,2
21557,2
21587,7
21588,5
21596,3
21630,2
21634,1
21677,5
21687,1
21720,3
21745,6
21751,1
21756,9
21804,2
21805,8
21808,6
21901,6
21920,6
21937,7
21948,3
21965,8
21998,3
22001,8
22005,7
22030,5
22060,8
22070,2
22086,9
22102,5
22104,2
22130,5
22139,2
22145,6
22146,2
22184,2
22235,5
22252,2
22278,2
22336,7
22397,2
22400,4
22424,6
22429,0
22446,2
22463,5
22481,7
22499,8
22506,5
22519,7
22520,6
22643,3
22657,0
22661,2
22682,8
22711,7
22734,5
22780,9
22782,9
22807,2
22810,8
22824,9
22854,9
22909,6
22944,6
22961,9
23002,7
23007,5
23016,9
23084,9
23110,6
23114,2
23127,7
23137,5
23173,7
23194,2
23231,2
23292,7
23312,5
23346,6
23347,8
23384,5
23386,7
23400,8
23401,0
23410,2
23418,5
23427,7
23434,5
23446,9
23455,5
23468,2
23481,2
23490,3
23540,7
23597,5
23610,2
23626,6
23630,5
23646,6
23659,8
23683,2
23688,6
23690,5
23698,7
23700,3
23738,9
23792,5
23800,2
23806,5
23819,3
23829,3
23830,6
23858,5
23867,9
23869,5
23874,5
23900,6
23948,8
23950,9
23972,5
23989,9
24004,5
24027,8
24030,6
24066,3
24098,2
24099,3
24110,8
24112,8
24164,9
24181,7
24203,2
24275,5
24283,5
24299,3
24305,9
24310,5
24349,8
24353,5
24380,6
24387,9
24394,5
24402,5
24418,2
24420,9
24456,4
24464,7
24467,2
24475,6
24503,7
24504,5
24508,9
24509,1
24534,8
24569,6
24589,8
24595,5
24618,2
24632,2
24633,2
24690,2
24704,9
24746,2
24750,6
24752,2
24778,5
24781,4
24788,7
24792,5
24819,5
24852,8
24884,7
24885,4
24901,4
24933,1
24940,0
24974,1
24987,3
24995,5
25004,2
25010,6
25029,2
25031,6
25072,8
25089,2
25106,3
25110,7
25115,7
25116,3
25117,8
25122,2
25136,2
25144,5
25175,4
25177,5
25179,8
25217,2
25277,9
25283,5
25304,0
25311,3
25316,6
25318,2
25334,4
25357,5
25367,9
25391,5
25423,5
25424,6
25463,9
25495,8
25516,2
25525,7
25574,2
25586,3
25623,5
25658,2
25667,9
25689,3
25725,0
25739,4
25742,6
25764,1
25795,6
25816,7
25840,5
25854,2
25893,6
25906,6
25932,0
25944,6
25982,7
25999,6
26020,5
26034,5
26049,7
26093,2
26094,5
26099,1
26160,6
26170,2
26173,9
26211,5
26240,5
26294,8
26368,5
26392,6
26404,5
26443,8
26481,5
26484,5
26496,8
26526,3
26547,5
26549,7
26586,9
26589,7
26616,8
26622,6
26670,6
26676,5
26722,0
26724,3
26739,3
26760,8
26765,6
26788,2
26810,6
26815,9
26856,5
26913,5
26918,5
26921,9
26977,6
26995,5
26997,9
27026,2
27033,2
27045,8
27133,3
27149,6
27161,6
27189,2
27191,9
27199,7
27219,7
27227,4
27228,5
27236,8
27325,9
27337,5
27405,6
27423,3
27435,3
27450,9
27484,0
27521,9
27534,3
27549,1
27601,9
27607,5
27636,8
27646,8
27647,7
27654,9
27664,2
27674,6
27700,2
27719,2
27722,7
27760,5
27774,9
27778,5
27780,9
27801,5
27819,8
27823,7
27854,0
27864,2
27874,2
27903,5
27910,8
27920,1
27923,6
27954,5
27966,9
27976,7
27993,9
28025,7
28042,8
28050,2
28078,2
28114,9
28152,6
28156,2
28172,5
28203,0
28205,7
28222,6
28241,8
28254,5
28285,2
28321,7
28336,2
28415,6
28432,8
28434,5
28441,3
28465,5
28496,6
28502,2
28560,2
28570,5
28604,9
28631,2
28644,6
28671,0
28709,3
28733,6
28734,3
28744,2
28758,6
28783,7
28805,6
28817,6
28841,3
28874,5
28882,2
28883,6
28914,4
28932,2
28936,3
28937,2
28943,6
28966,6
28984,9
29027,5
29029,5
29036,9
29037,5
29043,2
29049,5
29061,3
29084,9
29104,3
29109,7
29160,6
29216,6
29226,6
29244,2
29267,2
29330,6
29331,6
29344,5
29348,5
29351,2
29354,5
29362,6
29382,7
29422,8
29475,9
29481,2
29488,0
29543,6
29589,8
29601,8
29626,2
29644,6
29665,8
29678,8
29682,6
29687,6
29725,6
29744,4
29776,6
29789,2
29804,5
29817,5
29822,9
29863,8
29872,6
29914,4
29915,5
29932,2
29996,9
30012,5
30015,7
30020,5
30022,9
30057,3
30064,2
30100,1
30107,2
30161,6
30168,6
30197,5
30208,9
30228,2
30278,5
30294,7
30323,5
30336,2
30345,6
30357,7
30414,7
30418,8
30469,9
30477,2
30488,5
30541,7
30566,5
30704,9
30746,2
30755,6
30782,9
30804,9
30808,9
30810,2
30885,3
30944,9
30960,3
30992,0
31023,8
31047,2
31053,5
31055,7
31076,7
31209,1
31226,9
31277,0
31287,5
31320,9
31327,2
31344,5
31373,2
31410,0
31450,3
31459,7
31481,6
31485,7
31489,5
31492,2
31532,9
31555,2
31565,9
31590,5
31600,8
31608,2
31612,6
31619,6
31687,5
31700,9
31715,7
31733,9
31741,6
31810,8
31827,2
31861,7
31890,2
31921,5
31976,5
32008,2
32026,5
32030,8
32072,8
32074,5
32185,7
32211,6
32216,2
32221,0
32223,3
32241,6
32247,7
32254,5
32256,9
32264,2
32284,3
32317,2
32324,5
32331,9
32361,2
32370,6
32381,6
32398,3
32405,2
32424,2
32484,3
32491,9
32501,5
32581,3
32586,3
32631,6
32636,8
32668,9
32707,5
32716,7
32724,5
32754,6
32794,3
32825,2
32831,5
32872,2
32874,8
32904,9
32955,7
32985,2
33000,3
33008,2
33015,6
33019,8
33028,3
33029,3
33053,5
33092,1
33126,9
33138,5
33155,9
33161,3
33199,9
33206,5
33223,3
33235,5
33240,3
33264,6
33271,7
33289,8
33314,6
33351,3
33397,6
33409,5
33430,7
33448,5
33463,2
33479,7
33490,8
33491,3
33494,5
33517,8
33593,2
33620,2
33626,4
33629,6
33635,7
33668,8
33673,0
33683,9
33704,6
33716,2
33727,2
33748,5
33796,7
33890,8
33906,2
33918,1
33959,8
33966,3
33968,5
33987,2
34013,9
34041,5
34048,3
34059,6
34062,2
34069,7
34072,9
34118,7
34131,2
34181,2
34204,3
34229,7
34248,9
34250,2
34260,6
34278,7
34323,2
34333,3
34362,5
34371,2
34386,7
34420,9
34444,2
34448,5
34478,5
34502,0
34517,9
34518,7
34520,6
34525,3
34569,9
34613,1
34648,6
34665,9
34673,7
34685,3
34691,8
34702,7
34758,8
34778,1
34790,9
34837,7
34848,2
34867,0
34972,7
34986,8
35013,9
35046,5
35088,8
35090,2
35137,2
35162,3
35176,7
35199,7
35215,2
35218,9
35219,6
35220,2
35222,6
35223,7
35241,6
35249,3
35268,5
35277,7
35317,3
35325,9
35333,3
35337,7
35340,2
35341,9
35385,6
35431,0
35438,8
35444,9
35450,7
35476,7
35506,9
35576,8
35627,6
35687,6
35702,5
35724,9
35770,2
35961,7
35970,2
36002,6
36005,3
36016,2
36062,9
36064,2
36115,7
36140,7
36147,2
36152,7
36175,6
36199,8
36237,6
36258,7
36259,6
36274,6
36275,8
36375,2
36423,2
36508,5
36525,3
36530,7
36547,7
36678,9
36703,6
36707,3
36710,8
36717,2
36719,7
36722,5
36725,6
36755,3
36768,2
36780,0
36784,6
36798,6
36803,3
36816,8
36833,2
36851,1
36866,6
36877,4
36880,9
36885,5
36892,1
36958,2
36963,9
36980,6
36993,9
36999,5
37086,5
37091,6
37103,2
37110,1
37151,2
37175,6
37181,5
37254,6
37265,9
37266,3
37274,2
37283,9
37288,7
37314,3
37315,6
37336,6
37339,4
37364,5
37391,9
37420,7
37441,1
37456,8
37488,8
37489,2
37532,2
37534,9
37558,5
37610,2
37675,6
37705,0
37732,1
37734,2
37740,5
37750,5
37755,8
37774,8
37776,8
37777,2
37810,8
37879,9
37883,0
37895,6
37919,9
37934,9
37963,7
37990,6
38006,9
38015,7
38059,5
38085,8
38098,7
38134,5
38177,0
38195,2
38214,6
38224,7
38237,8
38239,3
38268,2
38275,2
38288,2
38293,9
38313,5
38348,6
38354,2
38361,3
38386,8
38420,8
38438,2
38456,9
38486,5
38493,9
38534,7
38538,1
38541,9
38543,0
38577,5
38616,4
38620,7
38660,0
38668,4
38678,5
38679,2
38681,6
38687,3
38698,5
38732,3
38762,5
38776,7
38815,2
38843,5
38902,5
38917,9
38921,7
38926,0
38928,1
38930,9
39004,6
39056,7
39079,2
39090,2
39127,3
39141,8
39169,1
39202,0
39212,6
39224,0
39230,5
39259,9
39273,6
39281,1
39380,5
39389,8
39391,8
39397,3
39405,5
39418,9
39421,2
39443,4
39510,2
39526,5
39533,1
39547,8
39581,0
39601,6
39621,9
39632,6
39666,5
39673,2
39698,2
39700,5
39745,5
39772,2
39808,5
39830,1
39860,2
39863,7
39870,6
39895,9
39900,3
39923,5
39998,9
40014,5
40022,8
40034,6
40047,9
40104,3
40165,7
40206,2
40216,7
40227,5
40253,5
40289,2
40300,9
40308,7
40332,6
40342,6
40369,2
40370,7
40386,7
40395,6
40407,6
40419,7
40461,2
40472,8
40478,5
40484,6
40489,5
40549,8
40588,3
40653,2
40654,5
40675,7
40687,8
40716,1
40746,0
40757,6
40773,5
40792,8
40899,2
40914,3
40920,5
40928,8
40943,9
40948,2
40957,8
40975,2
41010,3
41018,6
41054,7
41057,8
41080,2
41102,9
41130,8
41147,5
41157,6
41172,6
41175,8
41241,5
41243,5
41253,8
41303,6
41305,5
41308,6
41320,0
41330,2
41334,9
41386,1
41389,5
41392,1
41400,6
41411,3
41413,6
41422,9
41435,5
41436,3
41478,2
41502,9
41503,9
41515,3
41517,6
41528,4
41533,5
41561,6
41695,6
41710,2
41720,3
41792,9
41808,5
41829,6
41869,6
41887,5
41893,8
41920,7
41953,9
41968,3
41973,8
41974,6
41994,3
41997,2
42020,9
42022,6
42025,6
42041,3
42073,3
42075,6
42083,3
42089,6
42143,6
42221,5
42223,2
42257,3
42310,2
42319,2
42323,2
42340,6
42348,1
42381,6
42438,9
42451,7
42480,5
42529,9
42570,6
42609,5
42631,5
42641,5
42651,9
42652,5
42654,2
42663,5
42671,2
42675,2
42691,8
42692,2
42694,6
42702,1
42708,2
42747,5
42748,7
42753,5
42756,5
42762,5
42788,6
42816,4
42828,7
42844,7
42884,9
42885,2
42901,7
42983,5
42984,5
43005,7
43032,2
43040,2
43049,6
43060,8
43070,3
43089,7
43129,0
43144,5
43195,0
43198,3
43206,5
43210,9
43211,2
43272,4
43279,7
43312,2
43335,8
43341,7
43354,7
43438,3
43456,3
43509,3
43512,9
43514,2
43536,0
43547,2
43566,2
43586,6
43643,6
43649,2
43651,5
43655,6
43658,3
43661,9
43693,9
43741,8
43748,5
43751,9
43766,5
43795,6
43820,5
43856,5
43863,9
43870,9
43892,6
43898,7
43920,9
43921,8
43925,6
43927,1
43950,9
43956,7
43966,9
43976,0
43987,4
44018,5
44021,2
44022,9
44083,9
44097,9
44117,7
44118,8
44152,5
44160,7
44162,3
44164,5
44166,2
44189,6
44191,3
44238,6
44253,5
44293,5
44302,2
44309,6
44318,6
44341,5
44345,4
44364,2
44377,2
44383,5
44385,3
44393,2
44403,9
44408,3
44416,3
44427,8
44428,6
44437,8
44457,3
44502,2
44507,8
44543,3
44554,5
44558,0
44603,0
44610,7
44615,8
44639,2
44644,6
44673,5
44674,5
44689,4
44691,5
44793,5
44801,6
44807,7
44808,6
44820,5
44830,5
44904,4
44923,5
44943,7
44957,7
44978,2
44980,8
44987,5
45090,6
45101,5
45116,8
45132,5
45135,3
45136,2
45138,6
45225,6
45228,6
45259,2
45262,6
45292,5
45313,8
45332,2
45358,2
45360,5
45364,3
45365,3
45370,9
45411,7
45419,3
45476,0
45479,6
45517,3
45521,7
45522,0
45562,5
45563,3
45576,8
45583,7
45591,5
45604,5
45644,3
45671,9
45678,8
45697,7
45715,7
45775,9
45819,2
45835,7
45881,6
45907,1
45914,6
45936,4
45943,2
45992,7
46003,6
46013,6
46024,6
46042,7
46094,2
46106,7
46116,2
46120,6
46162,2
46192,0
46247,3
46260,7
46272,6
46277,2
46312,5
46318,9
46363,7
46390,6
46476,5
46480,3
46509,5
46510,2
46548,3
46551,2
46615,7
46619,2
46634,3
46635,5
46645,9
46658,8
46670,6
46678,2
46824,5
46831,9
46849,2
46860,0
46869,6
46878,5
46888,7
46895,5
46902,3
46917,0
46943,6
46965,5
46972,9
46977,2
46997,2
47009,9
47024,2
47025,6
47037,6
47057,8
47085,8
47093,8
47098,5
47115,5
47130,5
47131,2
47164,2
47206,7
47244,9
47266,7
47280,3
47282,4
47286,7
47297,8
47305,5
47311,3
47314,5
47319,5
47348,5
47383,6
47396,0
47433,5
47450,6
47451,6
47473,0
47522,2
47557,2
47559,7
47574,6
47605,3
47613,7
47643,3
47652,2
47658,2
47661,5
47683,5
47687,6
47754,2
47755,9
47761,6
47772,6
47787,2
47794,6
47798,6
47824,6
47827,6
47829,7
47846,5
47859,7
47864,6
47871,4
47883,2
47925,3
47927,4
47928,1
47940,5
47983,5
47987,9
48033,6
48036,9
48130,9
48138,8
48147,2
48192,8
48214,5
48230,5
48238,2
48246,2
48341,7
48369,5
48387,6
48388,9
48406,8
48417,2
48492,6
48494,8
48504,9
48515,7
48516,2
48533,5
48540,8
48564,5
48572,5
48576,5
48612,0
48615,5
48621,2
48624,2
48630,6
48637,5
48640,2
48671,5
48672,7
48725,3
48884,2
48898,2
48946,2
48950,5
48963,0
48971,5
48975,2
48979,7
48980,9
48997,8
49010,9
49036,6
49040,5
49046,8
49061,5
49080,3
49088,8
49089,2
49101,2
49108,3
49159,7
49207,3
49208,0
49263,0
49273,5
49343,5
49347,6
49408,2
49410,3
49418,6
49421,2
49433,3
49455,5
49470,5
49524,6
49558,5
49572,8
49591,9
49598,2
49631,5
49640,9
49653,9
49678,3
49727,2
49766,8
49778,2
49836,9
49844,9
49845,5
49882,3
49928,5
49929,2
49930,6
49951,2
49975,2
49986,7
50020,9
50035,8
50054,8
50059,6
50108,6
50123,0
50143,7
50144,9
50157,0
50168,6
50193,6
50219,1
50259,2
50278,7
50290,2
50383,5
50384,9
50387,6
50392,7
50431,3
50441,2
50467,9
50478,2
50508,2
50526,0
50533,5
50689,2
50710,9
50730,7
50738,8
50743,7
50749,0
50819,4
50842,1
50921,6
50926,5
50983,5
51000,7
51006,0
51013,8
51042,9
51063,3
51066,6
51072,5
51086,5
51091,3
51107,5
51115,6
51117,2
51123,9
51193,7
51201,3
51220,6
51236,7
51243,8
51269,6
51272,8
51278,5
51296,5
51311,6
51312,4
51338,4
51345,5
51356,2
51448,2
51485,6
51508,6
51558,7
51601,8
51614,2
51633,2
51642,2
51651,1
51659,5
51699,2
51725,8
51792,5
51795,5
51816,3
51818,0
51864,8
51890,3
51907,8
51931,2
51933,8
51958,7
51959,2
51989,5
51995,6
51996,7
52076,6
52121,5
52198,6
52206,6
52209,3
52227,3
52232,9
52263,6
52319,2
52326,5
52363,7
52379,3
52398,8
52399,5
52403,2
52408,2
52420,6
52430,8
52458,5
52483,8
52491,5
52495,2
52497,7
52500,9
52517,4
52522,4
52533,8
52540,5
52554,0
52565,3
52572,4
52576,9
52602,2
52608,5
52664,3
52685,6
52707,7
52717,5
52722,8
52723,2
52742,6
52770,9
52784,2
52795,9
52806,6
52819,1
52821,0
52922,3
52966,3
52982,2
52983,8
52986,6
52999,5
53005,6
53008,2
53032,4
53042,3
53054,5
53059,9
53077,0
53091,3
53111,6
53136,3
53159,7
53167,3
53172,5
53183,7
53236,8
53245,2
53247,9
53272,5
53329,5
53366,2
53417,8
53430,2
53456,9
53465,7
53499,6
53501,7
53504,2
53511,9
53512,2
53538,5
53565,9
53586,3
53603,6
53625,6
53626,5
53706,6
53729,9
53756,8
53772,2
53777,6
53787,1
53831,9
53838,3
53840,6
53846,3
53879,2
53886,7
53910,2
53921,2
53922,5
53928,0
53938,3
53944,7
53967,2
53971,5
54000,5
54002,5
54015,5
54021,9
54040,8
54060,3
54078,2
54107,3
54113,6
54116,4
54120,8
54126,3
54172,6
54180,8
54199,3
54237,6
54302,5
54315,2
54336,8
54351,0
54357,3
54361,5
54363,6
54370,6
54395,2
54404,0
54439,7
54456,2
54472,7
54496,6
54513,2
54524,3
54585,8
54597,0
54598,5
54659,5
54666,9
54679,9
54800,0
54806,2
54833,0
54845,3
54877,2
54883,5
54887,7
54919,8
54923,6
54978,2
55077,6
55125,9
55126,9
55154,6
55158,2
55162,6
55184,5
55189,7
55196,6
55203,2
55235,9
55256,8
55261,5
55314,6
55319,2
55351,4
55387,6
55388,5
55391,2
55404,2
55422,7
55427,4
55443,2
55463,5
55472,3
55498,5
55502,1
55531,5
55545,2
55549,4
55551,6
55569,9
55586,8
55592,3
55602,5
55618,8
55649,3
55658,4
55677,3
55691,9
55702,9
55705,3
55751,3
55765,0
55781,8
55795,5
55800,5
55808,2
55824,6
55847,9
55854,7
55863,7
55865,5
55869,3
55876,3
55903,5
55914,3
55933,2
55970,9
56032,5
56036,5
56082,8
56097,8
56104,2
56107,7
56120,2
56128,5
56130,6
56154,2
56162,6
56179,6
56185,5
56186,6
56201,9
56213,2
56249,5
56312,2
56339,5
56380,4
56390,7
56408,9
56409,8
56467,2
56478,9
56501,6
56515,3
56551,4
56554,5
56594,8
56619,6
56621,3
56623,8
56643,2
56695,5
56739,2
56747,6
56781,0
56782,5
56786,5
56789,5
56807,9
56815,7
56819,2
56830,6
56838,5
56843,5
56845,6
56859,9
56888,7
56930,9
56932,7
57004,3
57025,5
57031,8
57066,7
57131,3
57136,5
57142,2
57168,5
57211,5
57218,6
57231,5
57260,6
57265,3
57273,2
57300,3
57320,5
57327,5
57333,9
57355,8
57360,6
57366,2
57373,3
57403,5
57438,6
57445,7
57447,8
57495,3
57564,7
57581,7
57583,2
57615,2
57653,7
57669,2
57694,2
57737,8
57738,1
57753,9
57755,2
57770,6
57802,6
57809,7
57881,6
57904,2
57939,2
57971,6
57987,5
58040,5
58042,7
58044,2
58048,3
58059,9
58086,3
58151,4
58182,2
58212,4
58217,5
58219,3
58243,9
58259,6
58271,6
58315,2
58318,5
58323,2
58374,8
58378,2
58382,6
58415,6
58452,2
58503,3
58535,5
58542,9
58569,5
58578,6
58601,2
58620,3
58643,8
58660,3
58678,3
58703,9
58711,3
58714,6
58721,3
58750,7
58762,8
58765,0
58770,6
58790,5
58798,6
58853,3
58878,3
58899,7
58901,7
58912,7
58933,8
58941,7
58964,2
58983,3
59004,2
59096,5
59120,3
59122,2
59130,2
59132,6
59145,6
59147,9
59152,2
59158,3
59168,3
59177,2
59178,3
59195,3
59217,6
59224,8
59226,6
59284,6
59286,8
59304,7
59316,2
59320,6
59324,6
59360,7
59380,8
59396,2
59475,2
59492,5
59499,2
59516,7
59526,7
59540,6
59590,5
59607,2
59632,6
59633,9
59640,6
59667,2
59675,2
59718,8
59720,2
59733,7
59742,2
59757,2
59790,5
59803,8
59824,2
59834,8
59850,5
59851,7
59853,6
59867,5
59922,4
59936,8
59960,5
59966,6
59971,2
59986,6
