20,4
21,0
77,1
79,7
80,9
154,9
161,2
176,9
180,2
216,0
234,0
247,9
254,3
260,0
269,1
287,5
307,7
315,1
348,8
383,9
389,9
473,0
479,3
500,3
512,5
553,1
560,7
583,9
587,1
591,2
628,8
641,9
645,3
658,6
663,4
670,3
695,3
730,7
731,3
785,6
797,4
828,4
847,4
857,3
902,9
920,1
932,9
992,3
1008,4
1032,5
1035,3
1067,8
1078,0
1103,9
1110,4
1121,3
1122,9
1130,3
1183,2
1184,6
1187,4
1196,4
1198,4
1203,4
1215,4
1221,9
1265,5
1276,5
1291,9
1305,9
1311,5
1326,7
1346,0
1357,3
1360,9
1364,9
1380,4
1390,2
1396,9
1497,1
1539,2
1584,2
1594,3
1599,3
1614,2
1640,1
1643,9
1660,2
1696,1
1727,2
1731,6
1736,9
1739,7
1740,9
1743,9
1747,7
1751,9
1766,2
1769,0
1778,3
1781,6
1791,3
1799,3
1850,9
1882,9
1922,4
1938,3
1952,2
1984,9
1986,6
1990,6
1991,5
1998,2
2041,9
2066,0
2074,3
2089,4
2092,3
2099,9
2107,3
2114,3
2122,1
2141,9
2149,3
2173,7
2181,4
2202,1
2220,4
2221,9
2255,1
2305,2
2316,1
2328,5
2338,4
2360,4
2362,1
2376,7
2394,8
2401,5
2427,7
2434,9
2461,5
2524,3
2525,0
2543,7
2552,1
2559,9
2584,0
2587,3
2603,3
2608,4
2613,9
2732,4
2740,3
2759,7
2767,1
2770,0
2771,3
2779,9
2800,4
2821,9
2857,5
2877,2
2911,9
2941,3
2964,3
2976,2
2983,4
2997,9
2999,5
3051,3
3054,2
3056,4
3059,7
3076,9
3101,4
3108,3
3177,1
3198,0
3240,4
3257,9
3280,4
3299,8
3300,2
3323,3
3400,3
3422,3
3462,3
3471,3
3506,9
3540,1
3575,5
3589,2
3598,9
3607,2
3634,5
3639,4
3664,8
3665,8
3673,0
3674,3
3677,0
3681,5
3685,5
3692,7
3699,3
3708,4
3720,0
3724,4
3740,3
3746,9
3760,9
3766,8
3781,9
3787,9
3821,6
3847,9
3882,0
3903,4
3904,9
3913,9
3935,9
3981,2
4001,3
4010,1
4011,3
4014,1
4045,9
4053,3
4078,6
4082,0
4091,9
4124,9
4138,3
4146,4
4163,1
4174,4
4179,3
4195,4
4208,2
4221,6
4224,4
4225,1
4256,3
4271,3
4272,8
4297,4
4351,1
4406,4
4423,4
4427,2
4451,2
4562,5
4567,4
4568,9
4573,5
4618,7
4623,1
4628,3
4646,2
4650,2
4661,7
4669,8
4697,2
4747,9
4801,5
4802,4
4823,3
4874,4
4876,7
4924,1
4932,9
4952,4
5018,6
5024,9
5084,6
5085,4
5132,1
5135,2
5156,2
5157,5
5180,4
5203,0
5241,2
5261,9
5274,6
5278,4
5294,6
5301,1
5328,3
5332,3
5342,0
5344,0
5357,2
5363,5
5379,3
5396,3
5404,9
5406,4
5408,3
5412,3
5438,2
5451,6
5460,8
5488,0
5497,3
5559,9
5572,9
5580,4
5595,9
5624,2
5640,3
5641,0
5645,9
5701,9
5708,1
5714,1
5783,8
5835,4
5843,2
5851,7
5896,8
5899,4
5901,9
5927,0
5930,1
5943,9
6008,0
6010,9
6042,9
6051,9
6061,9
6073,9
6082,1
6154,4
6174,9
6177,5
6190,2
6213,3
6215,4
6238,9
6239,6
6258,4
6268,4
6284,8
6316,0
6321,8
6344,2
6349,2
6351,4
6383,9
6384,1
6428,3
6467,3
6479,9
6535,9
6599,9
6620,8
6653,4
6663,0
6699,9
6705,6
6733,4
6736,1
6738,0
6743,2
6748,1
6771,2
6794,4
6804,4
6867,5
6876,6
6884,5
6912,3
6922,9
6996,4
7008,6
7060,1
7066,0
7072,2
7090,4
7122,8
7143,0
7162,3
7207,2
7245,9
7258,9
7282,4
7299,4
7324,1
7335,9
7426,4
7433,3
7501,3
7518,9
7519,8
7580,6
7599,1
7614,2
7625,3
7636,8
7701,3
7702,9
7728,0
7745,3
7747,1
7748,1
7757,9
7765,3
7800,3
7811,9
7817,4
7838,1
7851,8
7865,5
7880,6
7888,5
7893,9
7894,0
7899,7
7921,1
7940,9
7964,5
7981,0
8014,3
8015,9
8023,5
8033,8
8077,3
8150,6
8192,3
8199,9
8200,3
8215,4
8250,0
8261,4
8308,9
8334,2
8344,4
8356,9
8409,9
8420,6
8440,9
8443,2
8552,2
8573,2
8620,9
8622,4
8634,4
8655,7
8680,8
8704,1
8708,3
8741,7
8761,8
8765,3
8771,3
8800,3
8831,2
8868,6
8883,2
8891,1
8897,0
8903,1
8931,7
8973,4
8978,2
8981,6
8997,2
9006,3
9041,9
9082,7
9095,6
9109,4
9138,5
9153,3
9176,9
9212,2
9216,4
9240,1
9252,2
9306,9
9387,5
9424,3
9430,1
9437,9
9479,2
9481,9
9483,9
9514,5
9548,7
9568,5
9596,6
9618,1
9619,6
9696,3
9704,4
9729,9
9733,0
9749,8
9800,5
9808,6
9810,9
9817,9
9873,8
9876,9
9963,0
9967,6
9971,0
9979,2
10018,4
10042,3
10057,8
10058,1
10074,3
10105,9
10109,9
10124,8
10127,2
10156,1
10166,9
10167,0
10184,9
10195,0
10236,4
10267,1
10277,5
10278,3
10305,9
10307,6
10328,3
10332,6
10362,1
10428,9
10441,5
10466,3
10480,9
10493,3
10494,4
10497,2
10508,1
10535,2
10543,5
10556,1
10560,4
10579,0
10581,1
10595,8
10606,3
10674,3
10703,5
10717,9
10724,4
10730,3
10742,5
10773,0
10799,9
10802,2
10810,9
10827,3
10870,4
10882,3
10912,4
10954,5
10955,9
10957,2
11017,2
11050,1
11105,0
11113,4
11116,0
11134,1
11154,5
11155,3
11165,4
11192,9
11203,2
11227,4
11242,2
11255,4
11300,9
11303,4
11310,5
11321,3
11330,0
11352,1
11359,5
11373,9
11380,2
11416,9
11436,2
11445,1
11464,9
11476,3
11482,8
11542,5
11547,4
11549,5
11557,9
11589,6
11633,9
11651,3
11674,5
11675,0
11676,1
11740,4
11745,9
11747,3
11748,2
11755,3
11788,3
11791,0
11809,1
11867,1
11951,3
12002,6
12009,8
12018,7
12031,7
12034,4
12111,8
12141,1
12145,1
12214,3
12218,3
12223,2
12226,1
12242,8
12243,2
12261,1
12277,9
12294,9
12297,9
12299,2
12305,9
12330,3
12370,2
12379,8
12389,9
12417,9
12429,9
12431,9
12438,4
12443,9
12458,4
12460,4
12473,8
12521,1
12559,2
12573,0
12574,5
12575,0
12593,3
12629,9
12655,9
12693,1
12700,3
12716,0
12722,1
12736,5
12766,2
12790,4
12829,5
12833,9
12854,2
12870,4
12871,2
12881,3
12932,1
12933,3
12952,1
12967,3
12971,1
12972,4
13012,9
13015,2
13072,9
13073,4
13088,9
13096,9
13124,3
13128,4
13132,4
13167,6
13173,9
13178,9
13201,1
13207,6
13209,9
13225,3
13304,9
13313,2
13337,7
13340,4
13359,9
13361,9
13374,2
13376,3
13392,1
13441,4
13446,4
13480,9
13504,1
13576,3
13579,3
13582,0
13590,1
13653,4
13666,9
13667,2
13672,9
13696,6
13706,3
13713,3
13717,9
13773,3
13824,3
13826,0
13827,3
13879,3
13893,9
13907,7
13969,3
13984,2
14028,3
14087,3
14113,2
14118,2
14125,2
14156,4
14159,6
14167,6
14185,4
14255,3
14294,9
14324,9
14326,4
14358,9
14365,9
14410,3
14411,4
14420,3
14422,2
14435,5
14446,2
14454,3
14467,3
14507,5
14533,3
14535,3
14552,3
14569,2
14603,2
14609,5
14655,3
14674,3
14701,1
14702,2
14704,3
14761,3
14763,2
14770,7
14823,3
14827,9
14841,7
14888,9
14893,8
14923,8
14924,1
14943,9
15013,2
15022,3
15040,2
15075,3
15088,6
15093,2
15121,1
15153,2
15188,6
15212,9
15253,9
15271,1
15279,2
15309,9
15322,3
15339,3
15342,3
15397,1
15398,5
15402,5
15405,4
15412,3
15430,8
15444,5
15495,2
15496,3
15578,1
15584,9
15592,9
15603,2
15605,2
15609,9
15619,0
15724,8
15728,9
15745,9
15773,3
15815,3
15819,5
15838,1
15839,6
15842,3
15848,3
15871,4
15879,8
15889,3
15913,9
15942,4
15967,1
15986,3
16001,2
16035,9
16051,4
16055,9
16058,2
16067,9
16071,3
16074,3
16080,1
16094,4
16099,7
16147,9
16158,8
16167,6
16186,7
16191,3
16193,3
16345,1
16353,5
16388,9
16422,9
16453,3
16489,3
16510,3
16526,4
16580,9
16617,9
16626,3
16634,0
16635,9
16656,1
16689,3
16719,4
16734,9
16745,5
16757,1
16763,3
16839,9
16860,8
16865,4
16876,1
16878,9
16880,8
16886,4
16907,1
16930,1
16933,6
16934,9
16942,4
16988,1
17000,3
17010,3
17019,9
17041,3
17081,9
17089,2
17100,3
17102,4
17143,7
17154,3
17157,4
17175,3
17211,9
17231,4
17247,5
17280,3
17283,9
17287,6
17300,4
17301,3
17302,8
17306,7
17311,9
17319,9
17333,3
17342,9
17352,3
17446,5
17467,3
17468,5
17473,1
17485,0
17507,2
17509,3
17519,0
17548,2
17566,2
17580,3
17592,4
17676,3
17678,4
17680,5
17687,7
17710,3
17730,4
17766,3
17769,4
17826,9
17827,9
17836,2
17839,1
17847,1
17853,3
17856,1
17861,9
17880,2
17888,1
17904,3
17909,2
17912,2
17922,4
17932,0
17954,4
17984,1
17987,0
18003,2
18022,0
18031,4
18039,3
18055,0
18064,0
18086,7
18127,7
18135,2
18148,1
18196,1
18228,9
18251,9
18268,3
18278,0
18292,6
18295,0
18328,6
18337,0
18355,9
18360,1
18375,3
18386,2
18389,1
18424,0
18426,3
18435,2
18451,1
18468,1
18473,4
18477,3
18487,4
18543,0
18558,9
18581,0
18584,3
18592,4
18609,7
18619,8
18653,9
18702,6
18718,0
18747,9
18777,9
18789,5
18820,9
18896,0
18916,9
18967,8
19009,0
19046,8
19051,1
19063,3
19064,4
19069,2
19070,1
19074,0
19093,1
19105,6
19113,9
19140,9
19147,9
19182,8
19190,9
19205,3
19212,9
19249,4
19297,1
19304,1
19348,3
19371,8
19379,7
19400,1
19405,4
19432,2
19477,9
19485,0
19494,9
19519,2
19536,3
19569,2
19575,3
19613,1
19619,9
19641,9
19687,9
19695,3
19747,9
19752,5
19772,0
19827,4
19829,3
19855,3
19882,4
19905,3
19910,9
19921,3
19955,1
19967,3
20008,4
20045,1
20054,9
20083,1
20126,9
20138,9
20146,1
20154,6
20164,9
20234,4
20235,9
20259,3
20262,4
20287,4
20300,8
20302,1
20333,9
20352,8
20366,9
20436,2
20439,3
20440,2
20456,1
20457,9
20515,2
20586,5
20587,3
20591,0
20598,5
20634,4
20650,4
20696,4
20700,9
20701,6
20709,8
20715,2
20731,0
20739,2
20780,3
20786,2
20792,9
20802,1
20839,6
20841,9
20848,1
20866,7
20908,4
20925,9
20930,2
20943,9
20967,2
20983,0
21019,1
21026,3
21061,6
21067,9
21070,1
21080,3
21149,3
21170,3
21178,1
21181,4
21238,3
21250,3
21297,9
21309,5
21336,9
21378,9
21425,2
21447,3
21462,7
21522,2
21642,4
21643,3
21655,4
21669,9
21677,5
21680,1
21682,1
21699,1
21742,2
21770,4
21788,2
21794,1
21799,5
21812,3
21853,3
21894,7
21922,4
21928,1
21940,4
21974,3
21992,4
21997,9
22027,2
22046,0
22050,9
22072,9
22086,9
22117,9
22130,5
22230,9
22283,9
22310,5
22355,4
22359,9
22427,1
22452,1
22485,9
22498,7
22503,9
22514,9
22523,9
22548,2
22574,4
22591,8
22611,2
22624,2
22648,9
22655,9
22659,1
22662,7
22670,4
22733,3
22744,0
22747,4
22811,2
22824,9
22847,1
22855,9
22863,3
22906,3
22912,0
22927,9
22961,9
22964,3
22996,3
23006,5
23023,0
23084,9
23133,1
23232,8
23236,6
23259,7
23262,9
23288,8
23327,9
23340,1
23345,7
23350,8
23377,5
23387,7
23438,5
23444,1
23459,4
23488,3
23520,2
23556,3
23564,2
23584,2
23615,4
23700,3
23749,1
23825,5
23834,4
23855,4
23864,9
23877,3
23888,3
23916,2
23918,5
23930,8
23942,2
24039,4
24041,7
24069,0
24118,2
24126,1
24144,3
24151,0
24156,9
24159,7
24163,1
24186,7
24231,3
24274,4
24286,6
24287,4
24295,4
24333,3
24350,3
24358,3
24369,3
24437,4
24464,7
24466,1
24469,3
24470,1
24519,5
24528,3
24532,3
24535,1
24542,4
24546,2
24558,8
24560,3
24591,2
24620,9
24634,1
24656,6
24746,2
24748,3
24759,9
24780,3
24792,5
24798,4
24805,2
24808,1
24810,4
24834,1
24838,1
24854,5
24863,1
24868,3
24907,7
24918,1
24924,1
25000,3
25007,3
25029,2
25041,2
25048,4
25054,1
25069,2
25083,9
25086,4
25088,2
25113,6
25124,1
25174,3
25176,4
25206,0
25212,9
25266,3
25296,3
25342,5
25344,0
25346,3
25373,3
25377,3
25378,4
25412,2
25466,5
25475,6
25494,5
25518,0
25545,8
25548,2
25554,7
25578,7
25590,3
25600,1
25627,2
25656,4
25660,4
25676,0
25682,4
25686,8
25692,8
25745,1
25746,3
25760,4
25791,4
25801,9
25809,3
25822,1
25846,4
25861,3
25872,9
25894,4
25898,1
25941,3
25988,8
26004,7
26005,9
26014,3
26042,9
26067,4
26073,0
26160,6
26165,3
26177,9
26214,9
26236,5
26246,4
26264,4
26279,1
26297,4
26310,1
26313,5
26319,4
26349,9
26365,4
26369,0
26421,1
26432,5
26445,1
26476,1
26588,4
26603,6
26625,3
26652,4
26666,8
26682,9
26693,4
26700,5
26711,3
26717,1
26724,3
26725,4
26758,4
26762,8
26764,9
26779,2
26790,4
26794,2
26808,4
26828,9
26829,7
26847,4
26860,9
26864,4
26870,9
26885,9
26907,2
26925,1
26926,5
26942,3
26959,1
27033,2
27041,4
27069,0
27071,1
27095,3
27135,3
27157,7
27164,9
27176,5
27205,1
27226,9
27246,0
27261,3
27297,1
27309,1
27336,1
27370,9
27436,0
27576,5
27600,2
27607,5
27626,9
27646,8
27679,9
27691,3
27698,9
27733,8
27736,2
27763,3
27766,9
27777,5
27780,9
27803,3
27832,4
27841,0
27845,5
27869,2
27873,9
27875,1
27876,9
27887,6
27917,3
28004,7
28013,2
28031,3
28043,4
28081,4
28088,9
28100,1
28112,2
28113,9
28166,1
28177,6
28185,2
28217,4
28240,9
28247,8
28261,5
28278,2
28288,9
28306,8
28349,1
28383,9
28385,0
28406,3
28453,2
28518,4
28540,0
28555,2
28582,9
28592,9
28598,9
28612,0
28650,1
28673,1
28677,9
28695,1
28701,2
28715,9
28756,6
28759,3
28801,2
28830,6
28939,5
28995,3
29013,3
29014,3
29129,5
29141,4
29150,5
29170,9
29173,1
29180,9
29195,9
29219,2
29223,8
29231,3
29270,3
29289,3
29294,3
29302,9
29325,7
29334,2
29336,0
29351,2
29367,4
29403,1
29411,6
29445,9
29455,6
29472,9
29473,5
29504,3
29506,3
29512,7
29513,9
29539,5
29567,1
29571,5
29596,8
29600,4
29622,6
29637,5
29646,2
29678,8
29695,0
29696,5
29752,9
29824,9
29837,2
29840,1
29855,7
29874,9
29914,4
29966,6
29968,1
30075,2
30101,0
30124,3
30129,1
30158,1
30178,6
30200,1
30217,5
30242,8
30244,1
30277,9
30288,5
30340,0
30354,3
30461,3
30495,7
30505,9
30516,8
30625,0
30706,0
30760,3
30763,4
30776,9
30778,9
30792,4
30798,7
30814,9
30824,3
30862,8
30865,2
30883,3
30910,9
30962,3
30977,9
30996,1
31051,4
31108,3
31164,4
31175,6
31178,3
31199,0
31201,3
31215,9
31218,9
31246,4
31251,4
31295,9
31299,9
31305,4
31308,8
31309,9
31317,4
31333,8
31337,9
31351,9
31359,4
31377,1
31388,2
31404,3
31463,0
31516,6
31518,0
31536,4
31562,3
31567,0
31610,3
31616,2
31631,3
31633,1
31656,8
31659,9
31664,3
31688,2
31703,3
31717,4
31722,3
31728,4
31737,9
31753,0
31780,1
31786,9
31851,8
31871,1
31883,4
31907,6
31913,3
31942,9
31958,2
31994,4
32042,3
32044,3
32047,9
32067,9
32069,4
32074,5
32080,5
32126,4
32153,1
32164,4
32189,1
32190,7
32193,3
32238,4
32287,5
32292,2
32300,8
32301,4
32314,3
32341,4
32354,5
32360,9
32361,2
32366,9
32367,1
32409,3
32413,1
32423,0
32426,8
32434,3
32450,2
32451,9
32506,5
32519,5
32523,2
32544,8
32600,5
32602,4
32615,8
32635,1
32644,3
32711,5
32715,9
32724,5
32792,2
32805,8
32819,7
32820,7
32821,9
32828,5
32831,5
32846,0
32886,1
32903,6
32909,9
32928,2
32955,7
32999,6
33025,1
33027,2
33031,4
33049,3
33067,7
33080,3
33120,2
33125,4
33128,7
33153,7
33158,2
33164,7
33228,0
33239,3
33264,6
33291,9
33371,3
33391,4
33415,4
33445,3
33452,8
33462,1
33467,1
33497,6
33500,3
33509,4
33511,5
33558,1
33561,4
33574,4
33592,9
33628,1
33694,3
33718,4
33756,9
33762,9
33769,1
33792,4
33795,3
33798,7
33828,3
33836,7
33875,3
33912,7
33921,0
33930,2
33931,9
33968,5
33976,9
33986,3
33998,1
34003,6
34014,0
34035,4
34067,4
34090,9
34093,4
34099,0
34110,7
34127,3
34180,3
34195,9
34196,9
34201,2
34221,4
34222,1
34250,2
34261,1
34275,4
34276,5
34300,9
34306,9
34310,2
34338,9
34373,1
34416,0
34433,6
34438,5
34449,4
34458,9
34470,1
34492,6
34493,1
34517,9
34556,3
34571,4
34592,9
34605,3
34629,3
34630,3
34650,2
34671,6
34676,7
34729,9
34741,6
34742,4
34750,4
34752,4
34779,8
34797,9
34828,3
34832,3
34838,9
34844,9
34883,8
34895,4
34915,6
34921,8
34922,1
34938,1
35024,9
35027,6
35038,8
35043,3
35069,1
35093,3
35149,1
35156,3
35173,3
35180,3
35186,4
35232,8
35263,4
35264,8
35290,2
35329,1
35356,2
35374,9
35425,4
35428,8
35430,1
35440,9
35449,0
35494,2
35511,3
35530,3
35585,4
35607,6
35624,4
35628,5
35629,8
35643,3
35669,1
35689,2
35694,9
35732,9
35748,4
35758,2
35805,3
35814,3
35832,2
35849,4
35850,2
35878,9
35899,7
35929,3
35941,9
35964,4
36018,3
36028,5
36054,8
36066,8
36082,3
36119,3
36132,3
36183,0
36198,0
36202,4
36209,2
36222,4
36271,1
36321,2
36328,9
36329,3
36364,4
36413,8
36418,9
36459,9
36464,9
36467,0
36480,5
36487,5
36522,2
36525,3
36596,4
36603,7
36675,4
36726,4
36779,9
36806,7
36901,2
36947,1
36957,3
36961,2
36968,1
36970,4
37012,1
37026,9
37039,8
37046,9
37048,9
37054,3
37088,9
37133,7
37167,3
37202,8
37209,3
37211,9
37227,4
37265,9
37274,2
37283,9
37346,6
37349,9
37373,3
37412,2
37424,9
37484,2
37496,4
37509,6
37519,4
37520,9
37528,4
37557,5
37575,9
37598,1
37607,1
37637,9
37647,0
37670,1
37683,4
37696,2
37729,3
37733,7
37740,5
37748,9
37769,7
37777,2
37798,2
37832,2
37846,4
37849,1
37906,9
37912,3
37932,9
37958,4
37973,6
38003,9
38059,5
38078,2
38103,0
38109,3
38112,8
38119,8
38147,4
38154,9
38160,1
38188,4
38247,9
38265,9
38268,2
38274,4
38275,2
38277,3
38307,2
38323,4
38360,5
38377,3
38445,3
38552,9
38562,9
38580,3
38592,5
38609,2
38639,7
38667,2
38686,0
38690,9
38707,1
38773,5
38779,1
38793,2
38796,6
38804,3
38845,1
38847,1
38867,3
38869,7
38926,0
38986,3
38995,9
39046,4
39063,4
39117,4
39118,2
39123,4
39185,1
39199,9
39248,4
39298,4
39302,4
39327,3
39352,1
39393,1
39414,4
39415,3
39425,9
39444,1
39486,4
39510,2
39538,9
39558,4
39588,9
39598,9
39609,8
39635,4
39661,1
39669,2
39678,3
39681,5
39701,0
39773,5
39785,1
39800,0
39819,1
39840,2
39843,1
39853,2
39861,0
39873,8
39928,3
39944,0
39959,2
39970,2
39981,3
39985,5
39997,9
40006,9
40022,8
40028,9
40047,9
40087,3
40088,5
40108,0
40109,3
40119,2
40128,9
40167,9
40174,9
40177,9
40222,7
40230,6
40247,3
40268,5
40293,9
40371,9
40385,3
40393,5
40436,7
40437,8
40450,4
40468,1
40477,9
40485,9
40520,3
40563,0
40569,2
40577,1
40596,6
40639,3
40644,1
40682,1
40685,9
40707,6
40717,6
40772,9
40799,9
40806,4
40819,1
40833,0
40876,9
40901,3
40904,3
40924,1
40940,3
40948,2
40977,9
40985,2
41007,3
41027,0
41040,9
41065,9
41074,2
41119,1
41158,0
41168,7
41199,9
41242,6
41262,6
41326,9
41342,4
41347,8
41366,2
41392,1
41397,2
41403,9
41422,9
41435,5
41436,3
41460,2
41471,3
41482,4
41493,7
41494,3
41503,9
41521,5
41543,3
41552,3
41566,5
41603,9
41622,8
41667,0
41689,3
41704,3
41706,9
41749,4
41784,1
41813,9
41815,5
41835,2
41850,3
41883,3
41894,1
41918,9
41948,9
41993,4
42017,9
42041,3
42050,2
42097,3
42116,4
42176,1
42190,6
42199,3
42203,3
42217,0
42228,9
42239,4
42263,4
42286,4
42327,2
42330,4
42355,3
42403,7
42426,9
42512,9
42540,8
42552,0
42563,2
42612,0
42636,3
42651,9
42661,8
42671,2
42694,6
42698,5
42714,6
42726,2
42735,3
42769,1
42865,0
42967,1
42971,3
43019,7
43026,4
43032,2
43071,1
43076,3
43082,7
43101,2
43107,9
43123,4
43140,3
43153,2
43155,3
43196,3
43231,4
43264,6
43272,4
43275,4
43280,3
43282,9
43370,4
43385,9
43444,1
43445,0
43487,4
43503,5
43510,5
43548,8
43611,9
43615,1
43632,2
43698,8
43734,9
43757,4
43758,3
43844,1
43873,9
43875,3
43903,9
43906,4
43916,9
43929,4
43943,3
43946,5
43975,2
43978,3
43982,9
44045,0
44048,9
44052,4
44058,3
44074,9
44079,1
44102,6
44104,9
44133,2
44185,7
44195,2
44202,8
44216,3
44227,1
44233,4
44239,7
44240,3
44242,1
44251,4
44280,3
44298,2
44328,9
44351,9
44386,4
44401,2
44411,0
44419,4
44424,2
44435,3
44454,1
44468,3
44471,0
44489,9
44504,3
44524,1
44525,2
44534,9
44539,7
44542,1
44547,9
44630,3
44682,1
44691,5
44705,1
44706,5
44725,1
44732,6
44737,7
44816,5
44841,2
44855,9
44858,5
44863,9
44900,0
44913,8
44925,6
44992,9
45010,6
45012,5
45033,4
45043,3
45048,4
45057,8
45074,9
45102,7
45108,3
45118,5
45142,9
45173,4
45228,6
45237,1
45242,9
45243,4
45285,7
45297,1
45302,1
45308,9
45321,3
45325,4
45355,9
45424,4
45447,6
45450,9
45465,9
45468,3
45515,0
45527,9
45545,3
45550,4
45579,1
45584,2
45586,3
45589,0
45602,5
45642,3
45658,3
45659,1
45663,7
45665,1
45686,6
45697,7
45747,3
45762,9
45786,3
45847,4
45858,1
45870,5
45873,9
45879,9
45979,3
45987,5
45996,1
46041,0
46051,3
46088,6
46098,3
46127,1
46128,4
46130,3
46159,1
46161,9
46170,6
46182,3
46185,1
46213,1
46241,3
46246,3
46247,3
46271,9
46277,2
46282,9
46374,4
46384,4
46391,0
46435,9
46456,4
46480,3
46535,0
46547,1
46570,3
46578,9
46602,9
46639,3
46651,9
46660,9
46693,5
46729,3
46745,4
46753,8
46845,6
46902,3
46908,3
46922,4
46923,3
46926,0
46985,9
47028,4
47043,2
47109,4
47136,8
47211,4
47217,3
47229,1
47235,2
47245,3
47246,2
47261,9
47266,7
47292,9
47299,4
47301,5
47321,2
47378,2
47390,9
47403,9
47413,4
47417,7
47493,3
47500,4
47501,1
47514,3
47523,4
47563,8
47566,4
47583,1
47627,4
47638,1
47662,9
47689,3
47730,8
47735,1
47737,5
47763,4
47780,2
47830,1
47840,6
47853,9
47859,7
47865,9
47869,1
47875,1
47878,9
47912,2
47917,0
47961,4
47993,1
48014,3
48015,4
48019,2
48030,9
48036,9
48075,8
48122,7
48135,7
48171,9
48198,4
48240,4
48249,5
48251,5
48286,4
48290,9
48295,0
48311,3
48330,9
48421,0
48431,3
48445,3
48454,1
48464,1
48508,4
48536,2
48543,1
48580,9
48582,4
48628,3
48634,9
48662,3
48678,7
48685,4
48700,3
48743,8
48748,2
48761,3
48764,4
48775,9
48782,4
48799,2
48803,9
48816,9
48819,4
48884,2
48901,3
48960,0
48965,3
48980,9
48984,4
48996,9
49019,6
49164,2
49183,3
49219,9
49226,9
49286,3
49309,4
49326,1
49384,1
49410,3
49442,9
49446,3
49451,9
49468,9
49488,1
49490,5
49520,5
49530,0
49562,9
49591,9
49606,1
49615,7
49638,3
49640,9
49645,3
49656,9
49663,9
49669,9
49713,0
49727,2
49778,2
49798,9
49809,3
49861,4
49913,3
49925,9
49929,2
49937,4
49945,9
49947,8
49972,1
49984,9
50000,3
50003,9
50006,5
50028,2
50029,9
50045,3
50088,9
50107,3
50116,8
50120,1
50125,6
50130,1
50137,7
50149,4
50153,2
50156,0
50184,3
50195,3
50200,0
50214,3
50216,4
50242,6
50284,4
50299,4
50309,9
50319,4
50321,5
50373,9
50415,6
50419,4
50429,8
50523,0
50555,8
50597,8
50649,5
50661,1
50663,9
50683,3
50689,2
50745,8
50748,2
50751,1
50761,6
50787,9
50846,4
50855,1
50879,4
50916,4
50926,5
50936,3
50947,9
50973,9
50977,2
51005,1
51031,6
51042,9
51045,0
51098,4
51149,1
51157,5
51162,7
51166,7
51181,7
51192,9
51230,3
51245,3
51248,9
51277,1
51297,9
51328,4
51345,5
51349,5
51350,4
51381,3
51407,6
51424,8
51450,8
51454,4
51470,9
51490,0
51509,1
51561,3
51572,5
51590,9
51647,9
51648,2
51673,2
51680,0
51702,2
51783,9
51796,9
51808,2
51851,3
51956,9
51999,0
52021,0
52025,2
52030,9
52123,9
52127,9
52153,2
52175,1
52209,3
52229,4
52248,1
52259,3
52266,5
52277,4
52293,4
52300,3
52310,5
52311,9
52341,9
52344,4
52376,1
52385,3
52394,3
52431,1
52462,9
52476,3
52479,3
52483,8
52505,1
52532,4
52546,9
52632,8
52663,4
52682,4
52697,3
52713,3
52766,0
52776,5
52784,2
52800,9
52872,1
52907,3
52909,4
52910,9
52936,3
52948,9
52973,4
52980,8
52984,1
53062,4
53087,1
53093,4
53104,3
53105,2
53126,9
53157,4
53207,2
53211,9
53217,9
53228,6
53249,4
53270,0
53301,1
53305,3
53332,3
53336,6
53340,2
53364,4
53371,1
53465,7
53474,3
53540,6
53548,7
53582,4
53594,1
53626,5
53630,3
53650,2
53757,3
53768,4
53776,4
53797,5
53820,4
53832,7
53841,9
53845,9
53856,4
53867,4
53868,9
53886,7
53903,3
53919,1
53940,0
53950,9
53960,3
53966,1
53976,9
53991,6
54004,0
54023,1
54026,9
54057,9
54062,3
54092,5
54111,5
54140,3
54145,2
54159,5
54166,9
54182,1
54229,0
54235,0
54258,3
54269,1
54282,5
54283,5
54307,9
54339,3
54340,1
54370,6
54422,4
54440,2
54451,9
54506,1
54533,1
54534,3
54547,6
54565,7
54568,3
54587,3
54632,7
54637,4
54752,1
54771,6
54790,2
54795,2
54797,3
54807,4
54809,1
54872,1
54878,4
54889,8
54962,9
54968,1
55005,4
55015,8
55070,2
55072,9
55102,9
55116,3
55127,1
55147,7
55159,9
55179,3
55211,8
55226,6
55245,6
55258,4
55274,6
55311,8
55334,3
55360,2
55369,9
55370,9
55408,0
55432,3
55444,7
55470,3
55496,9
55506,5
55517,7
55526,2
55529,4
55573,9
55576,0
55596,1
55620,8
55628,3
55631,0
55633,9
55643,5
55653,2
55702,9
55719,1
55730,9
55763,9
55794,5
55822,0
55835,9
55844,3
55845,3
55847,9
55866,3
55869,3
55889,9
55899,2
55921,9
55927,4
55950,2
55956,6
55958,5
55988,1
55991,0
55995,1
56008,3
56009,2
56014,5
56025,1
56044,6
56060,4
56067,3
56079,2
56084,4
56094,4
56169,1
56175,2
56197,3
56259,0
56265,3
56281,4
56284,8
56300,9
56311,4
56325,2
56334,4
56361,2
56376,4
56398,3
56403,2
56411,6
56415,0
56416,7
56433,5
56434,3
56457,3
56471,1
56479,5
56512,0
56528,3
56537,1
56539,4
56545,6
56574,3
56596,4
56610,1
56626,0
56736,6
56741,3
56764,1
56818,4
56861,9
56865,1
56877,9
56899,6
56910,1
56914,0
56922,2
56930,9
56934,3
56946,4
56964,6
56970,4
57012,6
57077,8
57135,4
57171,3
57245,2
57263,8
57280,7
57295,9
57317,1
57318,8
57320,5
57352,8
57371,4
57375,4
57406,9
57412,1
57416,2
57452,9
57461,5
57469,9
57507,0
57522,3
57549,7
57589,4
57608,3
57623,9
57624,2
57635,3
57636,9
57670,9
57681,9
57787,5
57809,7
57816,1
57819,4
57830,1
57831,2
57845,4
57874,9
57876,2
57878,2
57926,5
57933,2
58007,6
58013,9
58018,4
58032,2
58048,3
58069,9
58075,9
58076,9
58080,3
58134,5
58173,3
58174,4
58194,4
58211,4
58212,4
58215,2
58247,0
58294,9
58295,6
58297,2
58329,6
58332,9
58340,4
58366,9
58389,3
58404,6
58413,9
58423,6
58425,7
58447,1
58465,3
58474,4
58525,3
58527,3
58564,3
58577,9
58602,3
58613,4
58617,0
58628,2
58699,9
58717,9
58730,4
58757,5
58767,1
58792,9
58803,5
58812,3
58845,5
58902,4
58909,1
58917,6
58999,4
59007,2
59023,0
59042,4
59061,2
59064,5
59077,4
59080,9
59119,3
59120,3
59139,4
59142,0
59164,9
59174,9
59191,9
59214,9
59229,3
59237,6
59245,2
59252,2
59282,3
59327,2
59357,4
59375,3
59391,1
59399,8
59430,5
59440,3
59488,1
59542,8
59555,2
59556,2
59572,2
59573,9
59594,9
59605,0
59631,3
59634,9
59649,8
59651,0
59656,9
59668,9
59678,3
59683,5
59686,1
59694,1
59695,9
59697,1
59701,5
59705,1
59706,2
59727,4
59730,0
59735,3
59749,9
59765,9
59767,7
59778,3
59789,4
59804,9
59842,7
59857,9
59863,4
59881,4
59889,5
59891,3
59917,9
59918,0
59920,2
59961,3
59975,4
59980,3
59991,2
59995,8
59996,3
