12,3
68,0
93,6
106,6
108,0
119,0
147,6
155,6
170,9
176,9
177,1
236,5
250,3
336,4
391,2
406,1
440,0
477,2
480,5
487,9
504,5
509,3
517,8
544,5
599,7
627,8
630,6
631,9
677,4
708,8
728,7
749,4
770,6
823,8
829,6
831,8
869,0
902,9
903,0
915,5
928,7
943,0
995,7
1004,4
1013,8
1016,8
1023,7
1041,6
1063,8
1106,7
1111,5
1124,2
1152,0
1173,9
1230,1
1244,3
1245,5
1266,6
1269,6
1275,4
1283,5
1315,3
1317,3
1337,6
1347,7
1350,6
1371,0
1393,6
1416,7
1417,7
1442,5
1453,8
1466,6
1471,0
1474,3
1491,7
1497,1
1522,9
1531,2
1602,2
1615,5
1619,7
1635,5
1638,5
1639,7
1661,3
1671,6
1712,0
1733,9
1754,2
1760,8
1770,7
1782,6
1790,8
1792,6
1807,1
1824,5
1832,7
1841,2
1856,8
1875,9
1889,6
1890,6
1896,2
1907,0
1946,7
1952,2
1966,8
1997,5
2015,1
2026,8
2039,1
2063,8
2066,0
2088,3
2091,5
2096,6
2111,5
2123,1
2133,7
2142,7
2156,6
2204,4
2246,7
2262,6
2266,5
2286,3
2328,5
2338,4
2351,9
2356,1
2358,8
2378,8
2400,8
2414,5
2417,7
2433,7
2453,9
2479,6
2499,2
2518,2
2572,1
2580,3
2599,1
2618,7
2619,1
2636,8
2670,2
2681,8
2683,8
2721,2
2730,1
2755,5
2774,3
2819,4
2822,6
2845,8
2904,0
2913,6
2923,6
2931,3
2945,5
2946,5
2951,8
2961,3
2992,6
3019,1
3050,6
3074,4
3075,3
3110,4
3130,1
3132,1
3133,2
3183,4
3212,1
3215,3
3233,3
3248,0
3269,0
3301,5
3345,1
3356,5
3362,2
3405,7
3423,7
3430,1
3446,8
3481,9
3521,3
3563,5
3599,7
3633,7
3634,5
3638,5
3659,2
3677,0
3682,5
3683,3
3687,3
3726,6
3741,2
3759,8
3809,0
3825,8
3830,2
3849,0
3859,5
3878,1
3881,0
3883,8
3965,2
3987,9
3992,7
3993,6
4078,6
4079,6
4085,9
4134,5
4146,4
4195,4
4214,6
4242,7
4251,6
4259,5
4302,5
4303,7
4314,6
4337,6
4358,7
4377,9
4389,0
4422,7
4434,8
4453,0
4454,4
4473,4
4475,5
4499,7
4535,0
4567,4
4568,9
4597,0
4610,2
4635,6
4639,1
4739,5
4752,5
4781,4
4784,7
4789,4
4793,0
4809,7
4815,1
4843,2
4880,2
4909,8
4914,2
4922,6
5000,7
5041,3
5050,8
5085,4
5086,3
5094,2
5128,1
5138,4
5177,5
5183,8
5203,0
5211,5
5242,7
5260,6
5365,6
5389,8
5406,4
5448,7
5493,3
5528,2
5529,2
5546,7
5550,5
5554,6
5582,1
5629,6
5661,8
5696,8
5725,8
5743,8
5753,3
5761,7
5765,9
5783,8
5803,9
5846,6
5856,5
5860,9
5888,0
5905,0
5919,3
5932,0
5966,1
5974,3
5986,7
6046,7
6080,2
6084,9
6109,7
6129,8
6212,2
6239,6
6240,8
6254,1
6266,6
6269,3
6289,2
6330,0
6343,6
6363,5
6366,1
6370,5
6396,6
6411,1
6419,1
6425,2
6458,1
6481,7
6514,9
6526,6
6544,8
6563,8
6574,6
6601,3
6616,7
6644,5
6691,5
6742,6
6752,7
6777,7
6806,8
6843,7
6890,4
6910,2
6924,8
6982,6
7008,6
7010,7
7065,3
7084,1
7087,9
7093,2
7136,8
7144,5
7158,0
7163,6
7239,9
7249,5
7254,0
7255,7
7265,2
7271,0
7277,7
7314,7
7324,1
7350,4
7352,7
7379,6
7384,7
7398,6
7418,7
7437,7
7444,5
7447,9
7452,6
7456,6
7465,0
7498,5
7501,3
7523,2
7613,3
7617,8
7628,2
7668,1
7673,2
7701,3
7752,1
7754,7
7773,9
7779,4
7781,7
7799,8
7811,9
7854,4
7870,2
7871,8
7881,3
7882,0
7885,5
7890,9
7910,1
7915,3
8039,3
8073,9
8076,6
8160,1
8170,7
8172,0
8197,8
8198,7
8204,2
8214,7
8225,6
8248,7
8272,0
8377,7
8384,6
8419,5
8429,7
8449,0
8462,6
8482,8
8500,6
8504,5
8516,7
8517,7
8521,5
8552,2
8556,7
8557,3
8601,9
8610,1
8611,2
8618,8
8649,5
8660,1
8666,8
8677,4
8698,7
8707,2
8709,3
8710,3
8748,5
8809,0
8858,2
8870,6
8876,5
8929,6
8931,7
8954,7
8973,4
8983,2
9049,6
9090,6
9093,5
9112,8
9123,6
9125,8
9193,2
9208,8
9238,9
9242,2
9269,0
9334,8
9336,5
9361,8
9370,4
9371,2
9374,2
9413,3
9474,1
9488,2
9500,6
9501,8
9522,7
9533,6
9542,2
9549,7
9551,7
9567,8
9599,1
9601,8
9634,4
9640,8
9656,7
9721,2
9722,2
9730,3
9753,0
9762,8
9769,8
9770,5
9776,2
9786,3
9787,7
9798,6
9809,2
9825,9
9853,2
9889,9
9926,6
9944,8
9952,8
9955,7
9975,1
9992,7
10012,8
10077,7
10095,7
10115,8
10131,7
10132,9
10150,4
10164,6
10241,4
10242,0
10264,2
10279,2
10280,5
10295,7
10299,6
10324,7
10411,2
10413,1
10420,1
10455,1
10493,3
10519,1
10528,2
10530,0
10532,6
10541,1
10548,7
10650,6
10693,4
10842,1
10848,9
10865,3
10868,1
10936,8
10985,1
10987,5
11004,1
11005,4
11009,4
11048,6
11085,7
11103,9
11141,5
11174,6
11176,8
11203,2
11238,5
11241,8
11254,7
11255,4
11262,1
11271,2
11285,3
11311,8
11323,4
11336,6
11387,1
11419,4
11480,3
11490,6
11492,5
11510,7
11526,0
11565,3
11599,5
11612,0
11623,7
11642,7
11662,8
11674,5
11679,1
11688,9
11693,3
11698,9
11729,0
11772,2
11781,3
11789,7
11823,8
11847,9
11904,8
11906,9
11919,7
11952,6
11956,4
11959,6
11988,4
12014,8
12015,2
12056,1
12085,8
12094,3
12132,1
12178,1
12184,0
12190,8
12201,6
12254,2
12267,4
12283,6
12289,5
12298,8
12310,1
12315,9
12318,1
12335,8
12336,1
12343,4
12376,5
12377,3
12380,9
12381,5
12414,0
12446,3
12471,7
12482,8
12487,5
12522,8
12523,6
12535,9
12553,0
12563,9
12588,5
12593,3
12637,5
12643,1
12658,8
12664,1
12681,1
12725,1
12732,0
12761,3
12802,2
12811,1
12857,8
12890,8
12891,5
12936,8
12961,7
12974,8
12992,0
12993,7
13016,8
13017,8
13022,2
13030,0
13035,6
13037,8
13048,7
13131,7
13152,8
13166,7
13180,7
13190,3
13196,0
13212,3
13215,0
13223,4
13235,9
13318,6
13320,8
13326,9
13422,8
13467,0
13474,1
13482,7
13502,5
13511,6
13514,1
13524,3
13543,3
13564,4
13568,3
13627,2
13631,1
13694,2
13712,6
13730,0
13780,6
13851,9
13874,0
13899,8
13900,7
13934,8
13958,5
13986,4
14017,8
14053,7
14059,0
14067,4
14078,5
14095,7
14101,6
14126,1
14141,7
14167,6
14174,2
14195,5
14221,1
14251,5
14264,2
14278,0
14302,2
14304,8
14307,7
14323,0
14343,2
14352,3
14360,7
14412,0
14422,2
14470,7
14491,0
14543,5
14555,2
14569,2
14581,7
14595,1
14601,7
14623,5
14625,8
14626,8
14632,6
14733,8
14738,3
14755,7
14757,7
14823,3
14906,1
14915,9
14941,8
14944,0
14993,8
14997,7
15012,5
15013,2
15025,6
15036,6
15041,5
15066,5
15084,6
15088,6
15130,0
15172,7
15261,3
15273,5
15289,8
15308,1
15343,8
15352,4
15374,5
15400,4
15404,6
15415,5
15417,6
15421,5
15430,8
15447,6
15464,5
15490,7
15493,1
15499,7
15513,7
15562,9
15594,5
15604,4
15616,8
15644,9
15664,8
15665,4
15687,6
15691,8
15705,7
15706,6
15727,6
15757,8
15771,5
15779,0
15790,1
15844,9
15855,5
15863,0
15881,9
15903,1
15904,0
15926,0
16022,8
16040,8
16041,7
16056,6
16067,9
16085,0
16094,4
16102,6
16121,1
16147,9
16160,6
16161,6
16178,0
16199,7
16222,1
16249,3
16252,8
16256,9
16264,7
16336,3
16349,6
16369,7
16426,5
16433,6
16489,3
16511,5
16518,0
16550,6
16551,4
16573,5
16579,8
16582,5
16616,6
16652,4
16690,2
16733,5
16736,6
16741,8
16749,0
16779,1
16786,6
16794,2
16798,8
16828,8
16834,5
16884,9
16885,1
16896,6
16922,3
16932,1
16937,8
16941,0
17006,5
17044,7
17072,1
17098,6
17100,3
17108,0
17124,0
17140,7
17158,4
17162,8
17209,1
17284,6
17326,6
17340,7
17359,7
17390,4
17393,8
17471,3
17495,5
17498,4
17546,6
17574,3
17580,3
17600,2
17628,8
17643,3
17716,5
17722,5
17737,9
17738,0
17764,6
17840,2
17892,2
17915,5
17919,8
17925,1
17926,4
17930,0
17954,4
17987,0
17992,2
18006,7
18080,5
18110,2
18145,4
18157,5
18175,9
18197,5
18248,5
18251,9
18260,2
18268,3
18293,1
18307,3
18311,8
18319,0
18346,7
18378,8
18392,7
18400,1
18402,7
18433,8
18456,5
18463,3
18556,7
18565,1
18576,6
18577,8
18596,4
18607,4
18653,9
18657,8
18674,8
18675,3
18699,5
18702,6
18720,7
18729,7
18734,7
18745,4
18811,8
18825,7
18838,6
18881,0
18897,5
18910,7
18936,0
18945,8
18946,2
18952,8
18990,4
19004,0
19051,1
19080,0
19081,5
19103,8
19154,2
19155,6
19186,5
19191,2
19195,3
19200,3
19229,2
19246,3
19285,3
19334,7
19346,1
19347,3
19352,7
19353,5
19398,5
19432,2
19445,3
19459,0
19514,4
19535,0
19563,6
19582,8
19585,5
19603,8
19611,7
19659,5
19672,4
19692,8
19701,6
19725,8
19738,0
19740,7
19745,6
19748,9
19797,5
19811,0
19816,1
19835,8
19839,5
19867,5
19880,1
19904,7
19908,0
19927,6
19943,4
19962,3
19973,5
19977,3
19979,0
20013,6
20062,8
20078,2
20148,6
20198,8
20199,5
20222,3
20310,7
20343,6
20352,8
20365,1
20400,3
20407,0
20425,4
20466,7
20471,0
20474,1
20479,5
20499,3
20528,5
20539,8
20557,7
20564,5
20569,5
20575,5
20592,8
20625,0
20626,3
20634,4
20664,3
20693,5
20694,7
20735,9
20740,7
20844,3
20854,5
20856,7
20862,2
20882,2
20898,1
20917,2
20923,8
20930,2
20967,2
20980,7
21001,3
21025,6
21032,9
21103,6
21129,3
21133,7
21137,0
21142,0
21224,9
21261,3
21295,8
21315,8
21316,6
21326,4
21370,3
21374,4
21388,7
21418,6
21420,3
21455,5
21487,3
21548,5
21549,8
21599,6
21628,0
21640,0
21695,3
21696,6
21707,5
21713,2
21721,0
21747,0
21765,1
21808,6
21817,4
21824,7
21844,6
21847,1
21852,2
21853,3
21870,9
21900,6
21905,1
21919,5
21922,4
21924,9
21947,3
21981,9
22015,5
22016,7
22069,3
22082,7
22086,9
22094,7
22105,4
22121,6
22126,3
22130,5
22179,1
22244,5
22245,0
22248,1
22263,9
22269,2
22287,7
22294,0
22314,7
22317,0
22331,4
22340,9
22368,2
22370,1
22438,8
22497,7
22506,5
22517,5
22572,4
22594,2
22598,3
22602,4
22607,4
22662,7
22669,0
22676,4
22681,6
22685,8
22701,2
22702,6
22704,5
22738,3
22744,0
22769,2
22772,9
22773,8
22814,6
22821,5
22832,0
22833,1
22835,3
22837,8
22838,4
22864,2
22872,6
22880,7
22887,5
22906,3
22907,5
22935,5
22943,3
22953,6
22983,5
23014,4
23073,6
23085,4
23091,8
23097,1
23125,6
23131,0
23141,7
23177,2
23210,0
23225,3
23233,6
23236,6
23240,1
23332,5
23346,6
23351,0
23363,6
23386,7
23396,1
23421,6
23437,8
23473,1
23475,6
23581,3
23593,6
23629,5
23650,8
23666,7
23737,8
23780,6
23817,8
23846,2
23868,9
23871,4
23916,2
23948,8
23955,3
23964,8
23982,2
23988,0
24001,5
24005,7
24021,5
24024,0
24031,6
24045,5
24106,5
24116,2
24118,2
24132,3
24147,8
24148,0
24162,6
24185,9
24208,1
24220,6
24234,8
24236,7
24254,7
24290,2
24303,2
24309,8
24343,0
24351,7
24353,5
24375,7
24391,4
24395,6
24428,6
24429,0
24432,4
24441,6
24442,3
24446,3
24469,3
24491,2
24502,7
24512,3
24561,7
24581,6
24585,6
24624,1
24630,5
24661,0
24686,8
24687,6
24695,2
24708,5
24746,2
24763,3
24876,2
24878,7
24886,3
24887,5
24907,7
24942,9
24951,5
24995,5
25006,4
25030,6
25043,8
25086,4
25169,4
25204,6
25212,9
25252,0
25306,6
25363,7
25381,2
25471,4
25474,1
25475,6
25484,4
25492,2
25521,5
25541,6
25542,0
25546,8
25554,7
25559,6
25574,2
25577,5
25591,2
25594,7
25603,5
25623,5
25627,2
25631,3
25674,8
25689,3
25703,1
25723,5
25729,0
25766,8
25780,2
25796,8
25814,0
25860,6
25876,1
25919,0
25930,5
25941,3
25950,3
25971,4
25999,6
26006,2
26022,8
26042,9
26050,3
26054,7
26067,4
26071,6
26075,2
26077,6
26095,0
26120,2
26222,3
26245,2
26257,8
26278,9
26280,2
26281,4
26287,7
26437,5
26465,4
26467,5
26470,6
26509,2
26563,6
26580,8
26617,1
26622,6
26633,6
26645,0
26647,1
26668,7
26720,8
26723,6
26728,0
26784,0
26803,5
26826,7
26838,7
26864,4
26865,8
26886,7
26897,4
26928,3
27000,5
27002,5
27020,1
27029,8
27031,3
27033,2
27036,4
27040,4
27053,5
27059,7
27064,1
27069,0
27086,6
27100,5
27111,1
27117,5
27129,4
27185,8
27196,4
27210,8
27212,3
27229,2
27238,3
27252,2
27255,5
27267,4
27269,8
27291,5
27340,5
27379,7
27425,8
27570,3
27573,3
27606,8
27639,1
27653,6
27660,2
27675,3
27700,2
27730,9
27779,9
27781,2
27789,1
27808,7
27810,2
27818,5
27841,0
27844,2
27856,3
27907,8
27944,7
28013,2
28032,3
28067,2
28075,3
28077,2
28091,2
28115,6
28127,6
28162,6
28163,6
28175,5
28180,7
28199,3
28223,1
28225,4
28234,2
28241,8
28259,5
28283,9
28302,6
28310,4
28311,4
28325,0
28327,4
28332,5
28344,3
28347,2
28351,8
28395,5
28401,8
28417,7
28497,6
28518,4
28528,3
28533,2
28537,2
28538,9
28559,2
28572,6
28589,5
28624,7
28651,2
28666,5
28690,0
28735,3
28758,6
28832,2
28852,7
28886,5
28949,5
28951,5
28982,7
28995,3
29016,8
29068,1
29089,3
29099,7
29114,1
29124,9
29144,7
29148,0
29152,2
29186,7
29198,8
29204,5
29222,1
29226,6
29256,4
29300,3
29336,0
29373,7
29425,2
29438,0
29441,6
29455,6
29509,7
29576,8
29686,6
29730,7
29749,5
29755,0
29853,2
29891,6
29903,0
29934,0
29935,9
29954,7
29962,3
29966,6
29979,8
30022,9
30046,5
30058,0
30074,6
30079,4
30094,2
30120,2
30125,5
30145,1
30152,6
30163,0
30170,0
30172,8
30245,7
30247,8
30258,3
30267,8
30276,4
30287,4
30296,9
30309,2
30352,0
30390,5
30403,5
30407,8
30418,8
30427,1
30441,1
30482,5
30523,8
30527,8
30531,7
30536,4
30553,5
30590,4
30614,1
30615,5
30619,7
30620,9
30689,6
30723,7
30727,6
30728,7
30755,6
30760,3
30775,8
30810,2
30813,3
30831,2
30832,2
30874,8
30902,7
30917,7
30924,7
30928,5
30934,3
30945,6
30959,7
30973,7
30983,5
31040,6
31063,2
31072,9
31081,1
31093,1
31116,0
31124,8
31167,6
31175,6
31180,0
31201,3
31231,6
31237,1
31283,3
31286,1
31288,0
31291,7
31334,8
31361,0
31367,0
31395,3
31410,0
31429,2
31439,7
31452,3
31481,6
31494,1
31503,2
31522,4
31538,3
31546,2
31617,2
31641,3
31646,6
31649,5
31664,3
31678,7
31679,1
31687,5
31711,4
31750,4
31752,6
31765,8
31784,1
31828,9
31831,3
31842,9
31876,9
31907,6
31920,1
31921,5
31968,8
31976,5
31991,7
31996,7
32004,7
32023,5
32096,1
32099,7
32130,0
32159,7
32168,5
32175,8
32190,7
32216,2
32222,6
32236,7
32240,6
32246,1
32255,6
32258,5
32285,8
32315,1
32325,6
32331,9
32359,7
32378,1
32395,7
32404,8
32416,7
32427,0
32437,2
32442,4
32456,8
32459,0
32460,7
32473,8
32509,8
32528,1
32533,5
32552,9
32582,5
32588,3
32589,7
32639,8
32663,3
32700,7
32747,8
32750,5
32752,6
32755,5
32760,8
32764,3
32768,2
32801,4
32831,5
32836,2
32874,8
32885,3
32938,6
32942,6
32948,8
32954,5
32956,7
32957,7
32989,2
33047,2
33081,5
33101,8
33135,6
33136,0
33157,0
33179,8
33200,5
33203,2
33240,3
33249,9
33253,0
33254,0
33289,8
33307,7
33317,4
33397,6
33404,5
33408,7
33423,7
33435,2
33439,8
33462,1
33494,5
33505,2
33518,6
33534,0
33543,7
33622,5
33681,7
33695,2
33699,9
33727,2
33765,8
33769,1
33783,9
33791,9
33811,5
33814,6
33844,0
33851,7
33862,9
33873,7
33888,4
34030,8
34036,0
34037,0
34039,5
34050,5
34094,7
34097,0
34109,4
34111,7
34113,2
34120,3
34122,5
34127,3
34128,5
34141,1
34144,4
34145,3
34152,0
34157,2
34189,6
34197,0
34208,3
34230,7
34266,4
34267,7
34277,6
34295,6
34309,5
34311,8
34352,0
34356,0
34410,7
34413,6
34416,0
34433,6
34455,8
34473,5
34481,3
34485,7
34513,1
34518,7
34535,6
34560,7
34567,8
34577,8
34578,6
34654,6
34658,6
34673,7
34675,2
34694,9
34721,3
34741,6
34774,7
34789,2
34793,3
34803,0
34810,4
34811,5
34823,4
34827,6
34894,6
34897,6
34915,6
34945,1
35077,5
35080,9
35111,2
35130,7
35146,6
35219,6
35224,5
35233,9
35237,8
35251,8
35256,4
35276,5
35327,0
35330,9
35379,3
35391,7
35452,6
35469,7
35485,0
35566,6
35581,4
35585,4
35597,2
35604,8
35639,0
35642,1
35663,0
35669,1
35677,9
35726,6
35752,4
35767,8
35795,6
35817,6
35828,6
35842,7
35845,7
35893,9
35925,1
35971,0
35993,6
35996,9
35997,8
36000,9
36008,8
36020,8
36034,8
36067,6
36108,1
36123,2
36134,7
36136,7
36178,7
36265,1
36268,5
36280,4
36297,1
36298,3
36390,6
36397,2
36405,5
36429,8
36432,3
36440,0
36445,8
36453,5
36468,0
36472,7
36488,3
36492,8
36524,0
36570,6
36608,1
36627,8
36698,6
36729,5
36752,8
36758,7
36824,0
36847,9
36866,6
36877,4
36882,0
36927,8
36949,2
36966,6
36969,7
37005,8
37006,5
37015,2
37038,1
37056,5
37082,3
37127,9
37147,7
37153,0
37172,2
37173,6
37180,5
37213,1
37230,6
37240,8
37252,0
37261,0
37266,3
37281,8
37312,8
37320,2
37342,8
37344,8
37350,6
37365,1
37374,3
37400,9
37401,6
37422,3
37428,8
37434,8
37460,8
37478,3
37480,7
37486,2
37500,7
37507,5
37527,8
37558,5
37574,5
37589,5
37608,8
37609,5
37726,5
37730,3
37740,5
37765,3
37778,8
37790,0
37801,6
37823,5
37832,2
37838,2
37869,1
37880,2
37932,9
37942,2
37985,2
37990,6
37996,3
38017,7
38037,3
38110,0
38145,3
38155,0
38156,6
38244,7
38278,7
38288,2
38293,9
38316,4
38326,2
38330,2
38376,6
38385,4
38397,8
38424,1
38466,1
38469,2
38472,6
38486,5
38494,0
38509,2
38510,8
38513,5
38530,2
38537,7
38584,6
38628,5
38629,1
38640,6
38722,0
38744,0
38756,5
38769,1
38812,4
38822,4
38830,5
38832,8
38849,8
38850,0
38861,6
38866,8
38892,3
38923,7
38956,8
38966,4
38971,8
38978,4
39001,8
39009,7
39047,7
39050,0
39062,7
39067,6
39085,5
39086,6
39094,8
39114,5
39121,6
39178,8
39181,3
39188,6
39194,0
39253,5
39254,7
39256,2
39296,2
39340,6
39346,0
39348,7
39357,7
39374,5
39379,6
39384,3
39396,4
39432,8
39441,1
39472,9
39481,9
39484,1
39500,7
39519,8
39640,9
39644,2
39672,7
39688,2
39693,8
39697,6
39727,6
39760,7
39793,8
39811,0
39813,7
39815,6
39876,8
39882,8
39910,5
39927,9
39935,0
39960,0
39973,9
40002,0
40011,8
40039,0
40081,4
40125,5
40176,6
40218,0
40253,5
40277,0
40282,6
40305,3
40319,1
40373,1
40422,5
40425,2
40443,1
40478,5
40481,3
40505,7
40521,0
40527,6
40536,2
40540,3
40541,6
40573,4
40619,3
40633,0
40643,7
40654,5
40657,4
40659,5
40663,7
40694,1
40735,1
40775,6
40783,7
40791,7
40807,7
40809,9
40817,0
40847,2
40888,0
40901,3
40932,3
40962,3
40988,2
41027,0
41045,5
41054,7
41058,9
41095,7
41109,4
41113,7
41115,8
41131,7
41180,8
41188,6
41192,4
41193,1
41244,7
41261,6
41286,0
41301,2
41327,8
41394,8
41424,1
41428,3
41435,5
41497,9
41500,6
41533,5
41535,7
41551,7
41564,8
41572,6
41577,6
41602,5
41610,5
41622,8
41638,1
41668,2
41670,5
41683,0
41699,8
41723,1
41749,4
41757,6
41758,8
41802,2
41842,6
41863,3
41948,9
42001,2
42007,6
42013,9
42021,6
42023,7
42029,8
42049,5
42066,6
42075,6
42095,2
42150,3
42155,8
42156,1
42199,3
42249,4
42251,3
42266,8
42283,7
42305,6
42323,2
42348,1
42350,6
42367,9
42368,7
42420,6
42428,5
42452,6
42470,8
42490,6
42491,2
42528,7
42561,1
42563,2
42565,3
42598,2
42607,4
42653,4
42657,1
42662,8
42663,5
42679,8
42684,4
42688,8
42694,6
42702,1
42706,8
42714,6
42722,7
42725,7
42759,0
42810,2
42829,6
42862,0
42897,7
42905,6
42955,5
42998,8
43011,0
43021,5
43049,6
43058,9
43119,4
43124,2
43144,5
43226,8
43254,2
43255,3
43269,1
43279,7
43281,6
43282,9
43287,3
43312,2
43328,5
43336,1
43369,1
43378,7
43390,7
43393,3
43394,2
43401,7
43409,5
43411,1
43466,3
43476,3
43527,0
43532,8
43557,3
43584,7
43591,5
43592,6
43640,6
43666,3
43685,0
43719,7
43723,7
43750,9
43772,5
43822,6
43834,0
43863,9
43881,4
43882,5
43884,0
43897,1
43944,8
43954,4
43963,0
43977,6
43978,3
43985,5
44068,4
44106,5
44114,6
44119,6
44169,7
44195,2
44200,8
44212,7
44217,6
44240,3
44255,6
44262,5
44284,4
44307,5
44322,7
44342,4
44358,6
44377,2
44418,1
44424,2
44434,7
44439,3
44470,7
44506,5
44514,8
44527,8
44535,4
44559,9
44574,7
44579,8
44597,8
44618,9
44626,7
44634,5
44655,6
44717,7
44722,6
44737,7
44742,6
44768,0
44772,7
44796,0
44807,7
44808,6
44841,2
44848,3
44886,1
44916,5
44935,1
44936,9
44938,5
44939,5
44942,4
44954,7
44972,7
44973,9
44974,8
44978,2
45047,2
45051,1
45136,2
45176,9
45186,1
45194,8
45199,8
45211,5
45269,6
45282,5
45291,6
45303,0
45335,6
45425,6
45443,5
45447,6
45453,2
45468,3
45470,5
45475,0
45494,0
45506,6
45510,6
45518,7
45525,9
45534,5
45550,4
45559,1
45627,1
45637,7
45640,6
45643,6
45670,4
45682,0
45686,6
45703,1
45711,5
45722,0
45726,5
45746,8
45757,6
45805,6
45806,7
45808,5
45824,9
45827,4
45830,0
45881,6
45919,5
45948,8
45957,2
45992,7
46005,3
46042,7
46044,2
46051,3
46062,3
46073,5
46081,7
46106,7
46152,5
46200,8
46239,2
46249,7
46258,8
46298,9
46320,8
46330,8
46372,1
46386,2
46393,6
46434,1
46459,0
46462,7
46475,8
46506,3
46524,6
46530,4
46535,0
46554,5
46584,8
46585,2
46595,3
46598,1
46625,0
46649,8
46664,1
46686,7
46724,7
46746,0
46761,4
46799,7
46808,5
46844,6
46853,3
46855,1
46895,5
46911,3
46919,1
46922,4
46932,3
46941,5
46982,8
46985,9
46996,5
47073,0
47077,5
47082,9
47095,3
47099,8
47113,2
47185,9
47204,5
47215,4
47241,0
47247,0
47250,5
47296,5
47343,6
47356,3
47419,0
47432,6
47433,5
47436,6
47440,1
47446,1
47471,5
47498,8
47509,6
47523,4
47524,6
47532,4
47550,8
47554,5
47582,8
47597,8
47603,2
47611,6
47631,6
47638,1
47641,5
47655,3
47702,1
47714,0
47757,5
47771,4
47787,2
47800,7
47822,0
47831,8
47833,9
47849,7
47858,5
47893,7
47916,6
47932,6
47944,5
47956,2
48002,8
48033,6
48054,6
48073,7
48083,6
48095,7
48115,8
48118,2
48139,3
48171,9
48173,0
48219,6
48233,3
48241,7
48270,2
48296,8
48347,9
48357,4
48372,8
48411,1
48423,2
48455,8
48505,6
48506,2
48530,9
48535,4
48568,6
48571,8
48589,9
48593,7
48630,6
48642,3
48669,4
48687,5
48689,6
48716,0
48758,9
48791,0
48812,5
48896,1
48933,2
48957,4
48994,6
49011,0
49054,3
49080,3
49083,6
49100,5
49126,8
49236,5
49241,5
49266,8
49270,5
49295,8
49353,6
49393,5
49415,7
49449,6
49460,5
49465,8
49466,9
49468,9
49486,2
49490,5
49523,7
49525,8
49548,8
49550,6
49578,8
49604,5
49609,4
49632,5
49638,3
49656,9
49680,1
49737,0
49746,3
49766,8
49769,6
49802,6
49810,3
49828,6
49840,1
49851,8
49876,1
49890,5
49921,7
49925,9
49978,7
50009,4
50045,3
50086,6
50135,6
50157,0
50159,6
50178,8
50224,7
50226,9
50234,7
50260,3
50282,4
50288,3
50319,4
50322,5
50337,3
50392,7
50394,8
50407,0
50452,2
50505,8
50534,0
50540,5
50548,8
50593,9
50602,5
50609,4
50620,7
50621,1
50635,6
50675,5
50707,8
50744,2
50750,0
50763,7
50772,1
50780,6
50792,7
50803,3
50819,4
50951,1
50981,4
51002,0
51008,8
51015,1
51034,7
51037,2
51050,5
51096,6
51097,5
51115,6
51125,4
51134,8
51144,5
51146,4
51157,5
51170,4
51173,3
51185,9
51190,1
51223,8
51273,2
51307,8
51310,6
51318,9
51340,2
51357,2
51384,7
51394,8
51400,6
51405,5
51416,5
51438,6
51450,8
51489,7
51490,0
51491,0
51522,3
51555,3
51583,7
51586,7
51589,2
51626,5
51627,0
51638,0
51706,3
51748,2
51784,1
51805,6
51846,8
51876,1
51898,2
52029,6
52054,6
52091,8
52109,2
52112,4
52113,7
52169,2
52192,5
52215,6
52224,2
52238,0
52250,8
52251,2
52287,3
52303,8
52321,7
52345,2
52352,8
52357,9
52381,1
52396,0
52404,3
52413,2
52453,2
52466,7
52468,8
52491,5
52493,8
52495,2
52522,4
52544,6
52608,5
52610,5
52626,6
52650,5
52667,6
52704,4
52705,7
52709,9
52715,1
52757,2
52796,2
52830,8
52839,2
52873,4
52879,7
52880,6
52881,8
52890,8
52924,3
52930,0
52946,6
52952,7
52962,5
52963,1
52974,3
52993,0
53028,8
53042,3
53046,5
53054,5
53057,6
53069,5
53094,7
53097,7
53109,4
53116,0
53121,2
53150,8
53168,1
53170,8
53179,6
53181,8
53185,0
53186,8
53199,1
53213,7
53289,6
53305,3
53310,1
53384,4
53390,2
53394,1
53406,6
53413,5
53478,7
53483,7
53555,6
53644,2
53646,6
53655,4
53717,6
53747,0
53765,8
53771,7
53781,7
53793,6
53833,1
53855,7
53858,7
53872,8
53894,0
53900,6
53927,5
53940,0
53997,8
54030,8
54035,7
54090,2
54107,3
54149,4
54189,5
54198,8
54200,6
54249,3
54272,0
54287,7
54330,2
54348,6
54349,0
54350,2
54368,0
54370,6
54392,0
54420,6
54448,2
54513,2
54517,9
54580,1
54596,8
54604,5
54640,5
54693,1
54739,3
54750,5
54796,2
54821,8
54834,2
54881,4
54896,8
54898,3
54913,5
54938,5
54959,6
55002,8
55005,4
55007,9
55015,8
55032,2
55044,2
55055,5
55067,1
55076,5
55078,7
55112,6
55117,7
55185,6
55220,2
55233,5
55238,7
55241,8
55260,5
55283,3
55321,3
55329,7
55337,4
55344,7
55360,2
55379,6
55382,6
55390,6
55410,0
55426,7
55479,0
55502,1
55511,4
55514,7
55619,8
55626,6
55629,2
55631,0
55715,3
55722,5
55728,5
55735,7
55776,4
55781,8
55860,4
55887,7
55889,9
55909,5
55916,7
55920,1
55932,3
55933,2
55935,2
55982,2
56004,8
56018,9
56028,7
56040,2
56066,7
56094,4
56148,6
56182,6
56243,2
56256,0
56267,4
56274,7
56309,5
56317,9
56318,0
56371,5
56387,8
56427,2
56463,6
56496,4
56511,1
56522,0
56537,1
56586,5
56591,7
56595,4
56612,2
56636,8
56640,7
56652,7
56681,9
56691,2
56705,4
56721,3
56729,7
56734,1
56735,0
56769,7
56798,7
56823,3
56828,7
56844,7
56863,6
56870,1
56880,7
56886,4
56887,8
56912,1
56913,8
56967,5
56976,8
56978,8
56982,5
56995,3
57009,3
57038,8
57088,5
57095,1
57104,2
57115,0
57126,4
57194,3
57256,5
57309,9
57361,4
57397,0
57466,4
57487,9
57494,0
57503,2
57507,0
57536,0
57543,0
57624,2
57636,9
57676,7
57690,4
57691,6
57707,0
57715,1
57777,6
57817,3
57843,0
57848,5
57851,7
57858,7
57890,2
57897,3
57930,2
57934,4
57935,6
57955,8
58027,6
58044,2
58061,7
58085,5
58089,3
58098,2
58131,8
58137,2
58144,3
58178,8
58219,3
58268,3
58279,4
58281,6
58290,5
58304,6
58359,5
58371,8
58414,5
58423,6
58428,5
58450,7
58459,1
58465,3
58477,5
58521,0
58540,5
58547,5
58574,7
58592,6
58624,7
58626,6
58632,5
58704,2
58731,5
58732,6
58757,5
58765,0
58777,8
58781,6
58787,8
58790,5
58811,2
58826,7
58829,0
58844,7
58860,8
58877,5
58888,8
58923,2
58929,2
58957,5
58960,8
58981,7
59011,2
59026,4
59043,0
59050,9
59064,5
59073,6
59076,2
59098,6
59103,0
59140,7
59163,8
59179,4
59208,6
59219,4
59241,0
59242,3
59261,4
59283,4
59293,7
59305,5
59378,6
59381,9
59384,5
59402,8
59490,3
59508,6
59510,0
59526,7
59547,0
59552,7
59563,5
59585,0
59654,5
59678,3
59687,6
59697,1
59720,2
59724,7
59764,8
59776,9
59872,1
59877,6
59904,3
59919,1
59926,8
59941,4
59981,6
59986,6
59996,3
