130,3
157,3
161,2
193,7
376,5
437,5
645,3
677,4
687,9
736,8
890,3
904,7
950,7
1034,2
1097,3
1104,5
1139,6
1151,3
1160,4
1210,5
1537,4
1685,4
1765,4
1824,5
2125,2
2241,3
2283,2
2286,3
2332,2
2364,9
2377,2
2397,6
2512,7
2541,3
2614,6
2618,7
2683,8
2692,1
2740,3
2771,3
2786,3
2809,4
2837,6
2855,2
2859,4
2893,4
2962,4
2974,0
3023,2
3025,5
3171,3
3216,5
3264,3
3378,5
3525,5
3616,8
3652,4
3823,7
3877,4
3937,0
3969,3
4011,3
4073,3
4171,5
4299,5
4359,3
4449,3
4500,0
4525,8
4622,5
4649,2
4678,9
4723,5
4777,2
4795,3
4797,8
4984,7
5007,0
5088,3
5118,4
5143,3
5227,2
5332,3
5410,4
5497,3
5508,2
5526,5
5528,2
6009,4
6053,7
6085,6
6159,6
6258,4
6348,2
6450,3
6539,3
6557,5
6569,5
6600,7
6621,4
6624,2
6645,0
6647,1
6659,8
6756,7
6809,3
6815,2
6836,5
6864,1
6908,7
6937,2
6965,7
7024,5
7045,4
7051,8
7151,8
7196,2
7206,6
7244,5
7282,4
7313,2
7387,3
7389,6
7467,2
7535,5
7644,7
7663,7
7703,4
7725,4
7731,7
7787,2
7803,3
7824,8
7870,2
8241,3
8246,3
8278,4
8306,8
8398,6
8502,7
8555,9
8584,8
8648,1
8959,7
9036,2
9111,5
9166,0
9278,3
9497,6
9639,3
9669,7
9681,7
9690,5
9706,3
9712,2
9754,9
9824,5
9930,1
10030,5
10066,8
10072,2
10090,2
10093,3
10106,2
10138,2
10175,4
10192,5
10241,4
10366,0
10575,8
10577,9
10580,1
10607,4
10643,4
10647,3
10712,1
10715,7
10737,4
10890,7
11007,7
11039,3
11055,5
11138,3
11193,2
11302,8
11393,5
11455,7
11503,2
11507,5
11513,3
11569,5
11570,3
11622,1
11651,3
11670,4
11730,6
11748,2
11783,4
11824,4
11889,5
11936,5
12211,3
12233,7
12451,3
12463,3
12569,5
12592,3
12674,9
12682,2
12718,2
12757,7
12815,2
12824,1
12851,6
12906,2
12917,5
13087,6
13225,3
13227,1
13269,9
13328,5
13336,5
13385,4
13440,8
13568,3
13634,4
13689,1
13734,0
13804,2
13943,4
13968,4
13993,3
14023,2
14081,2
14096,5
14125,2
14175,4
14255,3
14333,3
14366,1
14490,2
14573,7
14587,4
14600,7
14863,3
14915,9
15144,5
15155,5
15217,2
15302,9
15332,3
15362,5
15392,1
15406,8
15453,3
15514,4
15583,0
15585,2
15615,4
15660,2
15745,9
15760,3
15794,5
15841,4
15867,2
15891,4
15925,2
15929,1
16029,3
16077,6
16111,3
16157,5
16263,8
16284,8
16291,3
16387,4
16421,9
16593,4
16617,9
16627,2
16681,9
16714,1
16730,8
16830,6
16851,4
17030,1
17038,3
17107,9
17180,1
17187,0
17196,8
17197,8
17253,3
17291,8
17406,4
17442,3
17446,5
17680,5
17774,4
17777,3
17812,1
17891,4
17973,2
18047,8
18083,5
18101,4
18121,4
18232,0
18252,3
18374,9
18476,5
18483,4
18511,5
18571,4
18573,5
18623,8
18634,2
18842,9
18927,2
18928,9
19032,4
19089,5
19170,5
19195,3
19205,3
19233,4
19282,1
19294,4
19342,3
19408,6
19479,7
19764,2
19804,1
19820,5
19920,5
19957,4
20287,4
20350,8
20479,5
20490,4
20527,4
20530,5
20614,8
20721,2
20732,8
20753,8
20784,5
20824,1
21000,7
21018,3
21073,2
21111,7
21250,3
21254,2
21258,7
21285,3
21322,7
21396,7
21461,4
21657,9
21663,8
21688,8
22027,2
22068,6
22100,2
22144,0
22203,2
22251,3
22311,4
22386,2
22493,3
22581,5
22607,4
22609,6
22631,3
22650,5
22746,5
22971,7
23011,5
23221,3
23229,2
23235,5
23236,6
23284,6
23442,7
23626,6
23663,3
23787,7
23951,7
23961,2
23966,8
24018,4
24047,4
24297,8
24373,3
24381,2
24482,9
24592,6
24643,9
24664,8
24745,4
24778,5
24812,5
25001,4
25127,3
25146,8
25177,5
25245,3
25279,4
25301,8
25588,5
25590,3
25628,1
25649,7
25676,0
25728,3
25809,3
25840,5
25896,3
25903,4
25918,1
25955,3
26018,5
26099,1
26131,5
26194,3
26201,2
26233,9
26407,5
26474,8
26519,8
26567,4
26570,5
26572,5
26584,6
26676,5
26743,8
26831,3
26996,8
27052,2
27157,7
27162,2
27261,3
27337,5
27519,9
27540,3
27702,6
27719,2
27726,3
27742,5
27765,4
27866,3
27939,4
27975,5
28141,5
28147,8
28173,4
28281,6
28485,3
28633,3
28676,9
28796,3
28892,8
28929,2
28999,8
29059,2
29095,8
29146,3
29253,5
29301,9
29492,9
29629,8
29705,5
29788,4
29792,4
29930,2
29936,3
29954,7
29987,6
30081,5
30084,3
30086,5
30173,8
30197,5
30327,4
30423,3
30558,7
30593,4
30786,7
30798,7
30855,6
30900,5
30914,8
30984,3
31030,8
31068,2
31070,2
31102,4
31108,3
31124,8
31141,9
31160,7
31161,9
31221,2
31223,4
31281,2
31290,5
31338,2
31340,4
31438,4
31454,2
31456,9
31559,3
31604,0
31724,3
31768,5
31788,3
31935,2
31976,5
32057,2
32068,9
32106,3
32110,8
32197,7
32374,9
32426,8
32512,4
32613,7
32628,4
32639,8
32678,2
32714,9
32720,5
32753,3
32871,1
32882,9
33120,2
33131,7
33181,8
33261,2
33316,3
33317,4
33359,4
33386,8
33400,3
33432,3
33702,4
33708,4
33714,4
33894,4
33954,5
34006,3
34046,6
34048,3
34082,5
34136,2
34325,5
34487,7
34531,1
34554,8
34578,6
34611,4
34625,1
34720,5
34724,2
34728,3
34805,3
34852,1
34944,2
34971,4
35008,1
35015,3
35031,2
35033,6
35106,2
35112,2
35141,4
35153,2
35168,1
35214,5
35231,3
35234,4
35274,5
35361,7
35448,1
35528,3
35582,3
35652,2
35656,4
35689,2
35862,1
36037,1
36070,6
36132,3
36137,8
36191,4
36322,4
36346,4
36509,1
36572,3
36573,2
36622,8
36709,3
36745,8
36825,8
36879,2
36904,2
36907,4
36914,2
36941,4
36948,0
36996,6
37065,3
37203,7
37216,5
37251,4
37334,6
37341,5
37356,6
37370,6
37374,3
37436,8
37582,5
37747,4
37772,9
37830,5
37848,3
37904,2
37930,7
37942,2
37987,7
38011,4
38052,4
38074,8
38079,4
38084,6
38167,3
38195,2
38213,7
38393,6
38661,6
38697,1
38711,7
38791,8
38891,4
38937,2
39097,2
39161,2
39218,4
39272,4
39317,3
39355,8
39414,4
39419,8
39444,1
39469,3
39530,8
39536,4
39575,8
39591,3
39671,5
39703,4
39756,8
39779,8
39804,3
39845,7
39872,8
39884,3
40052,1
40182,5
40326,5
40410,8
40415,7
40452,3
40567,5
40575,3
40705,2
40774,7
40818,3
40830,3
40862,6
40863,2
40959,5
41068,4
41189,2
41197,2
41208,5
41235,8
41340,2
41407,3
41530,7
41607,1
41713,0
41757,6
41887,5
41918,9
41951,5
42040,1
42058,1
42068,2
42128,4
42142,2
42243,1
42407,5
42648,7
42660,5
42675,2
42885,2
42951,3
43073,4
43133,2
43168,7
43244,5
43245,5
43322,8
43348,6
43382,7
43492,3
43537,3
43573,3
43629,8
43669,7
43688,4
43694,6
43756,4
43865,3
43882,5
43909,8
44011,6
44112,3
44126,1
44249,3
44329,5
44349,3
44368,1
44490,2
44532,8
44580,3
44672,2
44684,3
44727,2
44848,3
44874,8
44903,3
44961,8
44969,3
44993,2
45046,3
45091,5
45158,2
45166,5
45224,6
45239,3
45319,2
45370,9
45660,8
45719,9
45727,3
45831,8
45876,4
45912,4
45924,5
45972,2
45976,8
46019,5
46094,2
46115,2
46127,1
46211,3
46240,1
46263,9
46403,3
46463,2
46506,3
46639,3
46732,6
46742,9
46803,3
46834,3
46952,0
46993,4
47033,4
47059,3
47064,6
47095,3
47154,8
47155,2
47281,5
47348,5
47594,3
47623,2
47724,3
47743,2
47996,4
48079,1
48139,3
48208,7
48360,3
48466,4
48573,1
48585,7
48642,3
48814,5
48822,2
48877,2
48892,4
48935,3
48967,8
49067,2
49217,8
49222,3
49255,6
49288,3
49324,3
49417,4
49618,8
49672,5
49717,1
49728,5
49754,4
49790,2
49806,7
49881,4
49884,1
49992,5
50003,9
50164,4
50166,5
50196,2
50288,3
50299,4
50377,4
50419,4
50478,2
50502,4
50679,3
50760,7
50772,1
50824,3
50889,4
50901,2
51004,7
51102,7
51134,8
51157,5
51170,4
51245,3
51401,3
51419,2
51482,4
51498,5
51572,5
51575,2
51624,6
51633,2
51676,6
51768,3
51931,2
51973,5
52069,6
52103,4
52154,0
52182,0
52265,6
52274,4
52291,1
52319,2
52335,2
52375,3
52418,1
52505,1
52582,2
52633,7
52665,5
52773,3
52808,8
52841,2
52917,3
53054,5
53056,2
53153,6
53248,8
53292,5
53300,4
53334,7
53453,3
53552,5
53649,4
53653,8
53679,7
53713,4
53822,5
53920,5
54018,6
54077,3
54174,3
54217,8
54240,2
54256,7
54278,7
54366,5
54480,2
54511,2
54516,3
54680,2
54695,7
54722,3
54790,2
54795,2
55060,5
55083,1
55145,8
55214,1
55294,4
55309,7
55326,2
55379,6
55403,5
55477,9
55636,9
55699,7
55715,3
55724,7
55729,5
55736,4
55891,4
55899,2
55937,3
55984,6
56001,8
56002,5
56055,2
56072,4
56099,1
56104,2
56164,3
56180,8
56283,1
56391,3
56403,2
56449,3
56467,2
56534,7
56581,3
56617,8
56643,2
56817,3
56848,2
56878,6
56970,4
57077,8
57116,8
57142,2
57249,4
57292,7
57471,0
57658,2
57671,5
57698,3
57768,5
57787,5
57816,1
57862,4
57864,3
57871,2
57909,3
57938,4
57952,3
57993,8
58032,2
58057,4
58071,2
58126,2
58164,4
58279,4
58305,8
58323,2
58414,5
58547,5
58571,7
58667,3
58822,3
58847,4
58867,4
58869,6
58870,5
58903,1
58931,3
59020,4
59157,2
59202,3
59228,3
59346,5
59440,3
59520,7
59748,9
59796,1
59832,1
59871,7
59886,3
