24,1
115,4
127,4
166,4
314,4
384,7
414,4
527,0
546,3
581,3
595,9
609,1
644,7
792,8
834,4
927,0
949,0
971,7
973,6
1031,1
1037,4
1042,7
1116,9
1119,3
1166,7
1180,4
1192,1
1275,4
1347,7
1531,2
1588,3
1689,3
1751,9
1906,6
1909,1
1914,8
2015,1
2088,3
2125,2
2128,3
2139,8
2220,4
2373,0
2386,7
2398,9
2466,4
2489,3
2612,7
2624,0
2685,8
2758,5
2776,1
2797,9
2809,4
2873,0
2881,7
2917,3
2918,1
2956,9
3111,1
3116,7
3139,6
3199,2
3209,7
3613,5
3620,7
3653,9
3658,8
3675,1
3751,7
3775,8
3796,9
3800,1
3804,7
3836,2
3840,7
3845,8
3877,4
3882,0
3894,7
3916,7
4081,7
4122,9
4207,7
4273,7
4328,3
4370,8
4384,8
4481,8
4490,3
4559,7
4570,3
4610,2
4613,4
4757,4
4766,1
4822,4
4848,8
4853,8
4855,0
4918,0
4952,4
5032,4
5042,8
5059,7
5101,4
5124,4
5299,8
5410,4
5428,1
5532,9
5565,7
5634,6
5669,9
5674,0
5714,1
5851,7
5872,5
5897,7
5905,0
5915,1
5919,3
6088,7
6124,2
6137,0
6152,8
6206,1
6275,8
6287,7
6293,3
6323,4
6395,1
6507,7
6508,8
6532,4
6603,0
6839,2
6847,0
6879,4
6920,3
6949,4
6964,9
6981,5
7143,0
7169,1
7248,4
7251,9
7254,0
7403,7
7669,0
7679,7
7757,9
7808,7
7818,2
7858,0
7904,9
7947,9
8090,7
8146,6
8148,8
8168,7
8308,9
8340,8
8463,7
8468,9
8585,9
8653,0
8840,4
8949,7
8955,8
8987,1
9103,1
9390,9
9478,0
9479,2
9544,0
9585,4
9712,2
9716,7
9914,0
10005,0
10045,0
10080,0
10153,4
10178,7
10233,8
10240,0
10387,9
10389,3
10427,7
10643,4
10653,5
10769,7
10863,1
10914,0
10920,2
10949,2
11040,4
11093,1
11112,1
11148,4
11186,9
11299,2
11392,3
11451,0
11463,4
11468,4
11561,1
11627,4
11751,8
11756,3
11815,4
11854,7
11961,2
12075,4
12123,7
12125,4
12150,0
12171,9
12263,2
12321,0
12337,0
12410,6
12486,1
12546,3
12565,8
12703,0
12819,7
13075,0
13077,0
13165,5
13407,8
13446,4
13520,4
13609,0
13660,3
13737,6
13776,7
13782,1
13810,7
14022,7
14033,7
14191,8
14232,6
14359,1
14397,4
14402,0
14493,9
14501,4
14521,1
14551,2
14555,2
14560,1
14761,3
14845,8
14911,7
14971,0
15037,7
15042,0
15087,7
15159,6
15235,9
15356,1
15424,8
15458,8
15473,1
15543,4
15561,1
15647,3
15891,4
15911,8
15928,0
15945,3
15954,7
16111,3
16136,0
16162,7
16254,1
16306,0
16350,9
16358,5
16537,7
16546,1
16611,8
16685,4
16719,4
16724,8
16800,7
16817,0
16852,7
16893,8
16941,0
16970,7
17068,7
17362,8
17406,4
17474,4
17492,4
17528,6
17613,4
17632,3
17735,7
17758,9
17792,9
17908,3
17913,4
17961,7
18136,4
18145,4
18164,2
18326,5
18333,7
18358,7
18385,4
18407,1
18415,9
18447,6
18449,7
18512,4
18609,7
18621,7
18638,4
18641,0
18666,9
18809,7
18818,7
18836,0
18986,3
19032,4
19066,6
19069,2
19234,3
19241,0
19320,9
19379,7
19416,7
19450,2
19539,9
19606,2
19637,4
19639,1
19664,0
19716,8
19749,1
19756,8
19886,2
20095,0
20144,4
20178,1
20260,7
20334,0
20458,3
20692,9
20729,7
20742,2
20794,4
20797,3
20843,0
20851,4
20868,3
20926,3
20947,0
20964,9
20980,7
20989,3
21015,9
21123,7
21138,9
21143,1
21190,8
21262,4
21271,0
21313,7
21418,6
21516,9
21544,2
21547,7
21683,2
21699,1
21714,3
21861,3
21871,7
22016,7
22050,9
22250,7
22272,5
22317,0
22322,3
22438,8
22443,3
22484,8
22585,8
22607,4
22608,7
22707,0
22903,3
22993,7
23060,0
23197,4
23269,4
23381,7
23426,8
23445,7
23570,7
23595,4
23605,8
23648,4
23705,2
23710,9
23718,2
23773,0
23786,0
23919,9
23974,4
23998,9
24070,1
24073,8
24091,6
24215,2
24239,7
24302,4
24354,3
24482,9
24564,1
24583,7
24709,7
24752,2
24770,3
24797,7
24998,9
25043,8
25053,4
25105,2
25132,8
25247,9
25257,3
25316,6
25351,6
25355,7
25387,8
25392,7
25477,8
25486,8
25661,8
25774,1
25803,0
25953,0
26029,1
26142,1
26172,4
26514,1
26992,4
27098,7
27185,8
27213,4
27437,4
27547,0
27597,7
27736,2
27746,1
27815,9
27823,7
27829,0
27857,4
27875,1
27884,9
27895,1
27918,8
27976,7
28068,2
28128,4
28145,7
28231,5
28311,4
28362,7
28403,0
28424,9
28428,0
28547,9
28562,7
28581,8
28623,8
28689,9
28725,0
28765,9
29052,0
29139,8
29202,7
29258,4
29340,4
29372,4
29409,0
29481,2
29549,4
29552,9
29700,8
29751,8
29879,4
29884,4
29963,7
30022,9
30053,1
30143,1
30155,7
30216,5
30383,8
30469,9
30540,3
30557,6
30678,0
30925,2
30929,0
30972,2
31048,1
31083,4
31090,4
31097,9
31180,0
31194,0
31239,7
31325,9
31339,6
31378,4
31475,6
31507,8
31516,6
31550,7
31604,0
31659,9
31678,7
31697,9
31726,8
31819,5
31826,7
31952,3
32016,9
32028,7
32109,0
32152,9
32262,4
32351,9
32373,7
32459,0
32556,4
32563,3
32620,7
32651,7
32716,7
32739,6
32753,3
32857,9
32963,9
33006,6
33011,4
33014,9
33108,1
33109,7
33291,9
33297,2
33377,1
33421,3
33440,1
33459,7
33630,4
33638,4
33671,4
33722,3
33776,0
33881,2
33922,4
33947,0
33948,9
34026,3
34087,2
34119,3
34172,0
34244,0
34278,7
34331,7
34345,0
34622,3
34634,0
34839,0
34878,9
34900,8
34923,1
34947,4
34970,7
35048,1
35094,1
35186,4
35197,1
35217,0
35227,4
35255,7
35324,4
35343,0
35367,1
35378,2
35382,7
35625,7
35643,3
35678,2
35754,7
35776,8
35823,0
35966,4
35996,9
36017,4
36082,3
36157,7
36162,9
36219,8
36246,4
36403,6
36413,8
36530,7
36700,7
36819,5
36916,7
36920,9
36931,3
37144,4
37225,1
37237,1
37330,1
37344,8
37581,6
37658,3
37745,3
37754,9
38006,9
38221,2
38260,6
38277,3
38336,4
38466,1
38468,7
38575,7
38607,7
38836,7
38865,0
38939,0
39108,3
39125,3
39161,2
39295,0
39319,9
39391,8
39433,4
39492,4
39617,3
39662,8
39780,5
39878,1
39968,0
39981,3
39984,1
40135,4
40451,7
40504,1
40544,0
40631,9
40645,8
40655,3
40747,2
40787,8
40856,8
40950,4
41123,3
41220,4
41228,0
41255,2
41264,2
41346,6
41465,0
41493,7
41512,2
41547,6
41553,0
41592,8
41625,4
41627,0
41663,8
41831,8
41854,7
41875,9
41950,4
42088,3
42202,7
42264,3
42266,8
42367,9
42517,5
42544,7
42691,8
42824,7
42902,3
42968,1
43020,0
43112,4
43120,9
43222,7
43272,4
43277,7
43323,1
43362,7
43374,7
43405,9
43598,7
43621,4
43645,7
43757,4
43763,7
43859,7
43877,2
43881,4
44004,3
44037,4
44110,4
44141,7
44186,2
44230,9
44419,4
44447,4
44480,5
44584,4
44597,8
44667,5
44765,4
44782,3
44835,7
44875,8
44922,4
44926,9
44945,8
45022,2
45053,7
45112,0
45122,8
45131,1
45179,7
45191,4
45391,4
45473,3
45578,4
45701,0
45771,6
45796,3
45864,9
45895,7
46032,9
46069,0
46178,1
46190,7
46230,4
46249,7
46497,9
46561,4
46688,7
46694,2
46712,4
46802,9
46819,7
46870,9
46983,3
47038,8
47095,3
47165,9
47188,8
47305,5
47341,9
47344,0
47409,2
47419,0
47440,1
47464,7
47571,4
47608,4
47672,1
47710,2
47817,1
47832,5
47896,8
48178,2
48355,3
48432,7
48486,4
48559,8
48697,1
48713,9
48783,3
48786,4
48913,1
49012,7
49030,9
49045,7
49061,5
49064,8
49185,0
49187,7
49370,0
49383,9
49398,4
49413,7
49459,0
49474,2
49511,9
49596,0
49617,8
49676,4
49749,3
49793,9
49862,7
49925,9
49949,0
49956,9
50081,0
50105,2
50136,1
50154,4
50200,0
50254,7
50344,0
50365,7
50372,3
50468,7
50620,7
50643,0
50745,8
50815,3
50916,4
51045,0
51046,4
51066,6
51097,5
51175,4
51351,4
51395,0
51407,6
51467,8
51478,0
51489,7
51590,9
51629,0
51634,7
51693,4
51710,1
51721,2
51840,9
51867,1
51912,6
51916,7
51917,0
51941,7
51967,7
52048,0
52109,2
52252,3
52294,0
52308,4
52348,4
52443,7
52480,7
52502,6
52575,1
52578,6
52587,7
52622,1
52692,3
52885,0
52936,3
52969,7
52997,7
52998,7
53134,4
53158,3
53261,7
53423,7
53496,9
53519,4
53600,7
53614,7
53629,7
53651,8
53654,4
53655,4
53693,4
53786,8
53800,0
53820,4
53913,8
53915,9
53940,0
54168,2
54185,8
54198,8
54305,2
54309,4
54347,4
54356,0
54452,4
54667,9
54814,4
54998,4
55078,7
55124,4
55263,8
55271,1
55340,4
55452,7
55464,9
55471,8
55476,7
55575,4
55588,0
55677,3
55747,1
55787,1
55825,1
55833,2
55861,6
55877,4
55915,7
55944,4
56000,1
56150,4
56205,9
56346,7
56353,0
56361,2
56369,8
56376,4
56384,1
56425,9
56525,8
56678,6
56726,9
56799,4
56806,7
56814,7
57011,4
57056,3
57171,3
57228,4
57249,4
57279,4
57332,8
57334,7
57370,4
57387,2
57397,0
57422,4
57495,3
57504,7
57524,4
57682,0
57781,3
57805,5
57962,0
58052,1
58117,5
58180,0
58231,4
58257,3
58311,3
58337,7
58339,3
58386,0
58399,3
58432,4
58595,8
58718,0
58733,7
58737,1
58776,8
58809,0
58907,7
58910,2
58915,8
59052,1
59055,4
59101,8
59147,9
59165,0
59337,0
59348,7
59360,7
59382,1
59423,8
59435,7
59566,9
59569,3
59674,4
59798,3
59827,1
59856,7
59894,7
59898,0
59994,1
