4,9
25,2
34,0
91,7
200,1
330,3
363,4
441,9
456,8
466,1
467,7
470,1
472,2
506,6
539,8
563,2
751,5
818,0
928,7
940,9
966,3
995,7
1031,1
1043,7
1128,0
1147,9
1157,7
1291,9
1327,6
1463,1
1500,9
1502,0
1531,2
1537,4
1597,1
1623,9
1686,6
1726,6
1934,4
1939,9
2010,2
2067,8
2076,3
2085,2
2087,3
2121,0
2162,1
2206,4
2259,6
2410,1
2583,1
2734,3
2772,4
2814,7
2827,4
2913,6
2918,1
2953,9
2964,3
2997,9
3048,3
3115,6
3140,7
3363,6
3416,5
3450,4
3485,6
3486,2
3496,4
3568,0
3578,2
3621,9
3834,9
3840,7
3845,8
3970,9
4116,7
4128,1
4264,4
4277,9
4318,4
4331,7
4337,6
4418,3
4506,3
4535,0
4650,2
4653,0
4673,6
4713,0
4718,0
4720,9
4744,0
4779,4
4870,0
4872,1
4904,7
5024,9
5052,0
5075,1
5144,0
5188,5
5197,7
5204,1
5415,2
5477,1
5588,3
5696,8
5743,8
5774,6
5837,6
5854,4
5950,1
6000,6
6035,4
6103,0
6221,7
6265,6
6331,0
6429,4
6577,9
6582,8
6584,3
6588,9
6843,7
6859,1
6924,8
7038,0
7056,9
7064,6
7155,9
7194,9
7209,3
7239,9
7334,7
7441,8
7466,0
7603,1
7647,9
7703,4
7705,4
7805,9
7817,4
7855,0
7882,0
7903,4
7948,0
7960,2
8292,2
8425,3
8503,9
8604,7
8690,8
8812,0
8817,6
8917,0
8960,2
8977,2
8998,9
9123,6
9222,0
9233,6
9246,2
9360,2
9569,2
9642,9
9747,7
9847,8
9915,3
9933,9
10053,6
10069,0
10109,9
10130,2
10165,9
10246,6
10340,0
10362,1
10378,1
10419,6
10420,1
10531,0
10557,6
10632,8
10697,6
10835,7
10853,6
10867,9
10874,0
10906,9
10923,4
10934,9
10978,2
11023,4
11077,0
11193,2
11273,8
11282,6
11364,2
11403,0
11412,1
11417,5
11437,7
11455,7
11627,4
11697,6
11878,6
11911,0
11912,9
11954,1
11980,5
11986,4
12052,4
12062,7
12085,8
12106,1
12216,6
12327,4
12378,8
12399,1
12401,6
12406,9
12617,3
12686,0
12736,5
12752,2
12789,9
12891,5
12913,3
13109,3
13137,1
13201,1
13332,3
13393,8
13409,9
13468,6
13474,1
13581,1
13627,2
13702,6
13897,9
13906,3
13939,6
13977,6
14126,1
14251,5
14428,5
14555,2
14645,8
14756,1
14922,9
15138,1
15162,9
15164,1
15209,7
15263,2
15288,0
15307,8
15369,9
15387,9
15499,7
15504,0
15617,4
15695,0
15709,9
15719,4
15748,2
15802,2
15831,6
15899,9
15919,8
15938,3
15959,1
15987,9
16076,1
16174,5
16288,7
16414,3
16444,9
16492,3
16507,6
16556,3
16594,7
16604,6
16701,2
16748,3
16805,1
16821,6
16846,9
16896,6
16921,0
16953,9
17019,9
17174,6
17182,4
17226,9
17256,4
17258,3
17267,7
17293,0
17444,4
17447,9
17454,0
17455,9
17549,0
17551,9
17625,0
17644,9
17678,4
17686,6
17689,9
17714,7
17728,6
17783,6
17848,9
17857,4
17887,7
17916,4
17943,1
17960,1
18004,3
18121,4
18139,2
18184,4
18220,6
18536,6
18544,2
18611,6
18624,9
18631,2
18669,9
18741,1
18743,0
18825,7
18948,3
19139,1
19158,1
19250,3
19256,9
19310,9
19311,4
19358,8
19381,1
19432,2
19458,8
19504,0
19657,4
19661,6
19701,6
19719,5
19737,2
19754,6
19822,0
19893,7
19904,7
19910,9
20008,4
20133,8
20164,9
20271,8
20324,6
20376,9
20440,2
20608,0
20610,3
20717,4
20733,6
20928,0
21054,1
21123,7
21197,2
21222,7
21287,4
21292,1
21621,7
21683,2
21791,1
21825,8
21922,4
21936,4
21966,3
22018,7
22066,1
22087,1
22212,6
22286,8
22303,1
22423,9
22480,4
22515,7
22569,3
22603,0
22649,6
22654,6
22665,6
22788,1
22988,4
23151,4
23269,4
23285,9
23295,1
23314,9
23464,0
23680,8
23688,6
23754,0
23994,2
24018,4
24133,1
24222,1
24230,9
24261,8
24320,0
24323,5
24393,0
24404,8
24525,0
24563,1
24611,6
24622,6
24648,4
24740,8
24824,1
24933,1
24974,1
24991,9
25113,6
25124,1
25128,7
25197,4
25212,9
25270,6
25278,0
25353,4
25378,4
25642,7
25686,8
25694,0
25804,2
26071,6
26227,6
26253,6
26299,6
26302,9
26345,6
26347,6
26408,0
26444,1
26460,5
26497,6
26532,8
26581,1
26582,4
26622,6
26859,0
26904,4
26980,0
27013,1
27061,7
27140,3
27143,3
27209,0
27337,5
27514,4
27523,6
27626,9
27643,2
27674,6
27691,3
27869,2
27872,7
27880,2
27920,1
27936,0
27986,7
27990,0
28001,6
28074,2
28106,7
28213,9
28216,6
28273,7
28279,9
28295,0
28349,1
28412,0
28493,4
28521,1
28586,1
28619,6
28682,8
28689,9
28805,6
28822,1
28965,0
29228,4
29242,1
29271,4
29339,4
29346,9
29564,0
29583,6
29718,0
29933,8
29957,1
29960,4
30051,0
30061,5
30117,1
30153,7
30208,9
30236,8
30243,4
30384,0
30395,9
30727,6
30750,9
30865,2
30885,3
30892,8
30916,6
30920,1
30977,9
31168,8
31177,2
31198,1
31285,4
31289,6
31357,1
31373,2
31566,9
31616,2
31690,7
31865,0
31869,1
31879,7
31914,7
31918,9
32049,4
32116,8
32292,2
32305,6
32374,9
32390,8
32461,0
32489,0
32521,2
32531,0
32544,8
32606,2
32611,2
32656,3
32717,8
32808,1
32832,4
32902,5
32903,6
32906,7
32921,1
32998,2
33055,6
33155,9
33403,0
33597,9
33610,9
33740,4
33742,6
33841,1
33998,1
34002,5
34153,7
34197,0
34243,8
34244,0
34247,6
34271,6
34290,4
34362,5
34435,7
34448,5
34502,0
34612,1
34631,4
34641,1
34648,6
34689,7
34790,9
34808,4
34826,1
34894,6
35084,9
35116,1
35146,6
35184,6
35191,9
35193,8
35255,7
35420,5
35427,1
35527,1
35723,3
35781,7
35807,9
35852,4
35910,6
36157,7
36158,7
36262,3
36280,4
36282,9
36312,0
36420,9
36426,1
36488,3
36834,8
36850,5
36874,0
36894,0
37197,3
37235,6
37252,0
37269,0
37274,2
37283,9
37376,9
37441,1
37486,2
37523,6
37611,9
37650,1
37803,6
37845,6
37969,2
38057,0
38091,7
38138,0
38269,7
38354,2
38367,6
38405,8
38573,0
38583,4
38742,8
38746,0
38761,6
38880,9
38885,6
39002,2
39116,3
39171,2
39260,6
39300,1
39495,6
39497,7
39622,1
39665,6
39723,4
39753,9
39942,9
40016,8
40106,8
40108,0
40125,5
40183,2
40280,0
40285,4
40497,2
40522,9
40680,4
40760,0
40805,3
40826,1
40861,1
40927,6
40991,6
41051,0
41091,5
41194,7
41214,6
41247,1
41291,0
41343,3
41445,0
41459,6
41497,9
41569,4
41575,8
41594,9
41620,0
41633,2
41758,8
41810,0
41831,8
41840,9
41996,8
42023,7
42109,9
42165,9
42188,2
42219,2
42266,8
42269,7
42316,1
42339,1
42409,6
42419,3
42554,5
42590,5
42607,4
42613,7
42614,0
42809,4
42823,3
42905,6
42955,5
43005,7
43026,4
43057,9
43059,0
43237,9
43273,0
43313,7
43363,8
43451,5
43466,3
43749,8
43841,7
43862,9
43950,9
44058,3
44063,0
44212,7
44361,9
44378,7
44397,3
44410,6
44485,7
44497,3
44589,0
44679,1
44692,0
44729,3
44754,6
44881,2
45032,1
45100,4
45104,6
45237,1
45276,0
45467,0
45484,2
45569,6
45618,7
45639,8
45654,9
45686,6
45750,6
45769,0
45796,3
45800,9
45914,6
45937,7
45986,6
46004,4
46074,6
46095,7
46151,7
46293,2
46344,0
46359,6
46360,1
46388,4
46389,6
46510,2
46572,9
46670,6
46716,4
46940,2
46949,1
46950,7
47072,0
47128,4
47182,7
47191,6
47235,2
47243,1
47255,2
47263,0
47291,1
47397,4
47415,6
47425,8
47460,2
47599,0
47793,7
47830,1
47834,3
47865,9
47871,4
47894,9
47905,1
47960,1
47989,8
48098,7
48185,0
48194,4
48210,0
48232,1
48239,6
48391,2
48437,6
48524,9
48542,0
48658,8
48756,8
48758,9
48854,4
48864,6
48936,4
49066,6
49089,2
49107,5
49109,6
49157,3
49185,0
49224,0
49364,7
49383,9
49406,3
49437,1
49452,2
49487,8
49613,6
49656,9
49733,4
49816,6
49886,6
49890,5
49899,1
49911,2
50065,2
50072,0
50104,6
50113,6
50289,6
50305,7
50390,0
50423,0
50433,4
50499,8
50595,6
50600,1
50669,2
50685,1
50727,0
50730,7
50812,2
50973,9
51047,4
51054,3
51082,9
51094,8
51131,2
51188,1
51199,4
51240,9
51267,9
51432,1
51463,3
51507,6
51574,9
51620,6
51658,2
51694,4
51701,3
52021,0
52034,9
52143,1
52233,6
52271,2
52374,6
52434,6
52510,9
52514,6
52653,9
52663,4
52707,7
52727,4
52929,9
52937,7
53054,5
53057,6
53082,8
53131,8
53137,7
53141,4
53210,7
53331,6
53417,8
53473,2
53508,8
53551,4
53717,6
53742,2
53780,1
53878,2
53953,8
54146,9
54196,6
54294,4
54372,7
54395,2
54430,3
54508,9
54528,5
54579,1
54773,1
54805,2
54809,1
54945,6
54986,8
55162,6
55170,2
55199,2
55247,9
55282,4
55397,1
55444,7
55457,0
55482,3
55533,6
55539,9
55570,9
55573,9
55702,9
55780,9
55805,0
55834,9
55887,7
55928,7
55979,8
56356,7
56387,8
56527,9
56548,6
56567,7
56727,6
56918,6
56936,6
57015,6
57051,4
57081,5
57098,7
57117,0
57140,6
57163,2
57169,1
57176,0
57186,0
57252,0
57326,0
57342,2
57346,6
57468,3
57560,7
57583,2
57752,2
57871,2
57915,4
57929,1
57937,4
58016,6
58020,8
58082,1
58132,9
58216,6
58246,6
58436,4
58475,8
58506,6
58580,1
58595,8
58638,2
58737,1
58794,2
58883,6
58943,0
59008,6
59032,6
59341,9
59362,9
59387,1
59482,5
59498,1
59508,6
59588,3
59616,1
59657,4
59728,1
59797,2
