138,5
161,2
165,6
221,6
300,8
359,0
419,9
454,1
479,3
591,2
665,6
1018,0
1030,4
1101,8
1117,6
1120,8
1260,3
1294,8
1374,2
1515,6
1565,4
1578,0
1580,4
1628,4
1695,9
1737,3
1788,8
1911,4
1963,0
2013,8
2023,3
2029,3
2074,3
2119,9
2155,8
2253,0
2298,0
2412,5
2584,0
2663,1
2698,5
2729,0
2730,1
2904,0
2927,8
2947,6
3004,1
3039,4
3073,8
3122,1
3171,3
3213,0
3231,0
3248,0
3279,8
3323,3
3330,6
3353,8
3369,0
3438,8
3451,6
3597,6
3637,5
3680,2
3684,3
3729,1
3771,1
3788,7
3856,6
3986,8
4002,0
4153,2
4190,1
4231,6
4300,1
4423,4
4432,7
4484,1
4488,0
4525,8
4546,6
4613,4
4664,2
4770,6
4796,4
4829,4
4897,7
4919,4
4996,3
5086,3
5115,0
5180,4
5193,3
5200,8
5218,6
5238,3
5284,3
5413,6
5468,0
5470,0
5570,1
5715,2
5751,2
5779,1
5782,6
5905,0
5945,4
5951,6
5971,5
6020,1
6023,0
6138,2
6265,6
6299,3
6329,4
6393,6
6409,0
6488,1
6523,8
6557,5
6591,0
6805,2
6834,1
6870,1
6903,6
6905,8
6925,1
6929,5
6991,0
7026,8
7077,4
7102,6
7103,5
7127,0
7128,0
7160,1
7178,4
7184,8
7237,1
7283,3
7318,0
7376,8
7378,0
7405,8
7408,2
7452,6
7487,4
7571,6
7622,1
7706,2
7752,1
7755,9
7903,4
7997,6
8026,4
8054,3
8078,2
8085,9
8132,8
8182,7
8200,3
8221,8
8312,6
8393,9
8478,6
8636,6
8653,0
8697,6
8711,4
8715,6
8719,8
8754,0
8865,3
8943,4
8948,3
8997,2
9209,0
9302,3
9307,7
9332,1
9339,5
9342,0
9458,0
9524,0
9621,3
9622,1
9650,8
9662,6
9680,3
9750,0
9756,2
9874,0
9973,1
9988,7
10008,5
10031,3
10071,0
10134,1
10209,4
10274,8
10284,9
10325,1
10348,0
10363,0
10465,5
10556,1
10594,4
10783,1
10827,3
10861,0
10897,1
11021,3
11131,4
11158,6
11229,1
11234,3
11237,5
11319,2
11320,0
11404,1
11518,1
11558,1
11562,0
11657,0
11684,6
11705,3
11818,4
12056,1
12169,4
12340,6
12421,0
12423,6
12536,3
12605,0
12637,5
12749,4
12758,6
12881,3
12900,9
12972,4
12991,4
13051,8
13074,0
13085,6
13220,6
13386,8
13536,6
13598,6
13663,5
13675,3
13713,3
13848,4
13858,6
13878,4
14195,5
14258,0
14309,1
14328,6
14481,0
14503,1
14608,6
14733,8
14801,6
14848,6
14904,4
14952,6
15044,1
15058,4
15121,1
15214,4
15260,7
15436,8
15453,3
15566,0
15699,2
15749,8
15751,2
15752,4
16043,0
16081,0
16119,0
16156,3
16410,6
16415,0
16439,0
16455,1
16489,3
16529,3
16554,8
16592,5
16620,3
16634,0
16645,3
16762,8
16826,8
16830,6
16896,6
16944,1
16948,2
16961,0
17010,3
17026,3
17079,6
17120,6
17187,0
17380,7
17458,0
17467,3
17499,8
17667,8
17681,8
17685,1
17728,6
17870,4
17874,6
17956,0
17997,3
18150,8
18209,5
18233,4
18284,0
18297,4
18340,5
18359,1
18424,0
18509,0
18584,3
18786,9
18892,0
18907,6
19008,0
19032,4
19059,4
19103,8
19236,5
19316,6
19530,6
19584,0
19599,4
19661,6
19676,5
19794,4
19873,6
20011,4
20014,8
20105,7
20150,3
20181,3
20392,0
20540,3
20564,5
20574,4
20585,4
20596,6
20616,3
20696,4
20714,4
20732,8
20805,3
20911,0
20971,7
21045,8
21078,0
21163,4
21229,2
21257,6
21263,4
21343,0
21346,5
21354,0
21439,5
21490,4
21529,8
21531,3
21668,2
21766,0
22306,0
22344,0
22412,1
22441,0
22449,6
22456,4
22469,8
22525,4
22576,9
22584,4
22670,4
22682,8
22781,7
22828,1
22844,1
22873,8
22982,6
22985,4
23013,0
23064,8
23073,6
23085,4
23198,6
23255,1
23309,7
23331,0
23346,6
23358,6
23359,4
23580,4
23618,4
23620,5
23639,8
23687,6
23841,1
23855,4
23905,6
23922,6
24007,8
24090,1
24162,6
24287,4
24320,0
24395,6
24396,8
24474,6
24475,6
24481,3
24567,1
24627,0
24637,4
24706,0
24779,6
24895,1
24950,8
25008,8
25074,8
25219,6
25250,8
25347,4
25366,0
25388,8
25668,4
25831,4
25843,8
25940,1
26101,6
26145,8
26268,1
26300,0
26412,3
26544,4
26548,3
26654,6
26664,8
26722,0
26728,0
26796,6
26903,0
26925,1
27070,0
27109,0
27218,4
27320,6
27322,0
27348,8
27410,1
27729,8
27798,8
27807,6
27890,6
28000,1
28011,7
28098,1
28102,0
28108,0
28370,2
28423,0
28570,5
28582,9
28662,8
28687,8
28709,3
28744,2
28840,0
28884,8
28888,0
28894,1
28995,3
29044,0
29082,8
29102,0
29104,3
29150,5
29217,6
29230,0
29299,8
29484,4
29564,0
29576,8
29601,8
29678,8
29700,8
29753,8
29788,4
29907,0
29921,8
29949,1
30029,8
30037,0
30073,1
30074,6
30092,8
30117,1
30220,0
30266,4
30267,8
30354,3
30371,5
30422,4
30436,1
30516,8
30535,1
30574,3
30625,0
30630,6
30651,0
30661,8
30781,8
30843,8
30871,0
30879,7
30971,6
31178,3
31272,0
31296,1
31329,8
31348,1
31350,0
31392,0
31399,8
31410,0
31535,0
31541,4
31548,3
31588,6
31590,5
31636,3
31672,6
31867,6
31962,3
32139,4
32144,0
32219,6
32268,0
32334,1
32344,5
32378,1
32389,8
32481,2
32493,0
32520,0
32701,6
32766,8
32770,8
32775,3
32836,2
32932,6
32948,8
32961,5
32968,8
33076,6
33162,8
33175,1
33202,8
33233,2
33471,3
33496,0
33528,5
33569,8
33592,9
33670,0
33672,2
33814,6
33827,8
33861,1
34003,6
34273,0
34329,1
34358,0
34396,3
34405,2
34464,4
34517,9
34648,6
34701,3
34994,4
35073,3
35099,6
35144,4
35183,4
35313,1
35329,1
35365,8
35439,6
35495,5
35517,6
35606,2
35620,0
35624,4
35782,0
35918,6
35924,8
35998,7
36030,1
36036,6
36160,4
36180,3
36233,8
36379,4
36435,4
36441,4
36547,7
36574,6
36610,8
36637,6
36742,4
36746,6
36780,0
36822,1
36868,2
36946,3
36952,4
37000,4
37003,6
37079,0
37116,1
37256,6
37463,1
37470,3
37502,6
37527,8
37531,1
37584,5
37656,0
37744,0
37893,4
37909,8
37920,1
37927,3
37939,1
37943,3
37990,6
38062,0
38083,3
38156,6
38225,1
38284,4
38309,8
38402,4
38526,1
38592,5
38593,3
38614,0
38722,0
38746,0
38858,8
38906,4
38931,5
38961,6
38979,8
39080,4
39152,1
39262,1
39335,5
39337,6
39507,2
39527,0
39566,3
39639,0
39668,8
39710,0
39766,6
39809,4
39983,4
40012,8
40141,6
40214,7
40398,8
40417,8
40424,4
40543,6
40555,3
40579,8
40626,8
40649,0
40665,8
40715,8
40737,8
40819,1
40842,4
40868,5
40907,6
40998,8
41126,0
41167,6
41206,4
41235,8
41315,0
41476,3
41492,1
41585,1
41659,6
41666,6
41704,3
41747,3
41800,6
41850,3
41869,6
41908,1
42003,8
42006,8
42058,1
42066,6
42097,3
42196,8
42259,8
42299,8
42377,4
42379,5
42489,6
42541,6
42669,3
42699,8
42835,0
42979,8
43073,4
43084,5
43112,4
43135,3
43234,8
43256,3
43265,0
43413,6
43472,0
43741,8
43940,6
43962,3
44033,2
44064,7
44100,4
44113,1
44118,8
44123,8
44200,8
44264,4
44299,8
44347,2
44413,0
44484,8
44518,0
44557,3
44643,7
44845,5
44856,1
44879,6
44997,8
45016,8
45022,2
45026,8
45088,3
45117,8
45124,5
45351,8
45510,6
45557,0
45558,6
45579,1
45728,0
45734,3
45786,3
45954,8
46046,1
46121,8
46125,0
46223,8
46279,3
46403,3
46447,2
46508,8
46576,5
46581,6
46596,0
46726,0
46788,6
46801,1
46971,3
47028,4
47186,0
47216,1
47289,0
47420,8
47479,0
47621,1
47644,1
47718,5
47774,6
47776,1
47808,6
47877,6
47882,8
47989,8
47990,2
48145,6
48262,6
48292,2
48355,3
48466,4
48495,8
48523,0
48567,5
48657,8
48971,5
49000,4
49022,6
49086,0
49184,7
49524,6
49536,5
49570,3
49578,8
49618,8
49796,1
49816,6
49826,3
49865,6
49939,0
49953,0
49974,0
49996,0
50116,8
50151,0
50176,8
50197,0
50240,0
50296,5
50298,0
50367,1
50453,1
50622,6
50683,3
50715,8
50723,0
50890,6
50898,2
50981,4
50990,0
51056,4
51069,6
51147,0
51152,6
51257,3
51313,8
51354,6
51446,6
51487,8
51491,0
51503,5
51709,8
51780,4
51848,3
51897,8
52034,9
52036,0
52187,1
52190,5
52197,6
52203,9
52245,0
52265,6
52368,1
52384,4
52430,8
52472,6
52516,6
52532,4
52542,6
52543,3
52629,0
52662,8
52678,6
52710,1
52810,3
52847,0
52872,1
52878,1
52892,8
53039,3
53104,3
53110,8
53205,4
53233,1
53300,4
53407,0
53571,2
53648,8
53728,8
53737,8
53826,5
53869,6
53887,1
53901,2
53906,8
53983,6
54173,1
54298,6
54332,6
54492,8
54496,6
54554,8
54581,5
54608,0
54642,0
54930,3
55053,4
55134,6
55135,6
55214,1
55314,6
55322,5
55338,1
55383,3
55471,8
55666,0
55674,8
55719,1
55786,1
55795,5
55827,6
55852,8
55924,4
56016,1
56082,8
56108,5
56170,8
56231,6
56268,4
56454,0
56470,1
56499,5
56520,6
56544,8
56651,0
56740,4
56878,6
56956,8
57123,4
57138,6
57161,0
57243,1
57287,1
57303,1
57322,1
57328,4
57370,4
57395,0
57538,4
57562,8
57591,6
57613,1
57700,0
57737,8
57741,8
57788,3
57954,6
58199,8
58200,3
58289,4
58290,5
58552,8
58567,1
58654,3
58658,0
58705,2
58902,4
58931,3
59069,4
59161,6
59190,5
59265,8
59324,6
59364,1
59471,3
59472,0
59508,6
59537,2
59608,4
59639,0
59778,3
59791,6
59869,0
59883,3
59918,0
59942,9
