9,4
53,4
60,4
111,3
164,4
277,2
360,2
425,3
456,8
508,1
524,0
526,0
588,2
640,7
681,6
694,8
765,1
767,3
784,8
819,7
866,2
903,0
954,7
1167,9
1384,8
1413,5
1419,8
1552,9
1662,2
1973,4
2043,8
2182,5
2342,2
2693,2
2715,4
2725,1
2775,5
2851,2
2907,1
2936,2
2976,2
3020,9
3026,8
3061,4
3154,8
3171,3
3195,0
3227,9
3278,4
3309,0
3314,3
3425,8
3502,8
3565,0
3576,3
3625,4
3724,4
3775,8
3786,9
3797,1
3928,8
3984,4
4009,0
4040,8
4208,2
4303,7
4459,9
4481,8
4500,0
4583,3
4616,4
4642,0
4701,2
4711,5
4756,0
4788,9
4798,4
4854,0
4863,7
4886,6
4919,4
4925,7
4939,4
5018,6
5243,8
5257,8
5259,2
5366,4
5372,8
5480,2
5493,3
5510,3
5561,6
5581,4
5615,0
5707,2
5714,1
5739,6
5819,8
5852,3
5952,2
5973,6
5981,0
5999,9
6017,8
6028,4
6035,4
6350,3
6369,8
6480,2
6520,9
6532,4
6565,1
6612,3
6621,4
6651,3
6755,2
6785,1
6897,8
6963,6
6969,9
6995,4
7035,8
7199,8
7227,4
7290,8
7315,1
7373,0
7410,1
7439,8
7492,9
7541,9
7601,2
7681,8
7723,4
7753,0
7776,2
7864,4
7932,0
8017,3
8139,8
8197,8
8240,4
8247,0
8275,1
8416,9
8533,0
8617,2
8672,3
8675,8
8679,1
8857,4
8863,0
8867,8
8928,8
9151,0
9401,3
9454,7
9518,2
9523,0
9612,3
9631,9
9633,9
9728,9
9758,9
9782,8
9810,9
9812,3
9839,8
9855,2
9975,1
10115,8
10141,3
10159,4
10160,7
10221,0
10269,4
10331,4
10384,0
10417,2
10433,4
10462,4
10580,1
10700,0
10724,4
10793,6
10874,0
10876,3
10905,8
10916,0
10941,2
10972,2
11096,9
11097,3
11150,9
11169,3
11196,9
11209,4
11231,0
11286,2
11601,2
11659,5
11751,8
11888,0
11906,9
11969,0
11973,0
12031,7
12133,1
12209,1
12252,7
12300,3
12432,9
12611,5
12638,5
12645,3
12651,9
12670,0
12727,2
12749,4
12818,5
12823,2
12861,2
12944,8
12946,9
12966,4
13014,8
13068,4
13176,8
13218,3
13295,2
13296,1
13327,8
13338,1
13451,4
13489,8
13502,5
13554,8
13705,2
13823,4
13949,9
14098,1
14121,2
14134,4
14166,3
14186,6
14234,1
14267,2
14292,6
14321,1
14322,8
14360,7
14373,2
14394,3
14450,3
14490,2
14568,9
14774,4
14781,4
14845,8
14876,2
14938,2
14971,0
15039,2
15093,2
15108,0
15227,3
15311,0
15333,8
15437,3
15502,8
15659,9
15774,3
15837,9
15857,3
15973,8
16032,6
16059,8
16225,4
16244,0
16251,4
16349,6
16445,8
16469,6
16479,2
16531,4
16614,1
16670,1
16680,4
16688,8
16725,8
16740,9
16841,6
16849,3
16853,9
16897,8
16912,4
17070,2
17103,3
17104,3
17137,2
17161,6
17216,2
17314,0
17325,4
17364,8
17366,5
17369,2
17382,6
17489,2
17552,4
17555,2
17588,3
17595,2
17628,8
17746,4
17765,8
17966,3
18156,8
18159,0
18199,6
18288,8
18301,0
18360,1
18420,4
18423,2
18451,1
18471,0
18544,2
18550,5
18595,8
18632,2
18633,2
18957,6
18991,0
18992,3
19007,9
19052,8
19228,6
19248,2
19267,8
19504,0
19583,0
19670,5
19727,4
19783,8
19802,2
19854,2
19888,5
19913,9
20021,2
20169,4
20307,9
20355,3
20384,1
20396,4
20459,1
20543,6
20601,5
20639,8
20655,2
20656,6
20735,9
20739,2
20844,3
20875,1
20918,9
20982,9
21009,2
21092,3
21147,2
21448,4
21460,1
21520,8
21597,2
21627,4
21659,8
21775,3
21845,2
21959,2
21979,1
22041,9
22201,8
22286,8
22290,8
22308,8
22421,8
22459,3
22488,3
22493,3
22536,3
22547,4
22591,8
22641,2
22682,8
22769,2
22835,3
22885,4
22992,4
23119,3
23184,8
23269,4
23329,9
23471,6
23586,0
23591,8
23770,2
23989,9
24050,2
24145,3
24161,4
24195,4
24227,1
24305,9
24483,1
24511,4
24520,2
24528,3
24534,8
24546,2
24571,7
24654,8
24664,8
24880,4
25074,8
25149,8
25248,9
25253,1
25372,9
25397,1
25408,0
25456,0
25471,4
25508,5
25518,0
25843,8
25870,8
25881,9
25907,2
25916,2
25965,9
26015,4
26044,0
26137,4
26233,9
26238,1
26242,4
26264,4
26301,6
26613,2
26653,4
26719,8
26791,8
26949,9
26958,6
26980,0
27008,8
27017,8
27063,1
27088,4
27089,0
27181,2
27189,2
27213,4
27223,2
27358,8
27378,5
27384,2
27435,3
27449,6
27450,9
27508,8
27533,9
27575,4
27631,0
27645,3
27671,3
27677,1
27707,1
27822,0
27850,6
27866,3
27919,4
28008,4
28024,0
28076,0
28160,0
28212,2
28216,6
28271,5
28338,8
28342,8
28599,4
28618,9
28674,9
28683,4
28767,4
28856,8
28917,4
29001,9
29010,9
29172,8
29247,2
29266,3
29278,1
29299,8
29319,8
29357,3
29501,2
29579,0
29630,6
29638,4
29691,8
29793,6
29853,2
29893,2
29945,8
30014,2
30080,0
30095,9
30342,9
30419,9
30519,8
30532,7
30642,3
30686,9
30738,8
30747,3
30783,9
30892,8
31025,4
31136,3
31213,9
31258,2
31536,4
31538,3
31570,1
31704,8
31711,4
31778,0
31865,0
31871,1
31962,3
31970,2
32018,8
32238,4
32275,3
32318,2
32422,3
32493,0
32563,3
32594,9
32596,8
32680,3
32809,2
32821,9
32879,1
33008,2
33230,0
33337,8
33342,2
33387,8
33439,8
33491,3
33519,8
33591,2
33630,4
33665,0
33668,8
33699,9
33727,2
33765,8
33846,4
33948,9
33966,3
34180,3
34182,2
34246,0
34394,0
34422,8
34424,4
34455,8
34460,8
34724,2
34788,3
34799,2
34836,5
34885,9
35013,9
35018,8
35199,7
35362,4
35393,2
35399,1
35441,9
35473,0
35741,9
35802,2
35803,3
35886,6
35970,2
36182,8
36199,8
36207,5
36212,4
36272,0
36320,8
36349,9
36378,9
36477,9
36571,1
36593,2
36610,8
36675,4
36755,3
36761,3
36874,0
36889,7
36891,8
36922,9
36947,1
36955,1
36978,2
37118,3
37255,8
37274,2
37427,2
37437,2
37533,2
37605,8
37608,8
37840,4
37890,3
37932,9
37956,8
37981,0
38010,2
38035,0
38221,2
38227,4
38269,7
38307,2
38417,2
38457,9
38496,4
38503,4
38603,4
38671,4
38703,6
38754,6
38807,8
38809,9
38831,1
38859,3
38920,7
38966,4
38980,6
38996,6
39001,8
39028,0
39030,9
39203,2
39331,9
39350,8
39411,2
39419,8
39428,9
39442,8
39447,9
39501,9
39590,4
39647,8
39667,4
39670,4
39724,9
39746,0
39803,5
39812,4
39829,9
39992,0
40048,8
40078,3
40103,0
40110,8
40172,5
40225,4
40247,3
40271,6
40331,6
40335,0
40336,0
40350,5
40382,3
40392,4
40445,2
40462,3
40607,2
40749,2
40944,1
40966,5
40988,2
40994,9
41033,9
41083,7
41085,3
41205,1
41729,0
41780,4
41893,8
41973,8
42042,4
42048,9
42065,2
42100,0
42106,9
42138,2
42149,9
42177,7
42238,8
42268,1
42394,2
42438,9
42472,2
42478,8
42674,0
42721,9
42816,4
42888,1
42926,2
42932,1
42956,4
42972,6
43113,2
43184,2
43340,7
43367,0
43436,2
43446,1
43474,3
43552,3
43747,3
43784,1
43993,8
44041,8
44058,3
44072,8
44202,8
44248,2
44261,9
44359,1
44374,2
44423,9
44458,8
44510,3
44579,8
44748,8
44770,1
44877,4
44944,8
45131,1
45167,1
45178,9
45209,6
45275,3
45327,3
45349,0
45364,3
45404,4
45440,9
45453,2
45464,2
45475,0
45619,3
45646,8
45834,4
45860,4
45877,8
46002,2
46040,1
46044,2
46075,3
46193,9
46252,8
46294,0
46306,3
46339,0
46344,0
46464,2
46546,2
46547,1
46559,6
46593,2
46783,2
46807,3
46821,3
46880,1
46898,6
46900,3
46921,2
47136,8
47151,8
47195,3
47328,8
47417,7
47480,0
47490,1
47505,8
47525,8
47597,8
47620,3
47634,8
48129,2
48149,8
48200,0
48202,4
48248,2
48268,0
48295,0
48334,2
48344,9
48415,3
48645,1
48693,8
48725,3
48828,8
48872,5
48934,2
48962,4
48967,8
49166,3
49189,2
49256,4
49270,5
49340,2
49362,1
49373,4
49594,0
49602,3
49651,6
49656,9
49686,5
49753,4
49765,6
49898,9
49932,1
49950,5
49975,2
50002,6
50052,2
50106,8
50128,9
50171,8
50172,8
50186,9
50317,3
50419,4
50436,9
50556,6
50695,2
50710,9
50753,2
50759,5
50906,3
50975,3
51032,9
51041,0
51123,9
51127,0
51343,3
51394,8
51435,2
51581,9
51880,8
51881,8
51904,8
51945,9
51962,4
51964,8
52069,6
52154,0
52160,3
52209,3
52269,3
52326,5
52352,8
52376,1
52428,0
52692,3
52878,1
52889,2
52891,3
52936,3
52973,4
53014,0
53039,3
53132,2
53419,3
53445,8
53450,4
53463,6
53582,4
53594,1
53653,8
53851,0
53869,6
53979,8
54015,5
54090,2
54280,8
54466,4
54508,9
54531,3
54695,7
54754,2
54787,8
54821,8
54828,5
54931,1
55087,4
55130,0
55263,8
55289,6
55318,4
55333,9
55359,4
55421,4
55534,8
55589,2
55629,2
55676,4
55743,3
55810,4
55844,3
55886,5
55940,8
55990,4
56056,8
56104,2
56178,9
56181,0
56223,2
56353,0
56377,0
56391,3
56488,3
56494,9
56581,3
56751,8
56801,0
56899,6
57026,4
57042,8
57113,2
57150,7
57204,7
57224,4
57417,4
57446,2
57450,8
57488,3
57557,6
57695,0
57712,4
57722,1
57861,4
57879,3
57899,2
57984,8
58013,9
58014,0
58021,3
58065,3
58200,3
58201,8
58223,0
58257,3
58264,9
58273,8
58334,8
58406,3
58407,9
58519,9
58617,0
58700,3
58796,9
58812,3
58897,0
59058,9
59074,1
59130,2
59177,2
59423,8
59551,4
59585,0
59721,2
59770,6
59778,3
59855,2
59896,2
59915,4
