7,3
119,0
163,4
193,7
214,7
243,7
308,2
332,5
371,7
464,0
605,4
665,6
814,2
828,4
854,2
912,5
918,7
921,5
1027,9
1113,6
1137,0
1210,5
1284,9
1306,7
1324,5
1474,3
1500,9
1519,8
1545,4
1591,9
1687,7
1714,2
1724,2
1756,3
1757,9
1849,6
1959,3
2115,7
2171,2
2288,2
2443,4
2541,3
2550,2
2564,3
2600,9
2643,9
2896,4
2973,9
3008,7
3015,0
3024,0
3035,0
3190,9
3197,1
3210,7
3341,2
3457,4
3533,9
3542,3
3579,7
3586,6
3696,9
3757,6
3886,2
3899,7
3933,7
4011,3
4053,3
4067,0
4068,3
4168,5
4326,7
4338,7
4354,7
4404,6
4457,2
4458,7
4468,8
4524,1
4536,6
4726,7
4737,4
4774,7
4797,8
4827,6
4938,2
4996,3
5023,1
5035,7
5067,3
5205,8
5269,7
5313,4
5472,7
5492,9
5496,7
5516,1
5539,9
5658,9
5780,6
5921,0
6005,2
6050,7
6117,0
6136,8
6155,9
6297,3
6319,7
6375,7
6409,0
6425,2
6509,6
6666,7
6694,9
6705,6
6856,3
6892,3
6959,3
6972,0
7037,0
7077,4
7090,4
7181,0
7217,9
7233,9
7284,7
7323,5
7354,5
7380,7
7485,0
7530,7
7605,7
7686,7
7733,9
8048,3
8061,4
8069,7
8081,4
8085,9
8198,7
8228,3
8249,0
8308,9
8343,0
8433,2
8476,7
8477,4
8516,7
8556,7
8568,3
8658,6
8682,0
8688,6
8709,3
8816,3
8857,4
8884,3
9070,9
9192,3
9235,7
9302,3
9407,9
9438,6
9514,5
9598,7
9621,3
9665,7
9673,9
9739,3
9756,2
9825,9
9870,9
9954,7
10010,0
10114,4
10125,3
10148,7
10168,0
10177,4
10186,9
10193,9
10366,0
10371,4
10408,7
10450,3
10489,4
10518,3
10536,5
10599,0
10646,9
10652,5
10693,4
10695,4
10821,0
10950,6
10959,2
10989,7
11201,3
11252,9
11299,2
11336,6
11386,6
11397,5
11539,3
11590,5
11612,0
11623,7
11767,4
11910,3
11944,7
12076,9
12081,7
12153,3
12266,0
12349,3
12355,3
12414,0
12424,2
12425,9
12434,1
12446,3
12566,5
12576,7
12600,9
12634,1
12753,9
12760,4
12765,0
12773,9
12775,3
12889,9
12942,3
12955,4
13008,4
13055,8
13093,3
13131,7
13180,7
13285,3
13349,6
13377,0
13422,8
13511,6
13553,4
13628,3
13640,4
13739,9
13765,4
13770,6
13800,5
13808,0
13883,7
13927,6
13960,8
14012,0
14054,5
14096,5
14205,3
14348,7
14579,9
14603,2
14644,0
14851,3
14997,7
15060,0
15085,5
15139,3
15190,6
15202,7
15213,7
15260,7
15327,7
15387,9
15488,5
15644,9
15727,6
15854,0
15916,4
15939,7
15943,4
16042,8
16075,3
16105,0
16139,0
16158,8
16212,7
16281,2
16343,7
16366,3
16399,4
16528,7
16671,5
16740,9
16867,3
17018,4
17044,7
17162,8
17212,2
17356,7
17359,7
17395,6
17456,8
17490,7
17524,6
17567,5
17578,5
17652,6
17690,4
17758,9
17935,7
17963,7
17968,0
18022,0
18093,0
18098,4
18122,7
18342,5
18381,6
18390,3
18416,5
18464,0
18557,7
18588,3
18613,2
18661,2
18752,3
18769,5
18802,3
18855,7
18951,7
19001,5
19065,8
19090,1
19150,1
19209,0
19247,3
19264,3
19325,0
19369,0
19375,4
19511,7
19550,0
19567,9
19586,9
19612,0
19722,6
19744,0
19778,9
19811,0
19820,5
19854,2
19863,3
19885,9
19978,7
20203,3
20214,7
20248,9
20296,7
20359,5
20398,7
20417,7
20576,7
20603,6
20756,3
20757,6
20761,2
20773,9
21041,6
21174,2
21359,3
21368,6
21429,7
21445,9
21484,5
21530,5
21539,3
21541,4
21550,5
21669,9
21710,7
21776,4
22029,3
22043,0
22061,9
22206,3
22283,9
22332,9
22342,7
22403,4
22479,4
22528,7
22584,4
22680,5
22706,0
22728,3
22749,0
22761,0
22889,6
22964,3
23184,8
23339,4
23360,7
23388,7
23655,5
23686,7
23708,7
23751,1
23797,2
23838,9
23866,3
23887,2
23952,2
23955,3
23985,7
24145,3
24195,4
24211,9
24362,7
24373,3
24415,7
24426,5
24459,9
24512,3
24541,0
24550,7
24583,7
24684,9
24705,7
24755,0
24846,0
24886,3
24887,5
24908,5
25009,7
25046,9
25050,4
25115,7
25181,0
25191,3
25214,0
25313,4
25330,5
25410,4
25435,6
25464,8
25481,7
25580,5
25711,5
25791,4
25833,7
25834,6
25892,0
25893,6
25929,7
25963,6
25965,9
25996,3
26049,7
26065,6
26155,9
26168,6
26183,0
26214,9
26363,5
26375,6
26462,9
26475,0
26507,0
26589,7
26634,4
26691,3
26749,7
26767,4
26852,8
26930,0
27057,7
27060,3
27128,9
27160,3
27246,0
27254,7
27335,4
27367,2
27380,0
27392,7
27403,5
27433,4
27452,5
27463,7
27519,9
27589,3
27646,8
27701,3
27740,8
27822,0
27841,0
27870,3
27930,3
28267,5
28437,7
28446,9
28640,2
28647,0
28671,0
28787,2
28790,7
28835,0
28921,7
29039,0
29054,4
29104,3
29165,9
29184,7
29296,7
29308,5
29333,7
29372,4
29386,0
29437,6
29446,0
29482,7
29527,6
29709,7
29755,0
29947,9
29988,8
30101,0
30110,9
30170,0
30174,4
30177,7
30183,3
30242,8
30251,3
30455,0
30521,8
30534,2
30600,2
30629,9
30698,9
30779,4
30783,9
30828,0
30846,4
30884,2
30889,2
30946,7
30959,7
31002,2
31040,6
31133,2
31212,6
31280,1
31495,5
31625,0
31649,5
31708,6
31775,3
31896,9
31957,7
31996,7
32021,9
32080,5
32117,7
32123,9
32197,7
32205,6
32307,7
32472,1
32495,3
32507,5
32517,6
32562,1
32563,3
32699,5
32852,1
32865,4
32876,6
32981,2
32991,2
32995,8
33029,3
33103,7
33223,3
33231,1
33234,7
33405,7
33543,7
33633,3
33917,3
33927,6
33954,5
33966,3
34037,0
34051,0
34055,7
34092,3
34166,1
34331,7
34364,3
34437,8
34453,5
34473,5
34485,7
34486,0
34671,6
34801,9
34870,8
34880,7
34884,1
34966,8
34971,4
35102,7
35150,7
35166,4
35187,5
35265,8
35296,9
35332,9
35354,3
35384,9
35387,9
35388,5
35421,9
35485,0
35501,8
35511,3
35656,4
35672,9
35825,6
35843,8
35891,3
35929,3
36018,3
36267,6
36296,4
36310,6
36314,4
36339,4
36377,3
36500,9
36511,3
36767,7
36820,8
36823,7
36937,0
37097,9
37376,9
37442,6
37549,6
37559,0
37615,2
37641,9
37669,2
37697,0
37770,7
37819,7
37836,5
37860,3
37912,3
38031,9
38049,3
38062,0
38239,3
38254,5
38259,6
38260,6
38269,7
38393,6
38456,9
38495,3
38711,7
38831,1
38932,5
39107,7
39125,3
39227,9
39286,9
39341,4
39487,2
39562,5
39598,9
39635,4
39642,9
39749,7
39760,7
39774,3
39813,7
39983,4
40076,2
40240,0
40245,8
40265,8
40330,9
40394,6
40401,3
40414,0
40613,0
40614,2
40667,9
40668,7
40698,8
40729,7
40731,5
40764,9
40779,1
40985,2
41098,4
41110,3
41273,6
41276,2
41286,0
41300,7
41338,0
41410,6
41426,4
41457,5
41513,3
41522,5
41558,7
41661,7
41673,5
41675,6
41700,7
41823,1
41861,2
41972,7
41979,9
42163,7
42201,3
42204,7
42265,7
42367,9
42378,7
42465,9
42514,7
42542,9
42551,9
42652,5
42727,9
42955,5
42962,3
42992,6
43098,5
43173,4
43213,7
43258,0
43309,0
43313,7
43357,5
43471,7
43541,7
43574,5
43635,2
43677,3
43722,7
43752,6
43765,9
43779,1
43782,3
43864,9
43869,3
43915,0
43947,4
43950,9
44039,7
44051,3
44070,6
44138,3
44198,1
44254,7
44385,3
44437,8
44447,4
44738,5
44751,4
44773,5
44837,3
44883,0
44920,7
44962,9
44971,7
45008,3
45059,7
45166,5
45178,9
45201,9
45307,0
45390,5
45457,7
45488,2
45507,4
45591,5
45618,7
45708,9
45721,0
45786,3
45800,9
45850,3
45880,2
45985,8
46242,3
46375,0
46419,7
46426,7
46570,3
46594,6
46654,0
46890,5
46951,2
47000,0
47226,2
47293,4
47311,3
47436,6
47485,7
47518,4
47565,2
47613,7
47679,9
47714,0
47803,3
47808,6
47831,8
47897,9
47927,4
47998,1
48114,6
48164,3
48233,3
48421,0
48469,5
48595,4
48622,7
48695,0
48800,5
48952,7
48968,9
49098,2
49187,7
49249,3
49300,3
49415,7
49427,5
49450,3
49464,9
49739,0
49744,8
49864,3
49885,5
50086,6
50301,5
50386,9
50407,0
50418,6
50520,7
50546,2
50703,9
50784,9
50809,3
50835,4
50978,7
51016,2
51387,6
51462,3
51550,2
51614,2
51757,9
51812,9
51815,0
51896,3
51934,3
51955,5
51978,0
52076,6
52210,5
52385,3
52475,7
52501,2
52546,9
52713,3
53084,3
53109,4
53151,9
53209,3
53213,7
53221,6
53224,2
53229,5
53334,7
53363,4
53417,8
53447,3
53494,2
53504,2
53523,7
53603,6
53784,9
53938,3
53985,4
54013,3
54016,3
54075,2
54078,2
54116,4
54197,4
54296,3
54372,7
54493,3
54528,5
54559,3
54714,2
54758,2
54768,2
54781,5
54818,7
54882,7
55062,3
55071,3
55089,2
55120,9
55178,4
55185,6
55264,8
55293,8
55333,9
55370,9
55402,0
55463,5
55530,8
55563,9
55612,9
55671,1
55693,7
55785,0
55801,8
55813,9
55861,6
55896,7
55917,0
55922,0
55983,4
55984,6
55985,2
55992,9
56007,1
56029,3
56137,0
56295,8
56352,0
56402,8
56492,3
56586,5
56606,0
56682,2
56736,6
56754,3
56819,2
56820,3
56899,6
56931,7
57049,1
57056,3
57103,3
57134,7
57278,3
57293,5
57377,2
57390,0
57400,1
57454,1
57478,2
57503,2
57530,4
57633,2
57728,9
57751,7
57868,3
57877,3
57887,0
57958,7
58084,3
58223,0
58251,6
58294,9
58507,7
58573,8
58641,9
58784,0
58892,3
58945,2
58971,3
59014,3
59099,0
59174,9
59502,5
59699,3
59818,3
59891,3
59944,0
