14,1
44,3
210,0
329,4
355,1
480,5
534,6
632,7
674,2
727,9
745,0
761,8
866,2
970,5
979,0
1042,7
1058,2
1073,4
1295,3
1439,8
1867,5
1914,8
2032,4
2165,5
2291,6
2313,5
2449,4
2455,7
2536,3
2545,6
2607,6
2711,7
2733,2
2830,1
2852,7
2980,7
3018,4
3032,8
3071,4
3160,0
3210,7
3221,6
3229,6
3267,7
3282,7
3325,6
3345,1
3372,7
3439,4
3498,7
3516,0
3580,5
3586,6
3593,1
3607,2
3618,7
3650,6
3680,2
3685,5
3707,3
3774,6
3849,0
3866,8
3867,9
3990,4
4016,2
4046,7
4131,7
4170,6
4207,7
4316,0
4351,1
4361,4
4369,3
4435,1
4444,0
4484,1
4587,6
4731,1
4743,7
4818,6
4834,8
5025,7
5274,6
5441,7
5474,8
5487,0
5555,7
5590,4
5623,4
5823,2
5922,3
5996,6
6049,4
6089,3
6137,0
6140,7
6214,8
6229,1
6259,7
6465,2
6496,0
6571,6
6587,7
6656,4
6703,8
6761,4
6891,8
6913,1
7022,1
7039,1
7127,0
7129,0
7163,6
7187,2
7197,7
7271,0
7318,0
7341,6
7394,2
7483,3
7515,0
7549,6
7636,8
7701,3
7751,4
7828,1
7862,3
7945,7
8076,6
8129,0
8151,6
8187,0
8240,4
8271,9
8364,7
8377,7
8407,6
8476,7
8752,2
8812,0
8826,6
8867,8
8986,5
9046,4
9049,6
9069,1
9094,6
9179,2
9216,4
9283,7
9421,6
9444,7
9463,0
9562,1
9701,4
9704,4
9720,0
9724,7
9743,5
9864,3
9877,0
9888,7
9921,6
10039,7
10117,2
10229,6
10301,1
10311,4
10323,0
10371,4
10423,3
10545,1
10647,3
10712,1
10723,2
10734,3
10950,6
11038,6
11051,1
11072,0
11103,9
11134,1
11135,1
11236,1
11256,4
11341,3
11360,1
11405,1
11439,1
11449,2
11543,1
11557,9
11595,7
11623,7
11649,4
11697,6
11712,0
11731,6
11800,6
11817,5
11819,6
11877,7
11917,1
12059,9
12253,7
12307,3
12327,4
12352,2
12387,0
12399,1
12461,2
12501,2
12504,0
12572,5
12596,6
12637,5
12699,6
12759,6
12860,2
13222,3
13231,0
13521,0
13579,3
13642,5
13657,1
13669,8
13688,4
13737,6
13774,2
13848,4
13969,3
14056,1
14104,7
14120,9
14138,7
14174,2
14377,6
14405,6
14429,2
14435,5
14449,4
14453,6
14526,6
14571,1
14578,4
14601,7
14704,3
14712,0
14938,2
15013,2
15095,1
15179,4
15213,7
15221,8
15266,1
15297,3
15411,8
15427,1
15448,6
15511,3
15532,8
15612,1
15716,1
15729,4
15982,2
16015,7
16031,0
16201,9
16226,7
16243,3
16244,0
16249,3
16272,7
16273,6
16306,0
16483,1
16487,5
16669,8
16725,8
16782,6
16800,7
16803,0
16893,8
17036,8
17095,0
17101,1
17109,7
17114,7
17162,8
17180,1
17217,5
17236,0
17278,7
17306,7
17541,1
17600,2
17663,2
17736,4
17762,7
17800,7
17804,8
17829,6
18047,8
18076,6
18087,7
18101,4
18160,7
18204,7
18471,0
18520,6
18539,7
18633,2
18656,1
18703,0
18715,0
18848,6
18910,7
18929,5
18935,9
19029,1
19063,3
19099,1
19121,4
19184,7
19187,7
19246,3
19327,7
19356,6
19357,4
19376,0
19474,3
19489,8
19504,0
19523,6
19800,7
19812,7
19820,5
19838,7
19964,6
19979,0
19988,8
20002,7
20141,0
20145,2
20246,5
20296,7
20325,5
20331,5
20382,2
20420,0
20433,6
20478,0
20591,0
20620,4
20674,1
20760,1
20764,6
20771,8
20895,0
20912,1
20981,2
21076,4
21102,3
21127,1
21130,4
21149,3
21188,8
21223,4
21264,5
21561,4
21590,4
21598,2
21736,0
21751,1
21756,9
21791,1
21901,6
22002,3
22011,3
22093,1
22137,1
22171,7
22182,3
22252,2
22272,5
22289,8
22301,7
22303,1
22460,3
22498,7
22574,4
22645,4
22700,1
22718,6
22783,5
22869,6
22930,2
23060,0
23198,6
23271,7
23280,1
23379,6
23382,1
23384,5
23443,7
23496,5
23628,6
23702,8
23776,2
23780,6
23991,0
24110,8
24272,4
24340,4
24392,6
24536,1
24581,6
24621,3
24622,6
24639,7
24855,4
24908,5
24964,7
25023,5
25029,2
25059,6
25078,3
25082,0
25102,6
25173,4
25208,3
25314,7
25382,4
25420,0
25531,1
25583,8
25635,4
25660,4
25678,5
25713,6
25725,0
25805,1
25846,4
25945,1
26003,8
26009,1
26076,7
26093,2
26232,7
26351,8
26456,4
26522,2
26576,6
26686,0
26726,1
26733,2
26816,4
26948,8
27062,5
27153,0
27283,0
27324,8
27360,7
27492,0
27555,4
27577,7
27684,1
27819,8
27894,0
27907,8
28110,1
28208,1
28301,8
28470,8
28483,8
28548,6
28683,4
28830,6
28864,7
28868,2
28898,6
28930,7
28986,7
28997,6
29209,6
29282,7
29285,1
29366,3
29382,7
29482,7
29583,6
29669,1
29683,4
29799,7
29879,4
29985,0
30016,4
30032,2
30067,8
30241,3
30247,8
30248,8
30286,7
30489,3
30519,8
30531,7
30549,7
30654,8
30667,1
30709,0
30785,8
30842,5
30901,1
30967,8
31018,9
31073,7
31191,8
31268,6
31375,1
31383,7
31398,7
31451,3
31525,8
31613,6
31625,0
31629,6
31685,1
31788,3
31804,7
31805,3
31902,7
31992,7
32009,0
32102,8
32193,3
32240,6
32265,6
32401,3
32418,2
32508,2
32623,6
32782,6
32804,3
32820,7
32831,5
32840,5
32894,6
33095,1
33235,5
33253,0
33285,4
33369,1
33398,1
33407,3
33513,6
33580,1
33684,1
33728,6
33743,2
33869,1
33901,6
33920,7
33949,1
33950,7
33965,1
33986,3
34057,0
34141,1
34207,7
34264,1
34342,6
34368,3
34407,3
34416,0
34432,2
34576,7
34727,5
34807,7
34896,6
34986,8
34997,7
35056,0
35158,6
35309,8
35333,3
35414,1
35418,4
35508,1
35548,3
35592,1
35639,0
35656,4
35675,7
35839,7
35860,7
35882,2
35883,6
35908,1
35967,8
35972,0
35995,1
36027,7
36047,0
36329,3
36337,3
36386,8
36387,8
36395,7
36497,9
36688,7
36944,8
37040,2
37042,3
37278,8
37281,8
37359,9
37371,6
37452,0
37523,6
37537,7
37556,7
37856,0
37870,8
37871,7
37912,3
37923,1
37972,1
38011,4
38022,6
38141,1
38194,5
38327,6
38459,5
38535,6
38542,2
38554,1
38634,6
38696,0
38781,7
38828,1
38889,0
38960,4
38961,6
38975,1
38977,8
38993,0
39025,9
39132,5
39136,3
39297,1
39338,2
39371,7
39454,1
39596,8
39624,0
39676,7
40019,6
40176,6
40221,2
40319,1
40380,1
40457,0
40541,6
40662,3
40709,4
40719,4
40957,8
41021,9
41095,7
41183,8
41352,0
41549,7
41611,8
41693,5
41711,6
42175,1
42177,7
42183,0
42225,6
42269,7
42315,9
42352,7
42404,1
42423,3
42443,2
42547,4
42630,1
42935,5
42936,2
43007,1
43022,4
43135,3
43195,0
43202,7
43243,0
43274,4
43367,0
43384,7
43489,7
43500,1
43704,1
43705,1
43715,1
43746,1
43811,0
43840,7
44019,2
44046,1
44192,3
44252,7
44312,3
44399,0
44818,7
44831,4
44888,3
44940,7
45012,5
45112,0
45127,6
45236,9
45290,1
45329,7
45349,0
45397,7
45401,0
45515,0
45591,5
45608,0
45620,2
45687,3
45797,5
45827,4
45832,2
45885,2
45897,5
45926,1
46017,0
46095,7
46123,9
46209,6
46254,1
46405,8
46429,7
46445,1
46552,1
46611,6
46620,2
46664,1
46671,7
46699,8
46745,4
46835,2
46887,2
46986,3
47107,5
47127,7
47272,1
47287,3
47439,7
47497,6
47568,7
47569,4
47662,9
47787,2
47792,6
47838,3
47854,5
47858,5
47893,7
47936,8
48100,7
48104,8
48121,0
48194,4
48201,7
48295,0
48312,8
48379,4
48444,1
48453,7
48456,1
48506,2
48650,1
48768,7
48893,7
48932,3
48976,7
49005,4
49076,1
49120,7
49153,6
49179,2
49304,0
49356,7
49365,7
49380,1
49438,8
49449,6
49499,1
49528,0
49543,8
49579,8
49587,4
49588,1
49618,8
49624,6
49637,8
49677,8
49724,8
49730,9
49737,0
49763,3
49804,8
49891,7
49932,1
49993,2
50098,6
50164,4
50240,0
50277,8
50301,5
50310,0
50330,3
50463,0
50472,1
50511,0
50729,0
50782,5
50805,7
50958,0
51059,0
51107,5
51139,6
51164,8
51186,0
51188,1
51287,1
51304,7
51340,2
51376,3
51503,5
51505,0
51514,6
51528,6
51631,1
51675,3
51681,6
51720,8
51728,6
51746,8
51767,1
51801,1
51802,7
52002,1
52031,1
52053,6
52095,0
52101,3
52152,2
52167,1
52178,7
52194,6
52244,1
52255,5
52323,0
52352,8
52380,6
52433,2
52486,7
52612,8
52626,6
52686,5
52696,0
52833,6
52899,7
52932,8
52969,7
53015,5
53203,8
53319,0
53376,3
53392,7
53398,6
53507,5
53587,1
53603,6
53611,1
53811,8
53877,6
53996,8
54038,9
54052,2
54111,5
54186,7
54214,0
54339,3
54361,5
54376,4
54405,7
54406,3
54442,5
54456,2
54468,1
54471,8
54497,7
54557,1
54563,4
54717,6
54737,2
54784,1
54999,0
55039,6
55125,9
55136,4
55222,1
55257,3
55293,8
55328,4
55362,6
55596,1
55606,8
55746,3
55761,8
55817,0
55829,7
55870,1
55903,5
55920,1
56034,7
56053,3
56109,7
56112,7
56131,7
56143,4
56198,3
56259,0
56268,4
56359,7
56601,7
56616,3
56625,0
56632,6
56653,7
56663,5
56908,0
56978,8
57022,1
57041,0
57055,5
57068,0
57135,4
57176,0
57287,1
57375,4
57381,1
57409,6
57433,1
57463,6
57464,1
57474,3
57499,4
57510,5
57551,9
57758,6
57766,3
57870,8
57907,0
57980,7
58001,3
58020,8
58028,8
58080,3
58099,7
58105,4
58128,7
58221,7
58314,2
58349,7
58376,0
58512,2
58557,1
58627,4
58686,6
58866,0
58871,5
59117,6
59157,2
59239,3
59241,0
59264,7
59270,8
59288,0
59457,0
59508,6
59538,5
59567,6
59586,1
59713,1
59988,7
