0,5
26,4
61,4
171,2
209,0
448,2
466,1
621,9
666,0
739,6
831,8
1131,1
1179,0
1211,1
1234,3
1265,5
1350,6
1376,7
1378,3
1396,9
1415,6
1437,7
1474,3
1516,5
1530,0
1557,6
1628,4
1745,8
1760,8
1784,6
1890,6
1894,2
1947,2
1975,7
1977,1
2035,6
2180,3
2240,4
2263,3
2293,6
2387,6
2440,0
2457,2
2519,6
2527,5
2530,1
2576,7
2587,3
2722,9
2864,0
2876,1
3056,4
3113,1
3147,2
3256,9
3269,0
3270,7
3298,7
3300,2
3307,2
3323,3
3435,3
3493,8
3537,6
3667,0
3778,0
3882,0
4127,9
4137,1
4295,3
4407,1
4470,1
4490,3
4563,0
4589,9
4708,1
4741,6
4761,8
4762,3
4795,3
4868,3
4924,1
4951,0
4957,3
5026,6
5053,0
5062,9
5102,3
5215,8
5260,6
5369,8
5380,2
5461,0
5578,3
5605,3
5627,0
5629,6
5711,0
5852,3
5907,2
6142,1
6160,4
6199,8
6341,0
6355,6
6464,6
6473,6
6500,3
6575,1
6639,2
6674,4
6699,9
6704,0
6746,8
6773,2
6822,1
7066,0
7100,4
7451,0
7465,0
7544,6
7626,3
7672,3
7708,0
7722,4
7790,2
7791,9
7817,4
7831,1
7894,0
7925,0
8157,0
8194,1
8212,2
8228,3
8310,8
8380,4
8563,9
8626,9
8653,0
8689,1
8749,2
8786,3
8802,9
8816,3
8871,6
8887,4
8888,3
8933,8
9119,9
9132,9
9206,6
9226,3
9247,9
9299,1
9324,3
9411,3
9441,0
9719,6
9737,2
9837,1
9854,7
9862,2
9887,4
9933,9
10027,1
10083,0
10106,2
10176,0
10243,7
10328,3
10431,7
10442,6
10500,1
10547,7
10548,7
10573,7
10606,3
10618,4
10632,8
10760,3
10813,6
10823,1
10883,9
10972,2
10998,3
11037,3
11284,3
11367,9
11470,5
11620,0
11675,0
11700,2
11712,0
11764,4
11792,0
11837,3
11905,6
11921,3
11989,8
11992,9
12007,7
12020,0
12119,0
12350,3
12399,1
12418,4
12440,9
12450,6
12489,6
12512,1
12547,6
12597,7
12697,5
12701,5
12750,3
12928,8
12990,3
13016,8
13062,8
13163,4
13189,8
13317,3
13445,3
13451,4
13530,9
13632,8
13634,4
13639,8
13666,9
13776,7
13836,3
13892,1
13899,8
13914,2
13931,3
13993,3
14057,9
14069,5
14153,0
14271,1
14344,6
14350,3
14383,3
14421,6
14476,3
14576,6
14595,1
14609,5
14701,1
14766,8
14802,7
14825,3
14858,1
15181,3
15208,0
15209,7
15240,1
15281,3
15339,3
15401,6
15437,3
15467,8
15485,7
15491,0
15508,0
15633,1
16064,6
16074,3
16130,1
16177,3
16243,3
16284,8
16361,2
16495,1
16799,9
16918,9
17037,3
17088,3
17102,4
17147,9
17190,9
17287,6
17288,3
17384,9
17397,6
17430,1
17458,0
17479,0
17510,6
17550,9
17569,3
17597,9
17828,0
17864,3
17889,8
17893,3
17941,0
17944,4
17968,0
17988,3
18030,3
18282,1
18356,2
18357,0
18387,9
18461,0
18607,4
18700,9
18703,0
18721,6
18771,6
18779,0
18797,9
18878,0
18887,8
18936,0
19062,6
19255,9
19304,1
19439,0
19486,1
19612,0
19640,1
19660,3
19716,8
19721,2
19810,4
19824,9
19857,0
20011,4
20043,7
20118,4
20136,6
20242,2
20466,7
20535,8
20615,3
20692,9
20788,9
21038,3
21073,2
21075,3
21078,0
21112,3
21134,4
21162,9
21204,5
21210,5
21493,2
21688,8
21695,3
21744,1
21752,6
21836,5
21974,3
22019,2
22043,0
22048,0
22137,1
22168,1
22390,9
22468,3
22496,3
22525,4
22576,9
22614,4
22615,6
22694,4
22759,7
22782,9
22835,3
22849,8
23024,3
23144,3
23157,3
23170,9
23258,6
23309,7
23367,0
23464,0
23512,9
23515,9
23566,6
23576,1
23590,7
23653,6
23744,9
23753,0
23754,0
23756,1
23816,9
23850,6
23932,7
23957,2
24050,2
24115,1
24150,8
24155,7
24229,2
24258,4
24338,3
24380,6
24481,3
24506,4
24527,4
24555,1
24577,6
24675,7
24798,4
24881,2
24901,4
24967,9
24988,0
24996,1
25068,6
25161,7
25174,3
25175,4
25201,7
25215,9
25224,9
25244,1
25290,0
25305,0
25373,3
25381,2
25432,9
25541,6
25579,6
25618,2
25816,7
25824,9
25867,3
25881,9
25911,3
25944,6
26057,3
26148,3
26161,2
26201,2
26272,7
26357,2
26406,1
26526,3
26691,3
26743,8
26784,0
26924,1
27107,9
27136,1
27168,7
27172,3
27191,9
27279,3
27322,0
27382,6
27393,2
27443,3
27605,9
27628,0
27630,1
27649,3
27755,3
27810,2
27993,9
28034,4
28067,2
28081,4
28085,6
28099,1
28201,7
28250,1
28295,0
28312,4
28343,3
28353,6
28485,3
28488,1
28549,6
28551,4
28631,2
28645,9
28725,0
28727,6
28734,3
28743,1
28763,0
28773,3
28860,4
28873,9
28913,3
28927,9
28938,4
28953,3
28978,6
29040,1
29045,3
29050,2
29163,6
29219,2
29282,7
29346,9
29514,1
29517,1
29716,2
29878,9
29898,4
29978,9
30009,0
30076,2
30090,3
30110,9
30122,2
30189,1
30226,3
30297,2
30327,4
30406,9
30416,8
30431,3
30460,8
30493,1
30632,6
30681,3
30800,0
30881,2
30994,8
31108,3
31174,1
31227,4
31542,7
31667,3
31673,8
31809,9
31825,3
31847,8
31958,2
32026,5
32051,9
32157,3
32180,6
32183,6
32210,0
32267,3
32312,6
32315,1
32412,4
32439,1
32668,9
32720,5
32976,4
33047,2
33061,9
33156,9
33286,9
33289,8
33370,1
33373,2
33383,1
33472,9
33483,9
33497,6
33498,1
33520,6
33601,6
33633,3
33862,9
33931,9
34012,6
34213,0
34239,3
34273,0
34296,0
34324,6
34421,0
34440,0
34509,5
34559,2
34596,4
34605,3
34721,3
34847,0
34854,0
35025,8
35044,8
35045,3
35195,3
35259,4
35262,0
35319,4
35415,3
35430,1
35504,3
35543,9
35553,7
35601,6
35646,0
35710,1
35735,9
35806,3
35875,4
35909,2
35973,0
36203,9
36404,7
36446,6
36564,0
36565,8
36586,0
36590,6
36668,4
36737,0
36743,6
36753,2
36844,2
36867,4
36977,4
37023,1
37057,7
37146,7
37205,3
37229,3
37259,9
37305,1
37348,7
37351,6
37358,5
37362,3
37460,8
37490,4
37527,8
37622,3
37739,0
37751,6
37780,0
37860,3
37889,3
37946,0
37975,4
38042,0
38076,7
38157,0
38166,3
38193,3
38199,3
38218,3
38284,4
38348,6
38625,9
38633,6
38805,8
39016,9
39023,0
39093,0
39178,8
39537,9
39545,2
39605,7
39610,6
39648,9
39714,0
39732,9
39801,0
39823,0
40028,9
40074,0
40173,0
40188,0
40270,9
40446,9
40579,8
40644,1
40818,3
40849,6
40877,0
41019,1
41097,9
41165,3
41415,6
41476,3
41518,1
41534,0
41591,1
41635,0
41645,9
41715,1
41745,2
41771,9
41822,3
41874,6
41898,1
41948,9
41967,1
42018,4
42055,3
42092,2
42101,5
42173,9
42251,3
42284,3
42326,1
42343,3
42439,2
42658,0
42742,4
42853,9
42889,5
42906,3
42951,3
43029,3
43060,8
43128,1
43153,2
43160,7
43201,8
43241,2
43332,1
43371,2
43373,3
43379,6
43390,7
43402,5
43593,0
43643,6
43698,8
43869,3
43908,6
44032,3
44043,9
44063,0
44146,3
44160,7
44162,3
44338,3
44403,9
44582,1
44640,7
44666,6
44684,3
44836,7
44862,0
45048,4
45083,0
45124,5
45187,7
45304,9
45350,2
45402,0
45419,3
45477,3
45488,2
45658,3
45796,3
45810,9
45841,9
45881,6
45933,5
45979,3
46040,1
46185,1
46206,9
46220,4
46301,9
46328,0
46347,1
46356,7
46390,6
46406,3
46412,0
46479,0
46648,7
46748,0
46773,9
46804,6
46891,5
46924,5
46943,6
47043,2
47048,9
47140,3
47147,6
47329,3
47447,0
47459,9
47512,8
47533,3
47601,1
47749,3
47774,6
47844,7
47869,1
47870,9
47994,1
48020,4
48090,6
48137,3
48269,5
48288,4
48311,3
48366,6
48447,4
48467,4
48471,6
48605,6
48632,6
48710,4
48769,5
48819,4
48917,3
48927,9
48945,6
48957,4
49012,7
49133,6
49183,3
49207,3
49226,9
49251,4
49265,1
49312,3
49349,2
49366,8
49390,3
49404,3
49411,2
49524,6
49567,2
49583,0
49597,6
49688,4
49821,3
49848,0
49896,3
49951,2
49986,7
49987,0
50051,1
50092,6
50126,7
50216,4
50275,6
50298,0
50390,0
50393,8
50505,8
50534,0
50550,1
50559,0
50584,6
50609,4
50786,5
50794,7
50813,0
50862,0
50918,1
50930,0
50958,0
51017,0
51066,6
51071,4
51090,2
51139,6
51167,0
51353,7
51364,5
51415,0
51474,3
51491,0
51546,0
51613,3
51615,8
51757,9
51778,6
51855,5
51947,3
51956,9
52035,3
52036,0
52092,7
52207,2
52227,3
52303,8
52492,1
52510,9
52519,4
52599,0
52781,6
52904,3
52931,3
52948,9
52955,0
53216,9
53311,6
53468,1
53508,8
53512,2
53531,1
53671,3
53673,4
53688,3
53845,9
53874,3
53951,9
53983,6
54065,7
54156,4
54284,0
54316,6
54329,1
54338,2
54390,6
54398,3
54460,3
54474,0
54484,2
54498,8
54560,3
54562,5
54686,4
54700,3
54780,3
54822,0
54933,6
54973,2
55028,3
55109,4
55166,6
55363,7
55464,9
55595,9
55603,7
55604,8
55789,2
55858,3
55923,3
55934,7
56002,5
56067,3
56100,2
56134,3
56137,0
56145,8
56166,9
56204,3
56284,8
56323,9
56480,9
56633,1
56719,2
56781,0
56884,9
56925,3
56993,2
57157,6
57311,5
57328,4
57427,2
57507,0
57533,3
57656,6
57699,9
57733,4
57740,1
57753,9
57754,6
57766,3
57887,0
58048,3
58116,0
58146,0
58171,1
58323,2
58461,0
58615,8
58641,9
58729,3
58770,6
58825,6
58852,9
58858,0
58879,0
58937,3
58946,3
58949,6
58974,7
59093,2
59155,0
59172,7
59233,1
59262,3
59271,3
59274,8
59601,6
59722,4
59735,3
59759,4
59876,6
59921,3
59956,5
