2,4
5,2
19,9
52,7
75,0
107,3
120,2
163,4
190,2
191,5
204,6
216,0
225,8
232,0
253,2
263,7
266,5
283,0
295,8
296,0
305,7
307,7
320,0
326,0
327,3
333,8
360,2
367,6
374,9
379,4
383,9
384,7
402,4
467,7
472,2
502,5
516,5
531,4
534,6
540,3
554,5
562,7
569,4
580,9
582,0
608,7
610,5
615,8
631,9
633,0
650,2
664,2
694,8
726,8
732,2
767,3
784,8
786,7
814,2
815,5
817,8
863,2
906,4
924,5
940,9
963,8
1008,4
1011,2
1015,0
1035,3
1048,2
1056,9
1071,5
1074,2
1116,9
1141,8
1163,4
1194,9
1247,8
1248,4
1249,2
1256,9
1259,1
1273,4
1290,3
1333,9
1359,0
1395,2
1409,3
1417,7
1418,6
1443,0
1472,1
1475,8
1489,0
1505,8
1519,8
1564,7
1569,9
1579,1
1616,8
1627,1
1656,7
1671,6
1674,9
1698,3
1724,2
1752,5
1758,8
1785,5
1792,6
1793,8
1800,2
1812,4
1841,2
1851,7
1867,5
1873,8
1905,9
1938,3
1939,9
1956,0
1971,3
1995,0
2002,8
2021,3
2032,4
2056,5
2066,0
2083,1
2085,2
2095,7
2100,0
2161,7
2172,5
2173,7
2195,0
2218,0
2266,5
2269,0
2286,3
2296,6
2297,7
2303,8
2305,2
2311,6
2326,1
2375,1
2424,4
2434,9
2451,4
2458,4
2479,6
2501,9
2567,3
2571,5
2632,3
2641,2
2664,2
2681,8
2702,9
2744,5
2748,2
2765,0
2795,9
2801,4
2814,7
2826,0
2841,8
2844,7
2875,2
2882,0
2892,2
2899,0
2913,6
2954,6
2966,5
3031,5
3057,3
3078,2
3106,0
3117,4
3141,5
3180,5
3211,8
3216,5
3218,4
3275,5
3301,5
3302,9
3315,4
3342,2
3353,8
3382,9
3389,9
3456,1
3460,3
3479,0
3486,2
3501,8
3538,7
3539,5
3566,9
3568,0
3578,2
3594,9
3613,5
3642,2
3702,0
3737,8
3761,4
3778,0
3784,9
3848,2
3867,9
3882,0
3927,9
3977,9
3981,2
3988,5
3998,9
4000,7
4073,3
4104,5
4153,2
4157,2
4163,1
4194,5
4197,4
4219,9
4238,3
4241,2
4262,3
4276,3
4278,2
4288,0
4345,9
4350,9
4356,0
4387,1
4392,6
4424,5
4438,4
4448,8
4450,5
4466,9
4479,7
4494,4
4517,6
4532,0
4547,9
4617,5
4625,5
4643,7
4650,2
4667,9
4671,9
4689,9
4693,9
4734,7
4749,0
4774,7
4793,0
4796,4
4830,9
4863,7
4874,4
4877,4
4887,8
4931,0
4941,5
4955,2
4967,8
5015,0
5061,5
5091,4
5100,7
5103,2
5106,9
5109,5
5110,2
5126,6
5161,7
5165,9
5199,8
5216,2
5233,9
5236,2
5263,8
5304,1
5319,0
5332,3
5346,8
5367,7
5372,8
5415,2
5434,3
5437,7
5461,0
5476,8
5487,0
5501,9
5524,6
5573,3
5580,4
5589,9
5668,5
5695,8
5727,9
5728,3
5737,5
5746,9
5788,3
5792,4
5799,3
5825,7
5869,9
5874,9
5887,5
5905,0
5925,5
5941,3
5942,3
5976,7
5979,9
5996,6
6047,6
6074,9
6079,2
6084,9
6102,6
6127,4
6145,9
6149,9
6157,6
6182,3
6202,7
6264,5
6270,2
6359,5
6362,3
6370,5
6391,2
6412,5
6422,0
6436,1
6465,2
6474,6
6481,7
6492,2
6542,9
6547,2
6557,5
6640,1
6659,8
6694,9
6722,7
6780,2
6790,9
6811,2
6815,2
6836,5
6838,9
6847,0
6866,7
6875,0
6927,6
6936,5
6938,8
6948,2
6975,6
7001,7
7006,9
7035,8
7053,9
7059,7
7071,9
7072,2
7104,6
7121,8
7157,9
7189,3
7207,2
7213,7
7226,7
7267,0
7268,6
7356,8
7375,2
7379,6
7389,6
7429,1
7433,3
7461,8
7481,5
7508,8
7539,8
7556,3
7586,8
7615,2
7624,2
7637,4
7676,9
7716,1
7735,5
7751,4
7762,3
7794,3
7796,2
7803,3
7867,6
7873,9
7889,7
7894,0
7945,7
7948,0
7949,9
7962,5
7968,6
7982,3
7983,2
8049,7
8059,9
8065,3
8067,8
8125,8
8200,3
8201,2
8211,2
8217,7
8233,0
8262,0
8298,4
8325,4
8328,6
8329,9
8331,1
8338,3
8356,9
8371,8
8375,7
8440,9
8489,0
8493,2
8522,8
8545,0
8547,9
8557,3
8567,4
8589,1
8596,7
8626,9
8631,2
8632,2
8638,6
8669,9
8671,9
8727,2
8732,8
8764,8
8799,6
8814,6
8819,5
8841,2
8889,8
8921,2
8952,2
8968,9
8971,9
8974,6
8983,2
9010,6
9014,8
9021,2
9049,6
9099,8
9105,2
9111,5
9123,6
9133,1
9135,2
9151,0
9154,8
9160,5
9205,5
9208,8
9240,1
9253,3
9263,7
9274,7
9308,9
9391,4
9399,1
9405,6
9436,4
9528,8
9560,7
9580,6
9587,5
9611,8
9619,6
9666,0
9671,0
9673,9
9744,0
9772,2
9806,0
9829,3
9904,3
9907,1
9955,7
9998,9
10024,2
10046,7
10057,8
10066,8
10069,0
10073,2
10083,0
10108,6
10117,2
10158,2
10176,0
10177,4
10181,7
10199,9
10242,0
10269,4
10293,1
10308,2
10314,3
10331,4
10340,0
10347,2
10373,5
10374,9
10398,8
10413,1
10428,9
10480,9
10490,8
10494,4
10502,2
10547,7
10561,8
10593,7
10630,6
10655,8
10670,4
10701,5
10766,2
10779,3
10785,2
10800,8
10802,2
10835,7
10855,6
10882,3
10894,5
10903,5
10908,4
10927,8
10969,7
10983,1
11022,0
11074,9
11096,9
11113,4
11148,4
11206,9
11251,2
11301,3
11313,9
11373,9
11384,2
11425,8
11483,6
11523,5
11529,8
11536,9
11580,9
11594,7
11611,8
11744,4
11745,9
11754,0
11763,7
11767,4
11770,4
11787,6
11788,3
11834,0
11839,5
11842,5
11866,6
11923,8
11947,9
11951,3
11986,4
11998,8
12054,8
12063,3
12064,4
12066,8
12093,2
12099,8
12130,8
12146,5
12148,3
12156,2
12161,2
12173,8
12175,9
12188,7
12200,9
12205,0
12221,1
12232,5
12239,0
12284,5
12303,3
12321,0
12325,0
12398,4
12403,7
12465,4
12484,5
12488,5
12520,6
12526,7
12537,7
12542,0
12618,4
12621,2
12638,5
12643,1
12663,8
12682,2
12708,9
12721,9
12724,7
12744,6
12748,0
12782,8
12818,5
12844,2
12897,0
12905,6
12906,2
12938,2
12979,7
12981,3
12989,9
13000,7
13032,9
13040,5
13063,9
13087,6
13109,3
13117,0
13120,5
13133,6
13139,2
13187,7
13249,2
13308,9
13327,8
13328,5
13365,8
13377,0
13406,2
13417,3
13428,9
13430,4
13472,9
13556,1
13603,5
13633,5
13641,0
13665,7
13666,9
13723,8
13724,5
13737,6
13742,9
13751,0
13760,6
13791,9
13805,9
13810,7
13837,2
13864,4
13869,8
13873,0
13879,3
13899,8
13904,9
13926,0
13966,8
13984,2
14005,2
14054,5
14060,1
14067,4
14069,5
14074,5
14102,0
14115,3
14118,2
14141,7
14144,5
14150,5
14153,0
14155,6
14158,0
14165,0
14170,8
14177,3
14197,7
14199,5
14211,8
14257,4
14259,4
14264,2
14334,0
14361,3
14398,7
14429,2
14437,6
14493,9
14499,8
14556,7
14567,3
14577,3
14589,0
14596,2
14598,7
14607,9
14620,4
14626,8
14630,5
14688,5
14696,9
14731,6
14733,8
14760,2
14767,1
14800,2
14804,6
14851,3
14884,9
14901,2
14909,6
14916,3
14917,5
14962,2
14978,2
14996,2
15011,4
15053,3
15086,7
15091,8
15098,7
15138,1
15226,3
15229,7
15289,8
15336,3
15344,0
15395,9
15404,6
15436,8
15447,6
15454,0
15459,6
15501,8
15502,8
15566,0
15573,2
15588,2
15591,6
15620,6
15642,2
15685,5
15707,8
15723,8
15767,5
15799,2
15813,1
15833,7
15834,5
15882,0
15917,2
15930,3
15988,8
16008,9
16036,8
16041,7
16045,0
16063,5
16074,3
16093,4
16106,9
16116,5
16117,9
16144,0
16174,5
16202,0
16294,2
16295,5
16296,3
16329,3
16333,5
16341,9
16352,0
16353,5
16391,4
16394,7
16395,7
16397,4
16409,9
16418,1
16421,9
16436,6
16443,4
16450,4
16455,1
16458,1
16508,1
16520,0
16549,3
16555,6
16556,3
16560,6
16587,3
16600,4
16601,4
16654,2
16661,7
16684,6
16724,8
16754,2
16758,0
16760,2
16762,8
16782,6
16795,7
16800,7
16812,2
16853,9
16915,7
16928,0
16945,3
16952,2
16968,9
16969,4
16990,7
16995,4
17051,0
17056,8
17063,3
17067,4
17101,1
17103,3
17105,3
17106,0
17123,2
17143,7
17145,8
17162,8
17168,6
17178,8
17195,9
17206,7
17211,9
17224,5
17234,9
17255,3
17270,8
17275,8
17279,1
17300,4
17306,7
17313,4
17330,3
17405,8
17412,4
17445,9
17455,9
17503,0
17516,2
17535,0
17542,6
17561,4
17595,2
17597,9
17605,1
17610,5
17647,6
17665,5
17683,7
17698,9
17730,4
17763,2
17821,2
17828,0
17849,7
17860,9
17877,0
17878,8
17915,5
17924,8
17941,0
17951,5
17972,9
17990,8
18022,0
18077,2
18080,5
18081,4
18083,5
18084,2
18103,5
18135,2
18143,9
18147,2
18166,9
18183,7
18187,9
18191,7
18193,9
18199,6
18203,4
18230,2
18255,2
18297,4
18308,4
18323,2
18330,6
18333,7
18344,6
18366,5
18379,5
18385,4
18408,7
18414,8
18427,7
18433,8
18436,4
18446,5
18494,7
18516,1
18525,6
18535,2
18569,3
18570,4
18600,5
18617,4
18635,8
18670,6
18706,7
18714,8
18716,6
18720,7
18733,9
18736,7
18752,3
18784,7
18808,5
18831,4
18844,7
18868,0
18871,7
18926,0
18935,9
18999,4
19016,3
19055,4
19072,0
19124,8
19153,7
19185,9
19208,6
19244,9
19256,9
19302,3
19314,2
19321,2
19344,7
19371,8
19396,5
19397,2
19419,0
19431,6
19434,7
19435,8
19442,3
19444,2
19462,6
19497,5
19508,2
19538,8
19541,8
19547,0
19554,0
19596,9
19601,3
19612,0
19638,5
19644,9
19649,0
19657,4
19691,1
19699,5
19702,5
19755,2
19773,7
19806,9
19807,8
19818,0
19906,8
19920,5
19968,1
19980,5
20002,7
20053,4
20055,2
20109,5
20147,3
20196,9
20204,8
20215,0
20241,9
20264,9
20310,7
20330,9
20339,8
20359,5
20367,6
20371,0
20410,9
20452,7
20462,9
20473,2
20550,2
20560,8
20575,5
20590,5
20595,2
20601,5
20603,6
20634,4
20644,9
20771,8
20788,9
20826,9
20831,2
20833,3
20837,5
20854,5
20918,9
20920,9
20969,7
21000,7
21004,6
21005,5
21008,6
21011,5
21037,4
21041,6
21117,6
21145,9
21188,8
21218,9
21244,5
21245,9
21252,5
21265,7
21266,0
21300,9
21303,2
21309,5
21363,4
21374,4
21405,7
21410,6
21428,3
21487,3
21504,2
21515,3
21545,6
21556,8
21589,8
21647,3
21651,7
21659,8
21686,9
21718,9
21727,2
21774,9
21801,6
21820,5
21829,1
21885,7
21911,2
21934,6
21937,7
21945,0
21947,3
21957,9
21963,5
21983,2
21985,0
21988,4
21996,0
22047,2
22123,8
22130,5
22131,7
22133,2
22208,0
22217,2
22263,9
22275,5
22304,3
22305,9
22308,8
22322,3
22358,2
22376,2
22406,9
22409,4
22424,6
22437,9
22441,0
22442,2
22518,4
22526,8
22532,8
22712,2
22731,2
22766,4
22767,3
22804,9
22819,5
22835,3
22875,9
22881,2
22887,5
22894,3
22900,2
22901,2
22912,0
22917,0
22930,2
22932,0
22936,6
22947,9
22950,7
22953,6
22974,4
22975,6
22985,4
23036,1
23054,7
23070,7
23077,8
23087,2
23114,2
23148,6
23157,3
23161,8
23185,2
23222,2
23278,9
23319,2
23337,3
23436,8
23439,3
23440,8
23452,5
23454,0
23461,8
23478,4
23499,0
23509,8
23544,5
23551,7
23561,2
23647,1
23689,5
23726,7
23734,5
23763,5
23777,2
23797,2
23808,5
23814,2
23816,9
23825,5
23840,7
23852,1
23866,3
23867,9
23868,9
23887,2
23918,5
23919,9
24003,6
24016,6
24029,9
24040,7
24069,0
24093,5
24147,8
24152,2
24177,2
24185,9
24200,7
24210,9
24211,9
24264,3
24318,5
24325,7
24326,3
24327,4
24405,1
24414,3
24432,4
24452,3
24453,6
24499,9
24509,1
24593,9
24627,0
24761,4
24773,5
24785,6
24872,0
24877,0
24879,1
24890,5
24930,1
24951,5
24967,9
24981,8
24986,4
24989,3
25016,8
25042,1
25088,2
25098,6
25139,2
25140,7
25152,0
25156,2
25157,2
25163,1
25183,6
25201,7
25210,3
25266,3
25308,7
25344,0
25385,9
25388,8
25395,0
25421,1
25423,5
25458,7
25519,2
25528,9
25533,2
25560,5
25566,5
25584,0
25609,2
25623,5
25625,9
25737,4
25755,0
25823,0
25837,9
25840,5
25850,7
25852,9
25862,7
25868,7
25872,9
25879,8
25881,9
25883,3
25891,5
25912,2
25942,0
25946,9
26015,4
26044,0
26063,7
26075,2
26091,7
26109,4
26117,0
26137,4
26149,3
26161,2
26166,4
26189,7
26224,2
26265,2
26283,5
26296,4
26314,9
26373,8
26405,9
26435,4
26436,0
26445,1
26451,5
26454,2
26472,6
26486,9
26497,6
26527,9
26547,5
26558,9
26584,6
26590,5
26627,4
26639,0
26669,2
26692,3
26706,5
26722,0
26729,6
26752,5
26777,6
26782,2
26811,7
26844,9
26864,4
26878,3
26895,9
26897,4
26904,4
26923,0
26938,6
26956,2
26980,0
26990,0
27014,4
27051,8
27056,4
27081,6
27093,2
27102,4
27108,2
27111,1
27138,2
27183,3
27220,7
27228,5
27231,9
27235,7
27245,1
27265,7
27302,7
27311,2
27341,7
27384,2
27423,3
27428,6
27456,2
27458,2
27461,1
27498,7
27502,5
27507,7
27508,8
27517,4
27555,4
27588,4
27618,2
27628,0
27631,0
27676,4
27685,6
27694,4
27731,9
27770,2
27784,3
27791,2
27876,9
27878,2
27890,6
27892,8
27949,9
27989,2
28003,8
28009,7
28042,8
28053,7
28072,0
28090,1
28107,3
28113,9
28159,4
28200,2
28211,7
28228,2
28233,8
28245,1
28274,0
28279,9
28289,2
28290,4
28296,0
28314,7
28324,2
28338,8
28356,5
28358,0
28389,2
28390,8
28480,8
28492,4
28494,2
28561,3
28570,5
28589,5
28603,2
28623,8
28663,8
28689,9
28726,8
28773,3
28775,7
28787,2
28801,2
28813,8
28873,9
28911,9
28937,2
28941,9
28957,3
28979,1
28983,3
28999,8
29018,9
29028,6
29032,7
29062,1
29067,0
29073,3
29074,0
29101,0
29150,5
29164,8
29167,2
29179,8
29210,7
29228,4
29230,0
29251,4
29261,9
29293,5
29325,7
29335,8
29364,0
29404,5
29414,0
29481,2
29505,5
29508,7
29524,5
29570,0
29574,4
29600,4
29637,5
29639,6
29648,5
29655,9
29661,7
29677,0
29680,8
29682,6
29686,6
29691,8
29724,9
29731,9
29734,2
29736,0
29791,3
29792,4
29847,9
29853,2
29876,2
29881,6
29886,8
29899,3
29908,7
29910,4
29914,4
29943,7
29961,1
30018,7
30027,2
30056,2
30073,1
30086,5
30095,9
30120,2
30142,6
30195,4
30196,0
30216,5
30221,9
30227,2
30247,8
30248,8
30249,6
30251,3
30257,9
30310,7
30331,0
30333,5
30336,2
30346,2
30353,2
30354,3
30415,8
30422,4
30431,3
30432,7
30442,7
30446,9
30456,5
30476,5
30487,2
30492,2
30496,0
30506,4
30531,7
30541,7
30583,9
30589,2
30626,5
30643,7
30713,7
30744,6
30797,5
30798,7
30804,9
30810,2
30815,4
30837,5
30839,6
30930,6
30939,0
30949,3
30955,0
30992,0
31096,2
31137,7
31148,2
31158,5
31168,8
31190,5
31206,8
31225,9
31230,5
31289,6
31292,8
31336,9
31340,4
31354,2
31363,6
31422,2
31426,9
31477,7
31486,8
31512,2
31527,7
31529,1
31551,9
31563,4
31638,2
31675,9
31710,8
31724,3
31733,9
31734,5
31742,7
31778,0
31779,5
31802,2
31807,2
31812,7
31835,7
31852,2
31875,5
31890,2
31917,9
31935,2
31944,5
31948,6
31965,4
31969,0
32016,9
32025,3
32028,7
32029,9
32030,8
32032,4
32039,5
32048,7
32053,4
32071,3
32098,0
32174,7
32200,5
32210,0
32244,8
32251,9
32273,0
32316,9
32342,9
32351,9
32353,1
32369,4
32388,0
32417,9
32434,3
32443,9
32493,0
32511,5
32515,7
32533,5
32540,1
32581,3
32598,5
32654,2
32714,9
32722,8
32725,6
32776,4
32778,0
32784,8
32792,2
32805,8
32825,2
32882,9
32883,3
32885,3
32914,1
32933,3
32953,0
33007,2
33045,1
33051,4
33081,5
33087,0
33096,2
33133,2
33136,0
33149,0
33173,0
33185,2
33216,5
33290,2
33311,9
33327,0
33334,2
33358,9
33401,6
33443,9
33459,7
33461,9
33463,2
33484,6
33504,7
33531,9
33538,0
33552,4
33556,1
33580,1
33581,9
33590,3
33593,2
33599,9
33609,3
33614,4
33640,0
33641,0
33651,7
33737,7
33748,5
33756,9
33762,9
33764,9
33806,9
33843,0
33862,9
33913,7
33915,4
33999,9
34021,5
34036,0
34037,0
34078,2
34098,8
34113,2
34126,9
34187,5
34197,0
34258,9
34283,0
34323,2
34332,9
34372,8
34385,2
34414,8
34421,0
34450,2
34453,5
34460,8
34473,5
34488,6
34493,1
34542,1
34563,8
34564,7
34589,6
34664,2
34673,7
34703,6
34706,0
34729,9
34730,0
34806,5
34819,8
34834,9
34847,0
34848,2
34860,4
34868,5
34871,2
34899,7
34902,2
34936,2
34943,0
34969,9
35018,8
35031,2
35054,9
35063,0
35080,9
35083,8
35110,2
35117,5
35126,4
35134,2
35152,4
35171,5
35173,3
35212,1
35256,4
35279,2
35302,0
35326,5
35331,2
35355,9
35372,7
35402,4
35409,0
35416,7
35424,6
35453,2
35454,2
35470,6
35521,8
35530,3
35535,5
35553,7
35564,6
35570,5
35576,8
35659,0
35671,0
35717,0
35721,2
35725,4
35735,9
35739,0
35786,9
35790,7
35843,8
35869,3
35893,9
35909,2
35946,4
35992,2
36003,7
36043,9
36102,9
36109,9
36120,2
36126,5
36134,7
36135,7
36161,9
36215,1
36217,5
36235,4
36267,6
36304,0
36305,6
36307,7
36309,5
36310,6
36322,4
36383,6
36392,9
36397,2
36450,2
36533,0
36550,9
36593,2
36599,5
36605,8
36607,9
36610,8
36673,6
36696,8
36714,6
36741,0
36749,0
36751,8
36756,5
36795,4
36808,9
36812,5
36825,8
36827,9
36838,6
36876,7
36936,2
36950,2
36951,7
36983,8
37009,9
37048,9
37068,7
37089,5
37136,9
37162,9
37188,3
37211,9
37267,8
37312,8
37318,9
37385,4
37391,9
37424,9
37429,4
37435,2
37449,9
37460,8
37465,5
37467,0
37480,7
37485,4
37506,0
37508,7
37565,1
37590,5
37592,5
37646,2
37667,6
37695,8
37701,8
37729,3
37733,7
37793,4
37795,3
37815,4
37842,5
37877,9
37894,5
37925,2
37934,9
38009,2
38049,3
38062,0
38065,8
38076,7
38138,0
38139,0
38182,9
38185,6
38187,6
38193,3
38224,7
38230,9
38276,1
38339,2
38340,1
38347,6
38373,4
38394,6
38401,2
38406,2
38440,0
38442,8
38444,6
38448,6
38496,4
38508,5
38519,9
38593,3
38594,5
38617,2
38628,5
38691,0
38700,1
38771,3
38775,9
38783,7
38788,7
38795,9
38797,3
38825,2
38826,2
38831,1
38841,8
38843,5
38868,1
38896,5
38947,9
38985,1
39010,7
39037,0
39039,0
39057,1
39066,3
39080,4
39086,6
39174,9
39191,8
39275,7
39293,9
39324,4
39326,0
39349,3
39386,4
39391,8
39395,8
39414,4
39419,8
39431,6
39454,1
39469,3
39474,0
39480,9
39486,4
39511,4
39556,5
39571,9
39599,8
39612,0
39614,9
39619,3
39644,2
39650,6
39749,7
39822,9
39823,0
39845,7
39846,1
39859,0
39863,7
39908,6
39916,4
39919,2
39927,9
39954,4
39997,9
40039,0
40041,5
40073,9
40074,0
40093,6
40107,2
40116,4
40119,2
40124,6
40142,1
40157,6
40176,6
40183,2
40204,7
40213,8
40269,9
40297,9
40301,3
40318,2
40322,0
40323,7
40331,6
40379,4
40398,8
40404,3
40413,2
40425,2
40432,5
40441,0
40493,4
40501,6
40516,1
40518,5
40542,2
40543,6
40575,3
40600,4
40635,1
40636,3
40643,7
40668,7
40688,5
40697,8
40702,4
40741,6
40753,9
40757,6
40776,5
40816,2
40875,8
40888,0
40907,6
40912,4
40921,1
40959,5
40969,0
41004,2
41014,9
41045,5
41047,6
41069,0
41082,2
41112,2
41134,6
41138,0
41157,6
41200,8
41230,5
41332,1
41342,4
41365,7
41377,9
41380,6
41448,7
41455,4
41475,5
41511,4
41515,3
41520,7
41550,8
41554,1
41557,0
41648,4
41655,4
41673,5
41683,0
41726,6
41759,5
41802,2
41846,4
41850,3
41854,7
41861,2
41863,3
41878,2
41977,4
41984,2
41991,4
42003,8
42006,8
42030,7
42032,4
42039,1
42042,4
42048,9
42077,7
42084,0
42134,7
42143,6
42174,6
42240,2
42282,7
42290,7
42305,6
42312,5
42320,7
42321,5
42344,9
42357,4
42387,5
42394,2
42399,4
42402,0
42429,2
42434,3
42459,9
42468,7
42478,8
42488,0
42495,8
42567,4
42577,9
42584,1
42592,7
42627,3
42628,9
42641,5
42718,9
42745,6
42758,3
42791,3
42793,4
42827,5
42842,2
42882,9
42915,0
42925,0
42934,2
42975,6
43019,7
43028,9
43032,2
43078,4
43084,5
43157,4
43183,9
43184,2
43196,3
43205,0
43210,9
43230,3
43237,9
43273,0
43274,4
43302,4
43360,2
43386,6
43420,6
43432,5
43447,8
43470,7
43483,7
43497,0
43522,8
43530,4
43542,7
43631,0
43635,2
43644,3
43662,0
43681,2
43690,8
43700,4
43717,3
43743,2
43786,9
43799,5
43805,5
43810,9
43819,4
43820,5
43841,7
43856,5
43861,8
43875,3
43898,7
43907,8
43912,7
43913,0
43943,3
43952,3
43954,4
43966,9
44006,5
44040,0
44061,8
44145,7
44147,5
44158,1
44165,5
44253,5
44331,6
44400,9
44406,5
44411,0
44422,1
44427,8
44455,2
44463,6
44494,5
44496,4
44503,6
44526,7
44531,0
44536,7
44539,7
44563,5
44570,7
44587,4
44592,9
44616,8
44620,4
44632,4
44646,4
44648,1
44652,8
44653,2
44657,2
44677,1
44716,3
44721,9
44740,2
44744,0
44757,7
44787,7
44810,5
44831,4
44836,7
44844,0
44867,0
44951,0
44973,9
44978,2
44985,9
45003,5
45080,6
45099,2
45161,8
45165,0
45170,7
45174,9
45178,9
45206,2
45209,6
45215,7
45222,5
45224,6
45303,0
45326,8
45358,2
45369,9
45411,7
45429,4
45453,2
45455,0
45461,9
45471,1
45487,9
45504,0
45524,7
45528,9
45570,7
45647,8
45717,8
45731,5
45741,0
45750,6
45771,6
45774,3
45802,8
45805,6
45811,7
45842,8
45849,8
45851,6
45852,2
45854,3
45866,8
45872,5
45890,5
45898,8
45902,3
45918,8
45920,2
45950,4
45954,8
45958,2
46063,8
46066,9
46073,5
46098,3
46154,8
46173,1
46180,5
46244,5
46248,7
46250,2
46252,8
46261,9
46275,1
46278,7
46293,2
46316,9
46343,2
46357,4
46363,7
46369,5
46389,6
46396,8
46409,3
46414,2
46419,7
46426,7
46454,3
46458,5
46471,6
46477,9
46486,2
46495,8
46586,2
46595,3
46613,4
46640,5
46656,2
46699,8
46719,8
46720,5
46739,8
46784,9
46810,0
46871,0
46884,4
46890,5
46894,4
46928,7
47016,5
47082,9
47137,7
47150,0
47171,2
47230,2
47231,2
47265,6
47270,2
47276,4
47303,7
47334,4
47339,5
47343,6
47346,0
47351,7
47354,2
47382,1
47390,9
47426,3
47440,1
47459,9
47477,4
47478,8
47487,7
47519,3
47528,5
47548,8
47588,9
47661,5
47668,1
47691,4
47697,1
47699,6
47703,9
47727,7
47768,5
47772,6
47781,3
47794,6
47807,6
47809,7
47812,0
47907,2
47922,2
47928,1
47990,2
47995,5
47997,0
48034,2
48069,5
48081,8
48100,7
48148,9
48165,7
48196,0
48219,6
48251,5
48252,4
48270,2
48319,6
48323,2
48373,4
48391,2
48401,2
48515,7
48525,2
48542,0
48550,2
48566,9
48577,9
48585,7
48617,8
48619,7
48651,7
48654,9
48672,7
48678,7
48686,2
48701,3
48716,0
48771,9
48775,9
48809,6
48819,4
48827,6
48830,0
48839,6
48850,5
48868,3
48876,4
48909,7
48933,2
48950,5
48959,4
48962,4
48968,9
48973,8
49014,0
49050,4
49089,2
49130,9
49155,4
49168,2
49174,7
49193,3
49285,2
49291,5
49303,8
49349,2
49352,5
49362,1
49375,5
49391,7
49403,6
49407,8
49408,2
49431,3
49434,2
49460,5
49532,8
49539,6
49548,8
49574,9
49582,2
49583,0
49609,4
49652,5
49655,5
49673,3
49688,4
49739,0
49740,9
49757,2
49767,9
49815,0
49828,6
49918,7
49928,5
49965,6
49995,5
50047,7
50060,5
50078,9
50096,2
50118,6
50167,2
50176,8
50203,4
50217,9
50220,6
50229,2
50230,2
50240,0
50272,8
50327,8
50329,9
50332,5
50337,3
50358,9
50421,8
50434,0
50443,7
50462,9
50478,2
50492,0
50504,2
50508,2
50539,0
50554,3
50558,9
50599,4
50619,6
50623,6
50657,6
50677,5
50688,3
50738,8
50752,9
50792,7
50826,2
50836,6
50838,1
50840,2
50875,2
50878,7
50892,3
50894,7
50898,2
50930,0
50966,2
50985,5
50991,2
50999,7
51001,2
51008,8
51023,7
51039,5
51068,7
51089,6
51090,2
51099,9
51114,4
51168,9
51176,5
51178,7
51216,2
51221,4
51265,0
51335,7
51338,4
51367,5
51391,8
51479,0
51486,3
51515,4
51528,6
51545,9
51599,2
51634,7
51636,7
51669,0
51682,2
51683,7
51685,0
51727,5
51730,9
51769,8
51812,9
51813,1
51815,0
51842,9
51853,4
51855,5
51870,2
51934,3
51941,7
51945,9
51978,0
51989,5
51996,7
52006,2
52010,7
52018,9
52033,8
52064,0
52071,7
52085,3
52114,0
52125,6
52140,4
52147,7
52203,9
52222,4
52279,4
52289,0
52316,2
52333,9
52375,3
52386,3
52397,0
52398,8
52400,2
52407,7
52412,6
52428,0
52429,0
52433,2
52440,2
52459,5
52463,7
52472,6
52481,9
52506,9
52562,1
52586,1
52593,0
52609,0
52641,6
52663,4
52666,7
52684,2
52706,5
52709,9
52714,9
52720,0
52730,7
52736,7
52741,1
52757,2
52766,0
52776,5
52810,3
52833,6
52839,2
52840,2
52846,9
52870,5
52903,9
52915,6
52920,4
52957,6
52958,4
52972,3
52986,6
52995,0
53048,3
53073,0
53079,8
53107,3
53116,0
53118,0
53139,2
53166,9
53167,3
53232,7
53246,3
53252,3
53269,2
53276,9
53278,4
53285,8
53297,0
53342,9
53346,4
53376,3
53378,4
53382,3
53392,7
53409,1
53434,2
53455,2
53466,5
53471,1
53486,8
53504,2
53535,0
53549,7
53586,3
53587,1
53594,1
53597,9
53620,5
53624,7
53632,0
53638,5
53639,2
53656,2
53663,8
53698,9
53701,8
53703,9
53733,2
53742,2
53751,5
53752,9
53785,0
53813,7
53837,2
53863,3
53866,7
53868,9
53876,2
53885,8
53920,5
53948,9
53973,5
54004,0
54016,3
54029,3
54056,8
54058,2
54069,9
54078,2
54112,4
54132,8
54158,4
54159,5
54199,3
54214,0
54220,2
54221,0
54237,6
54274,7
54275,9
54344,8
54374,4
54378,7
54389,9
54413,3
54431,4
54435,7
54442,5
54455,4
54498,8
54509,9
54520,9
54521,4
54545,2
54576,1
54595,0
54599,9
54705,8
54710,4
54723,5
54730,3
54738,9
54743,9
54761,7
54771,6
54884,8
54895,4
54902,5
54904,5
54936,4
54943,0
54956,2
54970,5
54971,7
54975,5
54985,0
55002,8
55035,3
55051,3
55056,0
55058,5
55061,8
55062,3
55113,7
55114,9
55130,0
55131,9
55146,8
55157,2
55158,2
55216,7
55229,5
55239,4
55247,9
55252,6
55258,4
55264,8
55280,4
55351,4
55376,5
55378,3
55387,6
55404,2
55413,7
55430,8
55513,5
55531,5
55555,8
55559,2
55568,9
55576,0
55639,5
55645,6
55731,6
55733,8
55739,5
55742,6
55755,5
55803,9
55840,0
55850,9
55863,7
55872,4
55899,2
55908,5
55942,6
55977,6
55978,9
55987,2
56000,1
56003,9
56017,7
56046,1
56065,2
56083,2
56102,9
56140,0
56174,0
56177,6
56200,5
56268,4
56272,7
56274,7
56288,3
56300,9
56306,5
56309,5
56365,1
56390,7
56426,7
56427,2
56465,2
56478,9
56508,2
56509,0
56515,3
56528,3
56529,5
56533,0
56552,6
56558,2
56565,3
56583,2
56596,4
56618,9
56641,6
56658,5
56694,7
56724,0
56733,9
56745,5
56765,5
56769,7
56777,0
56779,1
56791,3
56802,4
56807,9
56811,6
56813,5
56821,2
56835,0
56864,2
56894,8
56910,1
56933,9
56978,8
57002,4
57063,7
57075,6
57146,4
57161,0
57178,7
57195,3
57198,6
57252,0
57293,5
57313,6
57319,2
57334,7
57361,4
57396,3
57455,2
57480,5
57490,6
57499,4
57533,3
57565,6
57573,2
57605,2
57634,0
57655,8
57659,0
57695,0
57703,7
57751,7
57819,4
57820,3
57853,5
57859,2
57873,4
57879,3
57887,0
57940,4
57942,5
57963,0
57978,7
57982,5
58114,2
58135,2
58139,1
58162,2
58186,8
58208,4
58223,0
58233,8
58254,2
58332,9
58353,0
58383,7
58393,7
58401,9
58426,9
58450,7
58452,2
58469,9
58480,7
58498,8
58499,9
58504,4
58513,3
58519,9
58531,4
58631,7
58639,9
58641,9
58651,2
58655,5
58720,2
58728,2
58747,3
58765,0
58819,0
58827,8
58837,8
58850,9
58859,9
58886,1
58896,2
58934,0
58942,8
58961,9
58974,7
58988,7
59103,0
59130,2
59143,0
59172,7
59205,9
59206,6
59222,2
59235,8
59241,0
59276,7
59281,2
59368,5
59373,1
59409,9
59437,6
59463,6
59469,7
59477,0
59513,7
59524,7
59553,5
59558,0
59617,7
59648,8
59672,2
59673,6
59724,7
59727,4
59732,2
59754,6
59762,0
59789,4
59795,0
59809,4
59841,6
59862,4
59869,0
59922,4
59942,9
