34,0
62,6
73,6
79,7
86,3
88,0
113,1
161,2
168,7
174,1
175,5
204,6
267,9
269,1
281,3
283,0
311,6
346,9
408,1
431,6
435,0
444,2
451,0
500,3
501,9
508,1
521,7
551,2
584,2
617,7
661,4
677,4
685,8
688,2
760,3
773,7
774,2
777,8
799,5
804,4
817,8
823,8
833,1
837,5
859,0
865,8
913,8
928,7
985,5
1004,4
1012,1
1015,0
1047,2
1065,1
1069,1
1081,1
1115,1
1143,2
1159,6
1168,0
1194,9
1280,4
1312,3
1316,9
1318,6
1328,5
1342,7
1372,0
1377,0
1423,0
1467,5
1470,3
1493,6
1534,8
1752,5
1786,1
1792,6
1796,0
1812,4
1815,1
1827,4
1886,6
1890,6
1906,6
1927,0
1942,1
1968,9
1975,7
1993,5
2020,6
2054,7
2057,8
2069,4
2071,4
2101,0
2111,5
2148,6
2165,5
2184,2
2189,2
2213,7
2262,6
2272,5
2274,9
2282,5
2285,8
2302,8
2326,1
2355,1
2361,4
2368,5
2375,1
2400,8
2404,0
2417,7
2436,0
2447,7
2461,5
2473,0
2483,0
2515,5
2526,0
2548,4
2584,0
2621,0
2630,1
2640,9
2673,7
2693,2
2715,4
2740,3
2741,6
2746,0
2795,9
2831,1
2857,5
2888,4
2893,4
2898,6
2955,0
2988,1
3012,0
3070,1
3122,1
3127,6
3144,8
3174,3
3180,5
3183,4
3208,2
3227,9
3253,7
3262,0
3269,0
3285,5
3295,1
3299,8
3309,0
3384,5
3396,0
3482,8
3520,6
3534,0
3535,5
3545,1
3582,2
3588,9
3589,2
3604,1
3612,0
3638,5
3655,3
3675,1
3688,8
3741,2
3751,7
3765,2
3770,9
3775,8
3797,1
3802,1
3840,7
3850,1
3860,5
3880,2
3882,0
3890,2
3944,5
3948,7
3954,1
3981,2
3984,4
4016,2
4020,7
4029,1
4039,6
4066,1
4089,1
4093,9
4118,9
4123,0
4153,2
4168,5
4203,0
4245,0
4256,3
4270,0
4272,8
4275,8
4284,0
4290,5
4300,1
4302,5
4303,7
4312,5
4352,3
4383,8
4411,5
4507,1
4558,5
4577,1
4597,0
4602,1
4628,3
4643,7
4645,5
4656,0
4661,7
4674,3
4682,0
4686,0
4713,0
4718,0
4733,2
4736,3
4768,4
4769,9
4775,1
4778,6
4780,4
4786,5
4803,8
4904,7
4926,0
4974,5
4981,0
5060,5
5079,5
5109,5
5139,3
5190,3
5210,5
5237,1
5265,4
5330,0
5370,3
5389,8
5425,1
5453,5
5460,8
5468,0
5522,9
5526,5
5536,8
5541,0
5593,6
5604,0
5632,6
5659,2
5667,1
5674,0
5713,1
5731,1
5738,3
5742,5
5781,8
5790,2
5824,1
5875,3
5881,0
5887,5
5938,0
5966,1
5975,7
5978,0
6004,5
6008,0
6018,5
6021,1
6024,6
6026,5
6049,4
6090,6
6137,0
6167,7
6183,1
6196,8
6197,1
6219,6
6222,2
6226,1
6263,9
6285,9
6308,4
6346,5
6365,1
6374,5
6380,1
6381,7
6399,5
6426,5
6456,6
6517,6
6531,1
6533,8
6563,8
6644,5
6657,6
6666,7
6671,5
6720,6
6754,3
6803,8
6852,5
6862,7
6864,1
6884,5
6902,7
6942,8
6971,6
6973,0
6976,8
7001,7
7010,7
7034,8
7039,1
7047,5
7068,5
7115,8
7199,8
7245,9
7249,5
7293,3
7295,3
7346,5
7352,7
7395,2
7404,1
7462,0
7485,0
7536,1
7544,6
7558,1
7580,6
7589,0
7595,5
7604,8
7621,7
7625,3
7636,8
7649,0
7682,8
7697,7
7709,0
7730,7
7748,1
7784,3
7796,2
7817,4
7819,1
7840,5
7855,0
7856,8
7865,5
7874,0
7888,5
7922,9
7981,0
7986,2
7988,5
8000,0
8052,3
8055,3
8076,6
8102,2
8144,7
8147,0
8157,0
8171,8
8173,5
8205,7
8208,4
8214,7
8217,7
8223,0
8297,7
8310,8
8369,0
8373,1
8410,6
8420,6
8430,1
8431,8
8434,5
8439,9
8458,4
8460,2
8484,9
8485,8
8491,1
8498,3
8507,8
8519,5
8523,6
8531,0
8533,0
8534,4
8552,2
8618,8
8623,5
8683,6
8701,8
8713,5
8732,8
8750,9
8755,4
8765,3
8793,2
8805,7
8812,0
8813,0
8822,6
8833,2
8891,1
8912,0
8927,5
8941,3
9030,4
9052,7
9060,7
9064,5
9076,8
9083,0
9106,1
9167,9
9169,2
9177,6
9216,4
9220,8
9249,2
9277,1
9291,5
9322,0
9329,0
9330,5
9352,5
9362,4
9384,5
9393,1
9404,1
9410,4
9433,7
9439,0
9458,0
9473,0
9518,2
9528,8
9555,9
9557,8
9575,2
9580,6
9631,9
9652,5
9679,3
9682,2
9770,5
9776,2
9815,1
9826,2
9844,8
9859,5
9866,8
9873,8
9911,7
9930,1
9931,4
10030,5
10032,6
10070,9
10110,1
10146,5
10174,6
10188,0
10200,2
10217,8
10244,5
10258,5
10324,7
10358,8
10389,3
10406,2
10411,2
10419,6
10452,6
10486,8
10563,0
10565,1
10566,5
10573,7
10593,7
10659,1
10664,0
10682,7
10752,9
10774,6
10791,5
10797,8
10815,7
10818,8
10864,7
10865,3
10867,9
10872,3
10889,8
10905,8
10947,1
10982,1
10989,7
11064,5
11088,7
11100,6
11108,8
11122,7
11129,0
11134,1
11143,1
11163,2
11187,0
11195,6
11219,3
11230,2
11302,8
11310,5
11324,5
11325,5
11351,8
11383,8
11390,6
11450,8
11465,9
11508,1
11510,7
11532,0
11538,9
11545,3
11546,8
11558,1
11573,7
11577,0
11604,1
11623,7
11696,5
11709,4
11722,8
11725,5
11750,8
11771,7
11787,6
11823,8
11841,2
11865,2
11920,0
11935,5
11951,3
11959,6
11960,3
11999,3
12054,8
12067,7
12081,7
12095,0
12108,3
12113,1
12152,3
12158,1
12177,6
12181,5
12201,6
12224,4
12225,3
12271,6
12309,8
12337,0
12353,8
12354,6
12356,1
12379,8
12387,0
12426,2
12449,5
12466,8
12490,3
12577,4
12600,9
12616,8
12660,8
12666,0
12680,1
12712,8
12746,1
12784,2
12796,0
12804,5
12811,1
12821,5
12847,1
12851,6
12864,2
12888,0
12892,8
12941,7
12988,8
13000,7
13064,7
13070,5
13100,2
13118,8
13137,1
13165,5
13182,5
13211,0
13217,0
13218,3
13251,4
13258,8
13264,5
13312,5
13313,2
13320,8
13322,6
13336,5
13383,3
13387,5
13397,0
13416,7
13421,7
13428,9
13440,8
13453,1
13466,5
13589,0
13603,5
13618,8
13626,8
13661,6
13675,3
13699,5
13701,1
13708,5
13743,2
13748,1
13769,0
13785,1
13786,7
13805,9
13840,1
13843,5
13856,4
13859,3
13900,7
13917,8
13963,7
14012,0
14034,0
14038,1
14069,5
14073,7
14160,0
14194,4
14199,5
14215,2
14218,5
14246,7
14307,7
14309,1
14340,2
14356,0
14368,5
14389,5
14393,0
14401,3
14403,7
14413,8
14451,5
14531,7
14532,7
14598,7
14601,7
14650,4
14665,8
14666,6
14675,0
14678,8
14685,1
14714,5
14724,1
14727,7
14749,0
14757,7
14793,4
14808,8
14836,2
14884,9
14897,0
15009,1
15115,8
15127,7
15133,0
15138,1
15142,0
15149,8
15162,9
15191,0
15193,5
15205,2
15248,8
15275,0
15290,1
15292,3
15294,4
15310,4
15318,0
15366,8
15373,4
15382,0
15390,5
15408,8
15434,2
15446,9
15447,6
15508,0
15521,4
15536,1
15557,1
15582,0
15590,0
15599,8
15700,0
15702,5
15708,6
15714,6
15726,5
15739,8
15761,0
15786,1
15790,1
15793,3
15808,7
15829,2
15878,1
15884,5
15887,2
15910,0
15956,8
15965,0
15976,7
16026,8
16062,1
16063,5
16073,8
16083,0
16098,4
16112,5
16188,6
16196,2
16203,1
16238,0
16251,4
16263,8
16290,4
16302,4
16308,1
16309,2
16315,5
16331,4
16348,1
16355,0
16358,5
16398,8
16433,6
16440,8
16472,2
16479,2
16497,2
16501,0
16530,3
16536,1
16569,3
16574,5
16603,5
16606,0
16613,7
16629,5
16634,0
16664,2
16681,9
16692,5
16695,6
16703,6
16725,8
16772,2
16781,2
16785,8
16790,8
16803,0
16805,1
16832,5
16854,9
16864,8
16871,7
16899,4
16957,6
16961,0
16966,7
16999,7
17032,1
17056,8
17069,7
17156,5
17184,1
17204,6
17210,0
17229,6
17236,0
17265,2
17277,5
17295,3
17313,4
17318,3
17327,0
17362,8
17363,9
17394,1
17408,6
17424,7
17458,0
17471,3
17472,1
17508,0
17516,2
17520,2
17530,8
17539,0
17541,1
17578,5
17596,8
17611,0
17675,8
17677,2
17694,4
17697,2
17713,2
17742,5
17780,5
17788,6
17798,7
17803,8
17818,8
17835,6
17850,4
17854,1
17900,1
17904,3
17937,8
17950,8
17964,1
17995,2
18018,5
18033,6
18073,0
18086,7
18087,7
18143,9
18148,1
18153,9
18164,2
18175,9
18228,9
18242,8
18284,0
18288,8
18300,2
18319,0
18321,1
18357,0
18378,8
18392,7
18422,6
18428,6
18474,1
18523,8
18556,7
18586,0
18630,3
18638,4
18639,5
18690,8
18699,5
18707,1
18719,5
18749,5
18759,0
18797,9
18800,1
18804,2
18861,9
18864,2
18940,1
18969,7
18976,9
19005,8
19046,8
19057,7
19064,4
19077,5
19106,5
19113,9
19128,8
19247,3
19280,3
19297,1
19301,5
19304,1
19314,2
19322,9
19358,8
19443,2
19448,7
19458,8
19463,2
19472,5
19502,2
19510,1
19517,1
19533,5
19540,8
19551,5
19576,9
19605,8
19645,0
19651,1
19713,3
19734,3
19750,2
19759,5
19761,6
19769,0
19792,8
19800,7
19810,4
19903,2
19908,0
20000,5
20010,0
20024,8
20035,8
20037,8
20045,1
20065,2
20102,8
20106,8
20120,5
20174,0
20277,7
20288,6
20306,5
20342,5
20363,8
20383,6
20390,5
20408,8
20415,4
20419,8
20424,2
20444,9
20504,7
20513,9
20532,7
20548,0
20551,0
20559,8
20563,1
20612,2
20672,1
20777,5
20787,1
20809,4
20852,1
20868,3
20905,8
20920,9
20933,5
20951,1
20987,1
20993,2
21019,1
21029,0
21031,1
21042,2
21053,2
21062,7
21090,1
21093,5
21100,6
21150,3
21166,1
21174,2
21225,5
21269,4
21279,0
21291,6
21296,4
21297,9
21301,1
21303,2
21332,6
21342,1
21368,6
21385,5
21411,6
21421,8
21427,1
21451,2
21565,6
21576,0
21586,0
21588,5
21615,2
21620,0
21668,2
21671,5
21677,5
21701,7
21723,8
21739,5
21740,1
21771,1
21788,2
21806,5
21820,5
21863,8
21865,5
21867,4
21914,5
21921,1
21927,5
21964,1
21982,2
22040,0
22043,0
22089,5
22109,7
22116,9
22130,5
22224,0
22241,8
22289,8
22290,8
22326,7
22375,0
22399,7
22411,2
22414,2
22444,0
22478,1
22510,0
22541,5
22560,1
22589,0
22591,8
22612,2
22628,1
22635,2
22638,5
22643,3
22700,1
22705,1
22728,3
22741,3
22748,1
22755,8
22779,5
22798,1
22821,5
22837,8
22839,4
22845,5
22882,0
22886,0
22887,5
22926,1
22930,2
22950,7
22951,5
22974,4
22975,6
23000,7
23006,5
23044,0
23046,3
23060,0
23077,8
23098,6
23114,2
23126,6
23209,5
23216,2
23238,1
23277,0
23310,2
23314,9
23343,6
23344,3
23355,2
23381,7
23399,1
23448,8
23449,5
23455,5
23558,6
23559,1
23582,8
23627,0
23639,8
23672,3
23679,0
23685,4
23689,5
23704,7
23874,5
23875,0
23879,3
23902,7
23920,5
23921,1
23937,6
23938,5
23940,0
23947,5
23949,6
23994,2
23996,5
24011,0
24036,2
24072,0
24105,0
24111,3
24127,6
24131,7
24160,8
24221,7
24232,5
24234,8
24241,8
24263,9
24268,0
24314,7
24320,0
24427,2
24448,3
24467,2
24468,9
24487,1
24519,5
24533,8
24543,4
24545,7
24555,1
24567,1
24595,5
24627,0
24651,3
24662,7
24679,8
24681,0
24709,7
24720,8
24727,7
24795,4
24808,1
24829,8
24852,8
24871,6
24894,4
24930,1
24933,1
24937,8
24985,0
25014,4
25040,3
25081,8
25092,0
25113,6
25122,2
25152,0
25178,5
25188,4
25195,8
25228,8
25230,1
25254,8
25261,2
25276,8
25325,0
25328,3
25340,6
25360,8
25390,0
25410,4
25415,8
25417,3
25422,6
25485,1
25493,9
25526,2
25560,5
25578,7
25595,1
25614,6
25622,5
25634,9
25648,9
25663,2
25675,5
25683,2
25697,1
25755,0
25757,0
25840,5
25866,4
25893,6
25907,2
25972,7
26018,5
26028,8
26029,1
26030,5
26038,0
26039,6
26043,8
26055,0
26087,1
26089,1
26112,5
26133,1
26161,2
26176,0
26182,1
26234,7
26244,8
26250,1
26255,7
26258,0
26260,0
26267,3
26268,1
26303,7
26326,2
26389,0
26411,5
26413,5
26416,9
26430,9
26439,6
26451,5
26454,2
26455,7
26457,0
26464,5
26467,5
26487,1
26495,1
26521,6
26524,6
26547,5
26564,4
26565,0
26624,2
26636,5
26637,5
26664,8
26676,5
26696,1
26714,7
26719,8
26726,1
26736,5
26741,2
26749,7
26794,2
26808,4
26840,0
26865,8
26917,7
26918,5
26925,1
26935,8
26962,6
26978,5
27008,8
27017,8
27042,5
27094,0
27134,6
27139,5
27145,0
27161,6
27179,5
27217,6
27291,5
27303,6
27324,8
27328,0
27348,8
27364,4
27376,2
27427,0
27445,0
27461,1
27471,5
27500,5
27502,5
27505,6
27509,1
27519,9
27547,0
27550,0
27572,1
27579,8
27614,2
27634,1
27649,3
27650,8
27652,2
27659,0
27682,6
27704,6
27709,7
27724,6
27727,5
27736,2
27742,5
27754,2
27787,2
27789,1
27818,5
27854,0
27870,3
27871,1
27896,1
27908,9
27913,1
27940,6
27942,5
27950,7
27971,7
27976,7
27985,0
28051,9
28060,5
28090,1
28097,5
28116,5
28137,3
28156,2
28166,1
28170,6
28202,0
28228,2
28250,1
28288,9
28351,8
28364,8
28381,8
28401,8
28436,2
28444,3
28455,5
28458,3
28467,6
28504,5
28524,1
28528,3
28537,2
28606,5
28607,0
28671,0
28681,1
28690,0
28716,3
28746,0
28752,3
28788,8
28824,0
28861,3
28865,5
28892,8
28894,1
28945,0
28946,0
28959,8
28979,1
29044,0
29055,0
29068,1
29102,0
29131,8
29142,8
29145,8
29156,5
29194,8
29199,0
29217,6
29222,1
29254,8
29256,4
29262,0
29299,8
29310,5
29360,8
29393,8
29395,0
29396,1
29421,0
29477,0
29479,1
29518,1
29541,0
29590,4
29604,8
29665,8
29715,1
29718,0
29726,2
29736,0
29771,5
29782,8
29790,5
29817,5
29832,6
29842,5
29864,4
29867,7
29870,5
29892,5
29903,0
29912,5
29915,5
29945,8
30052,4
30053,1
30124,3
30125,5
30141,0
30164,4
30203,8
30240,0
30248,8
30291,2
30293,0
30330,8
30336,2
30382,0
30388,0
30441,1
30447,4
30450,8
30456,5
30522,2
30533,2
30534,2
30538,7
30539,8
30546,8
30567,1
30581,8
30585,0
30587,1
30614,1
30705,2
30728,7
30780,3
30796,6
30807,0
30810,2
30831,2
30867,8
30874,8
30891,0
30911,6
30919,8
30932,0
30947,9
30961,5
31014,8
31042,3
31064,7
31127,0
31135,8
31144,1
31172,0
31177,2
31187,7
31190,5
31212,6
31218,9
31252,5
31265,1
31277,0
31290,5
31300,7
31344,5
31361,0
31373,2
31479,8
31509,0
31535,0
31584,5
31617,2
31640,1
31690,7
31720,3
31741,6
31768,5
31781,8
31785,0
31795,5
31810,8
31845,8
31846,1
31865,0
31891,5
31909,6
31912,7
31931,6
31932,1
31943,0
31944,5
31959,8
31980,1
31995,0
31999,5
32007,0
32028,7
32038,1
32045,4
32076,8
32102,8
32111,6
32128,9
32130,0
32131,0
32134,5
32152,9
32177,9
32205,6
32234,3
32261,8
32300,8
32330,3
32334,1
32348,5
32361,2
32364,7
32375,8
32416,7
32426,8
32443,9
32478,8
32479,3
32486,1
32519,5
32533,5
32539,3
32541,0
32582,5
32622,8
32655,7
32659,5
32669,4
32697,5
32707,5
32713,9
32722,8
32735,8
32739,6
32748,5
32749,9
32753,3
32765,1
32773,1
32796,8
32814,1
32818,2
32837,8
32880,0
32899,0
32905,0
32928,2
32931,3
32932,6
32943,5
32950,0
32953,0
32962,8
32968,8
32991,2
33033,5
33035,6
33039,8
33058,6
33088,2
33141,9
33152,8
33153,7
33163,0
33184,2
33188,1
33238,0
33244,0
33253,0
33285,4
33329,9
33417,1
33420,5
33428,1
33446,1
33450,6
33490,8
33516,1
33518,6
33542,6
33564,6
33578,0
33583,3
33584,6
33593,2
33627,7
33635,7
33668,8
33696,9
33711,4
33713,5
33734,5
33776,0
33785,2
33861,1
33877,3
33955,4
33982,2
34029,8
34056,2
34062,2
34063,9
34065,5
34070,0
34074,1
34095,2
34099,0
34112,5
34130,4
34175,3
34209,8
34222,1
34253,2
34264,1
34273,0
34301,9
34317,7
34330,9
34338,9
34356,0
34388,1
34457,0
34471,0
34476,9
34478,5
34486,0
34515,1
34523,0
34581,5
34586,0
34638,1
34661,7
34670,7
34676,7
34724,2
34725,1
34738,8
34749,1
34763,8
34775,0
34793,3
34804,8
34813,8
34819,8
34820,8
34829,5
34830,4
34831,2
34839,0
34849,1
34922,1
34942,9
34967,3
34995,3
35006,1
35010,3
35018,8
35040,5
35050,0
35055,6
35077,5
35089,1
35094,1
35105,9
35129,8
35164,5
35209,0
35213,6
35233,9
35241,6
35268,5
35304,4
35343,0
35344,2
35347,2
35353,8
35374,9
35410,2
35426,6
35428,8
35453,2
35462,5
35473,0
35486,3
35503,9
35510,2
35593,9
35602,5
35629,8
35660,0
35702,5
35707,5
35724,9
35735,9
35736,6
35737,1
35809,8
35846,6
35906,5
35910,6
35911,3
35940,8
35953,5
35977,5
36019,0
36022,0
36026,5
36029,9
36030,1
36051,2
36065,5
36071,1
36073,4
36096,8
36124,1
36166,2
36193,5
36206,3
36221,8
36240,1
36241,0
36318,0
36337,3
36354,5
36368,1
36374,2
36393,0
36413,8
36492,8
36506,0
36513,4
36525,3
36527,6
36581,6
36588,5
36600,2
36609,5
36616,6
36629,9
36648,8
36657,1
36699,6
36710,8
36749,0
36750,5
36781,2
36787,5
36809,0
36810,6
36814,1
36815,3
36832,9
36847,9
36877,4
36885,5
36892,1
36894,0
36900,5
36929,0
36964,7
36971,9
36972,7
37020,2
37037,6
37059,0
37108,9
37114,5
37125,8
37128,4
37137,5
37160,5
37161,3
37187,2
37192,0
37193,7
37254,6
37273,4
37298,7
37316,8
37342,8
37349,9
37355,3
37369,9
37394,7
37400,9
37410,4
37431,8
37461,1
37502,6
37582,5
37640,4
37650,1
37662,5
37676,6
37680,5
37697,0
37719,1
37725,1
37750,5
37751,6
37757,9
37771,8
37789,3
37808,8
37822,0
37845,6
37868,8
37920,1
37928,3
37929,5
37983,5
37984,7
38024,2
38042,0
38100,0
38102,0
38113,5
38130,3
38195,2
38198,0
38207,1
38234,5
38246,7
38252,5
38281,3
38289,0
38300,7
38310,0
38315,0
38322,6
38339,2
38365,5
38404,0
38422,7
38434,8
38439,5
38454,1
38478,6
38482,1
38543,0
38564,5
38579,0
38592,5
38629,1
38640,6
38701,9
38707,1
38717,4
38720,2
38723,7
38813,9
38916,7
38924,2
38936,6
38939,0
38942,8
38975,1
38987,8
38996,6
39041,1
39052,1
39075,0
39077,1
39162,2
39167,8
39187,8
39194,0
39204,4
39224,0
39261,7
39308,8
39312,3
39334,0
39335,5
39364,1
39366,3
39399,7
39430,6
39431,6
39459,7
39465,1
39473,5
39500,7
39525,4
39530,8
39531,0
39533,1
39580,7
39606,0
39612,0
39628,0
39645,5
39651,7
39656,0
39664,0
39665,6
39678,3
39685,0
39700,5
39701,0
39747,6
39748,5
39758,0
39796,1
39831,5
39867,4
39893,6
39960,0
39961,3
39976,4
39990,4
39991,8
39998,9
40001,7
40029,7
40047,9
40048,8
40053,2
40057,5
40106,8
40109,3
40122,0
40125,5
40137,6
40169,4
40210,1
40211,7
40229,6
40252,8
40259,8
40281,3
40290,5
40313,0
40323,7
40372,9
40388,2
40425,2
40445,2
40471,0
40486,0
40530,2
40536,2
40538,6
40563,0
40564,6
40567,5
40585,9
40610,1
40624,5
40646,8
40711,5
40769,1
40792,8
40812,2
40820,0
40821,0
40837,7
40850,0
40853,2
40886,2
40946,4
40960,8
40971,1
41000,5
41018,6
41022,4
41023,5
41027,0
41042,9
41063,5
41078,8
41105,2
41144,5
41171,3
41197,2
41198,6
41222,1
41228,0
41291,0
41303,6
41305,5
41318,0
41351,6
41366,2
41376,0
41396,8
41399,2
41513,3
41521,5
41539,5
41584,7
41600,1
41602,5
41612,0
41618,5
41620,0
41661,7
41662,2
41676,6
41681,9
41682,5
41705,8
41712,8
41746,6
41750,1
41766,2
41784,1
41789,0
41799,1
41853,8
41901,8
41914,1
41951,5
42015,1
42049,5
42054,3
42089,6
42096,8
42104,8
42106,9
42131,0
42188,2
42230,0
42238,8
42265,7
42291,8
42313,8
42329,4
42331,8
42351,1
42385,9
42386,6
42391,3
42401,1
42413,2
42446,0
42468,7
42470,8
42471,4
42480,5
42484,4
42498,6
42507,4
42532,2
42559,0
42582,7
42586,1
42612,0
42666,1
42669,3
42673,1
42693,2
42714,6
42724,8
42756,5
42765,1
42768,1
42769,1
42817,0
42928,7
42930,3
42941,8
42945,0
42970,5
43005,7
43040,2
43084,5
43085,1
43090,3
43101,2
43105,2
43109,8
43130,4
43159,5
43233,5
43248,9
43260,6
43271,8
43272,4
43330,3
43344,1
43355,4
43374,7
43386,6
43387,0
43464,8
43465,0
43469,1
43490,1
43501,8
43513,2
43524,8
43534,8
43536,0
43549,0
43588,8
43603,5
43629,8
43642,2
43653,1
43654,3
43662,0
43673,6
43675,4
43715,1
43753,5
43791,1
43805,5
43847,0
43850,2
43851,2
43862,9
43870,9
43871,2
43876,8
43884,0
43894,8
43909,8
43922,3
43983,4
43988,2
44001,9
44040,0
44069,8
44072,8
44076,0
44140,2
44165,5
44172,8
44180,8
44192,3
44221,8
44240,3
44253,5
44261,9
44281,1
44286,8
44325,0
44329,5
44362,2
44373,3
44422,1
44437,8
44442,8
44445,0
44461,5
44467,8
44482,1
44488,5
44493,1
44557,3
44568,8
44588,7
44660,0
44667,5
44681,3
44683,8
44696,0
44727,2
44731,4
44740,2
44760,5
44790,6
44798,4
44804,5
44845,5
44863,9
44871,0
44900,0
44912,7
44957,7
44967,1
45028,2
45054,7
45066,0
45075,1
45081,7
45099,2
45101,5
45161,8
45199,8
45205,1
45233,5
45238,4
45243,4
45263,5
45286,8
45300,6
45309,6
45351,8
45369,9
45458,8
45480,3
45497,5
45520,8
45529,8
45544,0
45551,7
45562,5
45568,2
45602,5
45615,7
45645,7
45682,0
45684,8
45806,7
45849,8
45877,8
45889,2
45891,8
45920,2
45936,4
45937,7
45942,0
45962,1
45973,7
46009,7
46015,1
46017,0
46039,0
46047,2
46058,1
46099,8
46150,4
46151,7
46203,5
46238,9
46298,9
46322,5
46328,0
46330,8
46362,9
46387,8
46393,6
46410,0
46431,4
46443,0
46453,5
46456,4
46469,5
46477,9
46483,2
46500,3
46502,8
46507,1
46532,3
46556,2
46590,6
46606,2
46627,0
46658,8
46665,6
46674,3
46678,2
46689,3
46702,3
46720,5
46725,1
46739,8
46759,5
46766,4
46822,0
46874,7
46901,5
46913,1
46922,4
46927,8
46930,1
46937,3
46949,1
47018,6
47046,0
47075,1
47099,8
47102,2
47106,6
47118,1
47133,6
47160,7
47224,1
47226,2
47233,1
47251,5
47281,5
47284,5
47304,8
47400,1
47401,8
47404,6
47424,3
47452,0
47475,5
47520,3
47529,2
47560,7
47564,6
47585,2
47597,8
47600,7
47647,0
47669,3
47700,7
47773,1
47782,2
47787,2
47790,1
47797,0
47804,2
47866,5
47884,4
47926,8
47936,8
47949,5
47978,7
48021,8
48026,0
48034,2
48083,6
48099,1
48105,7
48110,8
48132,5
48144,7
48148,9
48176,0
48201,7
48230,5
48259,7
48271,7
48273,1
48277,2
48318,1
48324,3
48329,8
48331,8
48353,5
48355,3
48390,1
48398,6
48406,8
48430,6
48437,6
48444,1
48488,0
48489,5
48497,2
48517,1
48533,5
48568,6
48579,3
48606,5
48621,2
48627,0
48641,0
48664,1
48683,3
48685,4
48688,8
48690,4
48708,9
48717,7
48729,0
48749,6
48761,3
48809,6
48825,5
48842,8
48854,4
48859,3
48888,9
48937,4
48946,2
48963,0
48983,5
49021,2
49022,6
49035,1
49043,6
49055,3
49064,8
49132,5
49168,2
49169,4
49197,0
49214,0
49305,6
49307,3
49317,1
49345,4
49410,3
49427,5
49445,5
49498,2
49502,8
49525,8
49531,7
49535,0
49581,5
49610,1
49619,9
49620,8
49656,9
49668,5
49685,0
49704,8
49718,6
49739,0
49790,2
49794,5
49809,3
49876,1
49904,9
49905,5
49910,6
49918,7
49923,7
49959,6
49970,6
49975,2
49987,0
50016,1
50024,0
50026,0
50039,6
50091,5
50092,6
50106,8
50108,6
50168,6
50178,8
50185,0
50194,1
50196,2
50277,8
50300,3
50301,5
50305,7
50316,5
50317,3
50326,1
50404,1
50463,0
50479,2
50523,0
50524,8
50527,2
50558,9
50566,0
50621,1
50634,8
50649,5
50662,5
50663,9
50687,8
50696,0
50700,2
50711,8
50720,2
50728,3
50788,1
50839,0
50867,9
50892,3
50902,8
50959,5
51044,0
51050,5
51085,3
51105,8
51134,8
51198,7
51203,7
51207,8
51212,2
51242,8
51245,3
51247,1
51268,3
51282,7
51301,0
51348,0
51353,7
51364,5
51395,0
51418,2
51433,5
51450,8
51451,1
51494,5
51499,0
51503,5
51513,8
51562,5
51565,8
51600,4
51601,8
51603,1
51605,5
51610,5
51611,8
51676,6
51692,5
51717,3
51726,2
51794,5
51822,5
51828,0
51854,5
51864,8
51881,8
51891,8
51898,2
51899,8
51913,9
51916,7
51928,5
51963,5
51969,8
51984,7
52011,2
52019,5
52041,3
52048,0
52089,7
52100,6
52128,4
52136,1
52147,7
52155,4
52223,1
52240,3
52241,8
52247,0
52249,7
52251,2
52256,7
52296,8
52304,9
52310,5
52326,5
52337,7
52353,5
52428,0
52438,0
52439,5
52483,8
52506,9
52553,9
52559,5
52573,8
52577,9
52610,5
52639,0
52650,5
52682,4
52728,0
52739,5
52744,7
52754,6
52755,2
52757,2
52775,8
52809,0
52813,0
52854,1
52870,5
52873,4
52890,8
52905,8
52925,7
52937,7
52984,1
53031,4
53041,1
53047,6
53100,5
53108,3
53118,0
53128,8
53184,8
53186,8
53198,6
53206,1
53248,8
53294,8
53299,0
53313,7
53328,0
53388,2
53410,5
53415,7
53433,5
53447,3
53463,6
53464,8
53471,1
53529,5
53535,0
53536,0
53538,5
53621,6
53644,2
53677,6
53678,0
53718,5
53725,7
53769,5
53775,6
53786,8
53789,0
53804,1
53837,2
53992,5
53994,0
54045,5
54054,8
54101,0
54104,0
54108,0
54162,8
54165,1
54178,8
54194,7
54203,5
54210,1
54215,6
54290,0
54294,4
54310,1
54313,0
54343,3
54352,8
54354,0
54370,6
54372,7
54375,2
54411,0
54444,3
54455,4
54458,1
54460,3
54461,5
54463,8
54474,0
54484,2
54492,8
54504,9
54514,0
54523,6
54549,0
54550,8
54616,3
54620,0
54661,6
54671,5
54676,2
54683,1
54695,7
54700,3
54720,1
54729,4
54741,8
54750,5
54754,2
54755,0
54761,7
54780,3
54784,1
54828,5
54835,0
54839,5
54942,0
54969,6
55018,6
55022,8
55029,0
55030,0
55043,8
55044,2
55045,0
55056,0
55070,2
55075,5
55090,7
55111,6
55128,8
55184,5
55188,2
55217,0
55221,8
55256,8
55259,0
55318,4
55324,1
55331,8
55340,4
55347,9
55355,0
55380,1
55388,5
55405,8
55411,1
55430,8
55462,8
55473,9
55489,5
55503,0
55508,2
55521,0
55535,7
55542,2
55564,4
55567,1
55571,9
55572,5
55576,0
55586,8
55594,1
55614,8
55686,1
55697,8
55707,1
55712,5
55722,5
55735,7
55737,3
55744,7
55772,8
55775,5
55787,1
55805,0
55806,0
55836,2
55839,5
55847,9
55897,6
55935,2
55968,8
56028,7
56055,2
56061,5
56067,3
56069,2
56080,4
56086,7
56108,5
56141,8
56149,1
56170,8
56214,5
56227,4
56228,3
56236,0
56241,1
56245,3
56247,4
56261,1
56283,1
56295,8
56317,9
56354,7
56355,2
56359,7
56383,3
56401,9
56428,8
56436,0
56439,7
56470,1
56471,1
56473,2
56475,3
56489,0
56490,1
56570,0
56571,5
56635,0
56644,1
56664,2
56735,0
56743,4
56752,2
56758,4
56759,2
56762,2
56795,2
56860,5
56862,6
56867,8
56881,8
56911,8
56914,0
56915,7
56988,6
57012,6
57017,7
57037,1
57070,8
57077,8
57107,3
57122,6
57125,6
57153,2
57162,0
57218,6
57257,8
57315,8
57318,8
57406,9
57424,3
57441,3
57463,6
57470,5
57517,1
57550,7
57558,0
57594,3
57639,5
57640,8
57648,8
57653,7
57659,0
57669,2
57693,0
57707,0
57732,9
57769,0
57795,0
57831,2
57846,6
57848,5
57885,7
57915,4
57918,8
57935,6
57942,5
57944,5
57952,3
58065,3
58077,3
58110,0
58117,5
58119,5
58124,6
58125,7
58127,9
58141,5
58146,0
58158,8
58167,7
58276,1
58313,0
58314,2
58319,4
58322,1
58326,8
58332,9
58347,4
58350,0
58402,0
58460,5
58465,3
58473,6
58489,0
58507,7
58508,8
58511,1
58521,0
58532,0
58546,0
58615,8
58649,0
58688,5
58696,9
58706,5
58733,7
58734,8
58736,8
58738,0
58745,1
58753,5
58776,8
58867,4
58907,7
58917,6
58920,9
58923,2
58929,2
58952,0
58970,5
59002,5
59065,6
59109,9
59136,5
59160,5
59216,5
59319,0
59342,0
59343,8
59364,1
59365,2
59378,6
59391,1
59403,8
59418,0
59421,0
59424,7
59441,7
59445,6
59447,8
59463,6
59478,1
59504,7
59505,8
59507,5
59516,7
59538,5
59578,6
59602,7
59626,7
59655,2
59714,2
59767,7
59769,3
59790,5
59825,3
59827,1
59859,0
59865,8
59874,4
59875,2
59888,9
59894,7
59903,2
59913,2
59954,1
59973,9
59996,3
