2,4
4,9
11,5
13,6
16,2
55,8
59,1
64,4
74,3
100,5
111,3
115,4
131,4
147,6
150,4
162,9
195,9
225,8
263,7
267,9
279,3
299,6
338,4
387,7
411,7
423,9
431,6
446,7
454,1
493,2
595,9
617,7
626,9
636,7
640,7
660,6
673,2
692,4
707,9
723,7
735,6
739,6
740,8
748,5
773,7
775,5
790,0
808,3
816,6
819,7
836,5
838,1
859,0
861,3
871,1
880,7
908,7
955,6
964,5
1001,7
1006,4
1034,2
1049,0
1074,2
1076,0
1084,1
1092,6
1103,9
1109,5
1130,3
1141,8
1157,7
1189,6
1212,4
1215,4
1218,3
1230,1
1244,3
1245,5
1290,3
1317,3
1318,6
1321,1
1349,0
1350,6
1361,2
1366,6
1381,7
1385,2
1403,0
1425,1
1439,8
1441,9
1467,5
1487,4
1499,7
1509,5
1533,3
1564,7
1568,4
1576,4
1597,1
1616,8
1645,0
1660,2
1671,6
1675,3
1709,0
1714,2
1745,8
1747,7
1781,6
1798,0
1812,4
1813,5
1830,6
1852,2
1862,3
1886,6
1890,6
1910,1
1923,2
1981,3
1983,7
2011,3
2017,2
2050,4
2069,4
2081,0
2109,4
2110,1
2113,6
2129,4
2145,7
2149,3
2172,5
2173,7
2208,4
2249,6
2258,5
2262,6
2297,7
2303,8
2319,7
2345,6
2348,7
2369,8
2379,3
2386,7
2392,4
2439,4
2444,8
2453,9
2482,8
2489,3
2504,6
2536,3
2559,9
2568,3
2629,0
2661,3
2680,6
2711,7
2737,4
2805,8
2865,7
2948,5
2949,7
3010,7
3016,0
3064,2
3072,4
3075,3
3078,2
3083,9
3113,1
3125,4
3140,7
3167,7
3241,0
3267,7
3275,5
3310,9
3323,3
3336,3
3396,0
3406,1
3436,4
3454,6
3537,6
3559,6
3581,8
3590,0
3613,5
3646,6
3660,2
3686,4
3690,8
3707,3
3708,4
3718,7
3720,0
3725,1
3741,2
3756,3
3765,2
3790,7
3887,7
3895,7
3906,0
3918,8
3985,6
4048,5
4065,9
4077,5
4089,1
4128,1
4137,1
4171,5
4206,9
4211,7
4226,7
4233,3
4234,3
4326,7
4330,7
4333,1
4334,7
4345,9
4369,3
4402,6
4415,0
4463,6
4477,6
4481,8
4505,0
4536,6
4551,7
4558,5
4569,1
4577,1
4580,8
4590,5
4611,9
4621,8
4642,0
4660,6
4724,6
4734,7
4741,6
4752,5
4769,9
4777,2
4805,2
4813,1
4866,3
4878,3
4951,0
4965,7
4972,1
4987,5
5005,8
5008,9
5025,7
5027,5
5028,5
5039,6
5060,5
5089,7
5092,3
5096,0
5127,3
5171,2
5175,4
5182,7
5207,3
5211,5
5217,4
5226,6
5233,9
5254,5
5256,1
5270,3
5282,9
5284,3
5312,7
5314,2
5331,4
5358,3
5434,3
5453,5
5458,3
5481,2
5486,6
5523,9
5535,7
5589,9
5602,2
5617,5
5620,5
5640,3
5673,4
5719,5
5730,0
5761,7
5762,2
5764,4
5768,7
5802,6
5808,0
5822,4
5905,0
5913,6
5914,2
5917,8
5928,2
5930,1
5952,2
5957,1
5959,7
5962,6
5985,2
5993,6
6002,1
6022,8
6085,6
6111,8
6122,1
6126,2
6170,3
6207,0
6264,5
6265,6
6318,1
6341,0
6342,3
6344,2
6359,5
6360,2
6361,7
6388,6
6416,3
6451,5
6462,4
6465,2
6472,5
6492,2
6509,6
6544,8
6563,8
6568,1
6573,8
6580,8
6590,7
6600,7
6613,1
6622,8
6636,5
6661,9
6667,3
6669,4
6670,6
6671,5
6706,3
6712,5
6729,4
6754,3
6756,7
6772,5
6783,1
6800,6
6818,7
6881,7
6903,6
6910,2
6915,7
6992,2
6997,5
7019,4
7046,3
7074,1
7083,4
7103,5
7206,6
7218,8
7243,0
7246,5
7264,9
7274,9
7285,4
7309,7
7350,4
7396,3
7447,9
7449,5
7454,1
7464,4
7474,9
7479,8
7484,2
7495,1
7505,9
7526,4
7556,3
7558,1
7676,9
7694,7
7705,4
7719,2
7769,7
7806,1
7820,5
7850,1
7853,9
7855,0
7867,6
7875,0
7884,5
7904,9
7934,0
7944,0
7965,4
8003,0
8018,3
8073,9
8111,9
8115,3
8122,3
8202,2
8217,7
8238,9
8239,4
8259,3
8278,4
8295,3
8318,9
8321,9
8381,3
8401,7
8419,5
8420,6
8425,3
8426,5
8438,4
8475,3
8484,9
8544,3
8573,2
8576,7
8577,6
8578,1
8597,3
8627,6
8639,5
8641,9
8649,5
8658,6
8665,7
8666,8
8667,6
8677,4
8693,3
8704,1
8720,6
8728,5
8784,2
8790,3
8810,2
8817,6
8840,4
8876,5
8881,6
8892,8
8912,0
8948,3
9001,7
9002,9
9046,4
9063,6
9065,3
9160,5
9172,4
9186,2
9194,0
9250,8
9270,7
9300,3
9308,9
9330,5
9341,6
9343,7
9351,7
9364,8
9366,5
9388,4
9440,0
9475,6
9488,2
9491,3
9502,7
9506,0
9546,2
9557,8
9583,2
9587,5
9592,3
9597,4
9612,3
9613,9
9615,1
9638,3
9647,5
9660,7
9738,5
9743,5
9762,8
9771,9
9779,3
9788,7
9805,8
9836,2
9854,7
9870,9
9911,7
9926,6
9927,7
9929,6
9954,7
9957,4
9963,0
9986,0
9998,9
10014,7
10035,5
10041,8
10049,5
10090,2
10106,2
10121,0
10124,8
10129,1
10171,7
10176,0
10188,0
10199,9
10207,2
10221,0
10226,5
10230,0
10259,0
10295,7
10327,2
10342,1
10349,3
10371,4
10382,9
10389,3
10501,9
10504,4
10505,0
10510,7
10523,0
10566,5
10624,1
10635,3
10682,7
10760,3
10805,2
10826,3
10828,7
10835,7
10851,6
10865,3
10868,1
10872,3
10899,4
10912,4
10928,4
10973,8
10982,1
11003,0
11007,7
11031,3
11032,2
11045,0
11062,6
11089,9
11096,9
11147,2
11158,6
11173,6
11179,5
11193,2
11195,6
11201,3
11204,7
11217,0
11227,4
11239,8
11252,9
11262,1
11298,2
11330,0
11400,7
11403,0
11441,3
11448,6
11457,8
11464,9
11478,8
11484,5
11499,9
11558,1
11569,5
11584,0
11607,1
11651,3
11652,4
11681,8
11708,3
11710,3
11730,6
11804,3
11838,7
11870,6
11878,6
11886,4
11894,7
11915,6
11947,9
11953,4
11958,3
11980,5
11984,8
12136,1
12146,5
12148,3
12158,1
12176,7
12209,1
12211,3
12223,2
12265,3
12270,6
12284,5
12316,4
12318,1
12358,5
12375,1
12382,1
12386,5
12407,1
12428,7
12460,4
12484,5
12500,0
12503,3
12533,0
12542,0
12547,6
12599,7
12633,8
12635,0
12636,6
12638,5
12639,4
12676,7
12697,5
12770,5
12776,0
12798,1
12811,1
12825,9
12840,9
12845,1
12880,0
12895,3
12911,2
12964,6
12965,9
12991,4
13066,0
13117,0
13120,5
13173,9
13187,7
13199,7
13220,6
13288,3
13323,9
13333,7
13336,5
13343,8
13365,8
13377,0
13400,5
13402,8
13410,7
13415,2
13417,3
13421,7
13463,4
13493,6
13548,4
13560,3
13561,7
13591,5
13647,3
13671,6
13688,4
13702,6
13712,6
13716,5
13734,0
13789,7
13796,5
13824,3
13867,7
13884,1
13894,3
13895,8
13941,6
13959,2
13971,9
13994,2
13997,9
13999,6
14046,7
14048,5
14083,6
14090,5
14100,5
14103,4
14110,0
14111,7
14115,3
14122,5
14141,7
14146,9
14190,6
14194,4
14211,8
14216,9
14274,4
14284,7
14301,8
14317,9
14351,4
14370,5
14428,5
14444,5
14451,5
14465,2
14468,2
14475,7
14478,8
14505,7
14511,0
14529,3
14552,3
14555,2
14564,0
14576,6
14578,4
14579,9
14640,8
14667,9
14670,5
14676,6
14684,7
14698,1
14714,5
14786,3
14824,7
14831,8
14846,1
14929,1
14982,9
15014,3
15023,4
15027,4
15090,3
15092,4
15095,1
15101,3
15150,0
15158,8
15167,9
15180,4
15198,0
15201,3
15209,7
15223,2
15228,2
15277,1
15285,5
15295,2
15304,5
15354,9
15356,1
15402,5
15404,6
15407,0
15425,7
15459,6
15476,2
15520,0
15531,7
15535,3
15543,4
15551,4
15583,0
15587,3
15592,9
15730,1
15772,8
15787,4
15795,0
15803,1
15804,5
15848,3
15859,7
15864,0
15875,6
15893,5
15909,7
15924,6
15991,9
15996,5
16028,5
16072,5
16079,7
16084,5
16100,7
16102,6
16105,0
16111,3
16118,6
16129,5
16156,3
16161,6
16162,7
16163,0
16188,6
16206,4
16208,3
16215,5
16255,6
16308,1
16309,2
16326,0
16384,5
16392,1
16433,6
16436,6
16445,8
16479,2
16480,9
16502,3
16570,9
16582,5
16618,0
16682,5
16689,3
16747,6
16768,6
16779,1
16796,6
16815,9
16835,1
16849,3
16935,7
16991,1
16995,4
17002,9
17007,7
17008,6
17034,6
17073,5
17074,4
17079,6
17098,6
17105,3
17118,5
17122,0
17134,0
17138,5
17144,7
17174,6
17201,5
17206,7
17209,1
17229,6
17246,2
17260,1
17267,7
17273,6
17292,3
17306,7
17310,9
17324,3
17344,6
17357,4
17372,2
17406,4
17428,4
17440,7
17475,9
17497,7
17506,8
17515,8
17532,7
17549,0
17552,4
17590,4
17610,5
17658,8
17659,7
17704,1
17727,1
17774,4
17777,3
17786,2
17813,7
17838,0
17853,3
17875,1
17900,1
17943,1
18011,4
18058,6
18063,6
18082,9
18086,7
18099,3
18119,3
18120,3
18147,2
18154,6
18181,6
18204,7
18208,0
18209,5
18227,3
18228,9
18258,1
18260,2
18274,3
18276,5
18294,4
18299,3
18307,3
18317,8
18322,7
18361,2
18397,3
18416,5
18430,6
18479,7
18502,7
18503,3
18528,3
18544,2
18582,4
18584,3
18597,7
18612,3
18644,8
18698,9
18706,7
18749,5
18772,6
18805,3
18824,7
18882,5
18911,6
18921,0
18939,3
18956,6
19074,0
19082,0
19134,6
19168,1
19173,5
19246,3
19265,1
19300,9
19304,1
19315,9
19339,1
19356,6
19376,0
19380,4
19395,9
19407,0
19424,7
19426,6
19428,9
19431,6
19446,1
19469,5
19486,1
19498,4
19533,5
19551,5
19563,6
19604,0
19609,5
19610,5
19620,3
19621,4
19655,3
19656,6
19689,0
19697,4
19700,4
19718,9
19738,0
19740,7
19749,1
19808,2
19809,7
19833,2
19845,0
19852,5
19875,4
19893,7
19934,9
19961,4
19972,9
20027,1
20050,9
20051,3
20060,0
20096,3
20110,4
20142,6
20145,2
20246,5
20254,9
20276,4
20314,3
20374,5
20380,7
20398,7
20406,7
20438,1
20458,3
20469,6
20471,0
20504,7
20527,4
20541,6
20547,5
20551,0
20557,7
20579,7
20589,1
20628,5
20676,9
20687,3
20696,4
20718,5
20733,6
20765,7
20767,9
20780,3
20826,9
20829,1
20921,7
20926,3
20947,0
20950,4
20967,2
20991,7
21002,1
21037,4
21099,3
21111,7
21122,6
21160,7
21257,6
21258,7
21291,6
21322,7
21327,4
21348,6
21352,7
21360,5
21364,1
21372,0
21378,9
21382,2
21389,8
21412,7
21458,3
21463,7
21490,4
21506,0
21508,0
21509,9
21510,9
21516,9
21523,0
21525,3
21633,2
21674,2
21677,5
21695,3
21758,7
21799,5
21819,5
21822,4
21825,8
21838,6
21885,7
21888,4
21890,0
21915,7
21924,9
21935,4
21936,4
21956,5
21974,3
21983,2
22008,0
22037,7
22046,0
22068,6
22085,4
22090,7
22102,5
22128,6
22147,5
22225,0
22285,4
22300,7
22313,7
22341,2
22342,7
22348,7
22393,5
22416,7
22432,0
22436,0
22468,3
22488,3
22497,7
22504,4
22552,9
22592,6
22633,6
22637,0
22663,3
22680,5
22685,8
22726,2
22729,5
22739,7
22804,9
22818,4
22822,5
22856,2
22863,3
22872,6
22878,2
22883,3
22884,2
22886,0
22889,6
22900,2
22906,3
22932,0
22939,6
22982,6
22983,5
23015,8
23018,2
23033,4
23040,2
23062,9
23068,7
23087,2
23110,6
23120,0
23134,1
23148,6
23188,4
23198,6
23236,6
23245,1
23259,7
23280,1
23304,3
23316,8
23340,1
23352,7
23358,6
23359,4
23364,2
23381,7
23389,0
23406,4
23423,9
23432,4
23439,3
23479,7
23497,5
23508,5
23513,4
23516,5
23518,5
23540,7
23556,3
23588,7
23606,0
23646,6
23661,7
23668,5
23675,2
23704,7
23722,5
23753,0
23782,7
23809,0
23847,2
23855,4
23859,2
23906,5
23963,6
23970,1
23978,7
24003,6
24040,7
24043,5
24057,9
24081,0
24093,5
24153,9
24161,4
24198,2
24229,2
24242,6
24253,4
24264,3
24277,6
24283,5
24294,3
24310,5
24335,5
24343,0
24347,2
24348,0
24364,7
24370,8
24373,3
24401,9
24405,1
24414,3
24418,2
24426,5
24429,0
24438,6
24456,4
24469,3
24487,1
24489,9
24492,5
24501,3
24527,4
24568,7
24579,5
24597,3
24635,3
24653,4
24665,2
24676,0
24684,9
24726,6
24727,7
24731,3
24732,2
24734,4
24735,3
24776,0
24797,7
24808,1
24832,6
24833,2
24839,1
24869,4
24874,4
24880,4
24886,3
24910,5
24919,9
24939,2
24957,6
24988,0
25012,8
25038,2
25046,9
25056,4
25080,5
25130,7
25162,4
25193,6
25210,3
25211,7
25240,5
25252,0
25290,0
25294,2
25308,7
25324,1
25340,6
25347,4
25377,3
25382,4
25454,3
25473,1
25503,4
25505,6
25508,5
25560,5
25571,2
25606,1
25649,7
25654,5
25662,4
25698,9
25727,7
25729,0
25767,1
25768,3
25774,1
25795,6
25796,8
25815,6
25822,1
25825,1
25855,3
25911,3
25915,3
25963,6
25971,4
26008,3
26024,5
26036,8
26056,7
26066,5
26076,7
26152,1
26181,6
26187,3
26299,6
26334,4
26336,9
26366,0
26370,5
26404,5
26429,1
26445,1
26470,6
26542,3
26544,4
26561,3
26583,8
26589,7
26598,1
26613,2
26637,5
26687,1
26697,6
26735,6
26778,7
26794,2
26828,9
26844,9
26846,9
26849,3
26896,5
26902,9
26945,7
26986,1
26997,9
27007,9
27035,0
27084,3
27107,9
27160,3
27167,3
27178,2
27193,5
27252,2
27275,6
27286,8
27287,3
27302,7
27314,5
27332,0
27343,0
27388,1
27396,1
27400,5
27425,8
27432,2
27436,0
27437,4
27446,0
27485,7
27539,5
27550,0
27601,9
27621,7
27626,9
27717,7
27718,3
27728,7
27768,2
27794,6
27868,7
27869,2
27928,2
27989,2
27993,9
27999,8
28025,7
28046,5
28063,1
28088,9
28117,7
28123,3
28165,0
28167,1
28179,7
28200,2
28221,0
28223,1
28299,3
28316,3
28332,5
28358,0
28373,4
28387,1
28447,7
28453,2
28460,9
28584,4
28588,4
28608,5
28657,5
28663,8
28674,9
28697,7
28700,4
28711,6
28731,2
28759,3
28786,2
28793,1
28799,4
28832,2
28854,5
28872,2
28907,4
28917,4
28926,7
28967,6
28990,7
29002,7
29008,5
29010,9
29021,5
29100,5
29114,1
29129,5
29153,3
29156,5
29182,3
29183,8
29216,6
29280,8
29312,2
29325,7
29350,6
29362,6
29397,9
29411,6
29433,5
29438,0
29442,4
29470,7
29479,1
29498,0
29513,9
29515,0
29524,5
29533,9
29549,4
29595,7
29617,4
29636,3
29740,1
29749,5
29751,8
29783,7
29802,9
29826,7
29851,2
29864,4
29886,8
29893,2
29900,7
29950,6
29984,7
29988,8
29992,4
30042,5
30060,7
30065,7
30082,5
30115,6
30125,5
30148,1
30150,6
30190,7
30207,0
30236,8
30250,7
30256,3
30306,3
30326,4
30338,6
30355,2
30356,2
30370,0
30384,0
30394,9
30404,1
30425,0
30439,0
30441,1
30456,5
30458,4
30488,5
30549,7
30599,7
30606,1
30620,9
30646,9
30674,7
30695,1
30736,4
30814,9
30833,3
30840,2
30855,6
30864,5
30871,0
30882,6
30897,3
30918,5
30931,2
30938,1
30939,0
30968,6
30976,2
31011,3
31013,5
31015,0
31031,5
31046,6
31065,3
31142,9
31151,5
31157,3
31165,0
31173,0
31186,5
31191,8
31204,6
31258,2
31285,4
31311,3
31336,9
31350,0
31363,6
31384,1
31422,2
31433,4
31448,4
31460,7
31465,1
31466,0
31508,2
31510,7
31512,2
31526,1
31565,9
31600,8
31624,9
31678,7
31736,6
31743,4
31747,9
31754,6
31766,1
31795,5
31839,1
31883,4
31922,9
31984,4
32011,8
32025,3
32080,5
32120,7
32168,5
32180,6
32200,5
32268,0
32303,5
32327,7
32354,5
32364,7
32365,1
32367,1
32425,4
32433,9
32474,1
32476,3
32489,0
32496,1
32497,7
32533,5
32538,7
32558,4
32562,1
32567,5
32569,6
32570,5
32577,1
32584,7
32601,2
32670,6
32677,1
32679,9
32691,3
32695,2
32699,5
32716,7
32724,5
32725,6
32753,3
32815,5
32823,1
32839,6
32845,2
32867,0
32901,2
33002,3
33005,1
33015,6
33021,9
33041,9
33046,5
33057,7
33060,2
33084,1
33085,2
33092,1
33104,7
33111,0
33119,4
33127,4
33131,7
33145,3
33181,8
33189,3
33267,5
33268,1
33276,3
33305,6
33367,0
33372,9
33407,3
33423,7
33437,5
33478,4
33479,7
33498,1
33532,3
33548,6
33549,6
33551,4
33554,4
33573,5
33589,3
33603,5
33629,6
33650,4
33651,7
33662,2
33702,4
33704,6
33786,3
33835,0
33838,7
33850,1
33877,3
33886,6
33888,4
33902,1
33903,5
33928,5
33934,6
33938,2
33945,0
33954,5
33994,4
34032,7
34100,6
34111,7
34139,5
34152,0
34159,5
34177,0
34185,4
34207,7
34216,4
34247,6
34283,0
34288,5
34293,3
34304,8
34313,8
34351,3
34352,0
34365,5
34385,2
34406,4
34426,1
34433,6
34457,0
34475,2
34485,7
34527,5
34537,4
34547,3
34553,0
34564,7
34590,1
34602,5
34612,1
34618,7
34623,0
34639,0
34640,1
34699,0
34740,3
34802,3
34812,6
34817,5
34838,9
34841,5
34857,5
34859,6
34888,5
34907,2
34979,8
34988,4
34991,4
34999,0
35029,5
35094,1
35126,4
35136,4
35156,3
35160,9
35180,3
35185,0
35202,2
35223,7
35239,9
35273,9
35295,8
35402,4
35434,3
35470,6
35481,0
35498,3
35533,4
35540,6
35564,6
35590,4
35592,1
35606,2
35643,3
35659,0
35675,7
35686,4
35699,1
35746,0
35752,4
35760,9
35784,5
35819,1
35848,8
35863,7
35881,3
35906,5
35914,3
35916,8
35940,8
35980,7
35992,2
35996,9
36055,0
36057,3
36061,6
36076,3
36080,9
36111,5
36207,5
36237,6
36238,7
36283,7
36296,4
36354,5
36359,4
36404,7
36435,4
36462,2
36472,7
36522,2
36527,6
36528,5
36542,3
36609,5
36684,3
36701,6
36716,3
36737,0
36753,2
36754,8
36795,4
36805,2
36821,6
36824,0
36825,8
36827,9
36829,0
36845,8
36856,7
36857,6
36912,3
36923,4
36927,8
36943,1
36946,3
36954,7
36985,6
37021,3
37029,9
37032,8
37043,0
37069,5
37129,8
37138,1
37140,6
37157,2
37161,3
37167,3
37193,7
37197,3
37201,1
37209,3
37234,2
37248,4
37249,5
37262,4
37277,6
37290,1
37301,9
37327,7
37337,1
37339,4
37342,8
37366,4
37384,1
37386,2
37413,5
37414,5
37426,2
37430,9
37472,5
37475,6
37480,7
37490,4
37504,2
37521,5
37549,6
37552,5
37571,0
37622,3
37674,1
37680,5
37696,2
37698,5
37706,7
37719,1
37740,5
37741,1
37747,4
37762,7
37802,1
37859,6
37883,0
37899,4
37925,2
37958,4
37980,0
38005,9
38010,2
38011,4
38020,9
38030,9
38074,8
38214,6
38216,2
38220,7
38224,7
38238,3
38285,5
38289,0
38294,3
38343,4
38421,6
38429,0
38431,6
38443,9
38452,8
38459,5
38473,0
38477,5
38481,5
38506,7
38513,5
38526,1
38533,5
38569,5
38592,5
38595,1
38621,7
38644,0
38655,5
38656,5
38667,2
38669,7
38720,2
38725,8
38746,0
38775,9
38803,4
38823,1
38827,3
38842,8
38862,2
38872,4
38883,5
38884,2
38892,3
38949,0
38953,2
38954,7
38967,8
38975,1
39020,2
39031,2
39068,8
39097,2
39103,5
39124,3
39130,6
39137,6
39141,8
39142,8
39143,3
39150,7
39162,2
39173,1
39179,9
39221,6
39301,3
39313,6
39423,9
39433,4
39442,8
39447,9
39482,5
39493,5
39508,6
39513,5
39556,5
39562,5
39567,6
39578,9
39589,6
39605,7
39611,8
39661,1
39666,5
39722,5
39768,3
39790,2
39791,4
39848,0
39875,4
39896,1
39908,6
39925,7
39935,0
39964,5
39974,9
39982,3
40014,5
40037,2
40061,7
40072,6
40118,7
40122,0
40154,5
40162,0
40211,7
40234,4
40249,0
40255,5
40273,1
40285,4
40366,2
40378,7
40382,3
40402,4
40419,7
40450,4
40466,8
40502,3
40507,9
40527,6
40537,1
40578,3
40582,0
40625,6
40629,8
40633,0
40639,3
40648,0
40649,0
40661,6
40667,9
40676,6
40733,5
40756,5
40759,5
40776,5
40777,8
40831,1
40849,6
40862,6
40881,2
40888,0
40902,5
40914,3
40951,2
40964,5
40996,3
40997,9
41013,8
41014,9
41037,2
41066,4
41092,8
41099,7
41128,9
41136,3
41217,2
41230,5
41240,7
41297,7
41301,2
41320,0
41356,3
41405,7
41480,9
41530,7
41549,7
41557,0
41599,9
41624,3
41637,1
41656,7
41657,5
41674,5
41727,3
41739,1
41747,3
41803,5
41815,5
41826,1
41863,3
41878,2
41891,7
41901,8
41902,3
41980,5
41991,4
42017,9
42022,6
42071,1
42078,4
42091,0
42146,7
42168,2
42169,7
42194,1
42198,4
42247,6
42261,1
42270,0
42390,5
42410,7
42423,3
42433,0
42445,3
42447,5
42465,9
42534,3
42552,0
42565,3
42592,7
42618,1
42620,4
42670,7
42703,0
42720,0
42722,7
42740,1
42744,0
42752,0
42759,0
42781,4
42797,0
42861,2
42865,0
42869,6
42897,7
42901,7
42962,3
42993,9
42994,3
43000,9
43011,0
43066,5
43093,9
43135,3
43145,8
43154,6
43178,7
43201,8
43211,2
43212,5
43247,0
43251,6
43274,4
43291,4
43313,7
43419,9
43420,6
43450,2
43458,1
43540,5
43552,3
43581,6
43623,5
43672,3
43700,4
43706,0
43711,3
43722,7
43768,2
43786,9
43790,1
43836,1
43856,5
43866,6
43880,8
43894,8
43896,9
43936,5
43943,3
43952,3
43957,5
44001,9
44030,0
44055,5
44058,3
44109,1
44124,4
44155,4
44188,3
44215,5
44229,2
44231,3
44236,9
44240,3
44248,2
44255,6
44256,4
44326,0
44361,9
44367,7
44398,7
44413,0
44418,1
44425,2
44436,8
44442,8
44491,0
44493,1
44504,3
44514,8
44537,9
44594,4
44637,7
44647,5
44675,0
44702,8
44714,8
44730,0
44777,0
44789,8
44791,4
44810,5
44825,9
44827,3
44840,7
44857,1
44858,5
44869,5
44888,3
44914,7
44933,0
44943,7
44973,9
44993,2
44995,9
45006,1
45012,5
45024,5
45027,8
45052,5
45113,6
45127,6
45128,0
45132,5
45143,7
45146,0
45151,3
45159,7
45211,5
45217,3
45222,5
45229,1
45233,5
45243,4
45247,9
45260,3
45262,6
45329,7
45340,3
45348,2
45388,9
45397,7
45414,2
45424,4
45429,4
45440,9
45451,1
45456,7
45470,5
45475,0
45541,1
45547,5
45558,6
45560,4
45561,2
45578,4
45609,6
45614,6
45635,6
45667,5
45669,0
45714,2
45751,4
45768,1
45769,0
45823,0
45848,3
45870,5
45885,2
45891,8
45900,1
45912,4
45926,1
45973,7
45990,3
46020,9
46022,4
46042,7
46079,3
46084,7
46086,5
46102,5
46103,1
46147,7
46151,7
46154,8
46202,7
46238,9
46245,4
46271,9
46274,7
46291,1
46318,9
46325,4
46348,8
46354,3
46358,5
46359,6
46371,0
46383,6
46394,2
46404,7
46418,5
46426,7
46461,1
46475,8
46492,9
46516,0
46522,5
46592,3
46595,3
46601,1
46603,0
46663,2
46675,5
46680,0
46684,6
46686,7
46715,6
46745,4
46751,0
46768,5
46820,7
46824,5
46836,7
46837,0
46872,8
46874,7
46886,4
46929,9
46931,0
46970,9
47015,7
47016,5
47053,8
47074,8
47099,8
47103,9
47107,5
47113,2
47125,9
47190,0
47198,4
47219,6
47265,6
47273,2
47276,4
47282,4
47287,3
47289,0
47329,3
47332,9
47337,7
47344,0
47396,0
47398,9
47416,7
47426,3
47439,7
47440,1
47447,0
47496,3
47497,6
47526,5
47530,2
47543,5
47579,0
47586,5
47587,3
47627,4
47631,6
47649,2
47667,2
47759,2
47767,2
47778,6
47791,0
47814,4
47836,9
47846,5
47868,1
47873,5
47877,6
47898,7
47904,1
47911,6
47934,5
47939,3
48013,4
48021,8
48026,0
48035,7
48053,7
48074,1
48080,7
48093,7
48134,5
48146,7
48154,9
48156,6
48163,3
48195,4
48200,0
48221,7
48240,4
48252,4
48260,5
48263,0
48279,2
48286,4
48305,7
48315,7
48325,3
48352,3
48381,9
48382,8
48434,0
48447,4
48453,7
48490,7
48491,6
48523,0
48538,6
48541,5
48547,0
48551,3
48565,6
48605,6
48629,1
48658,8
48681,2
48701,3
48703,4
48714,6
48718,9
48763,4
48788,3
48833,4
48847,5
48907,6
48916,1
48985,5
49018,3
49021,2
49024,7
49035,1
49062,5
49069,7
49091,3
49133,6
49154,1
49160,2
49178,6
49226,9
49234,3
49262,9
49283,1
49314,2
49324,3
49334,5
49338,1
49341,4
49369,2
49385,7
49388,9
49406,3
49412,7
49423,4
49459,0
49472,7
49492,9
49525,8
49540,7
49554,7
49559,1
49600,1
49620,8
49662,7
49685,0
49722,4
49746,3
49800,0
49841,3
49842,5
49870,9
49892,5
49897,4
49911,2
49912,3
49920,4
49921,7
49964,1
49971,0
49981,3
50009,4
50047,7
50059,6
50067,3
50071,5
50103,1
50114,8
50164,4
50210,3
50225,1
50339,4
50357,0
50381,2
50382,7
50387,6
50396,1
50405,4
50446,2
50447,1
50451,5
50469,6
50478,2
50508,2
50533,5
50543,2
50563,2
50584,6
50588,6
50596,8
50599,4
50605,7
50614,7
50633,5
50684,0
50691,2
50693,3
50706,7
50713,3
50728,3
50744,2
50758,9
50768,5
50779,5
50780,6
50786,5
50819,4
50823,6
50830,1
50832,9
50840,2
50864,1
50886,8
50900,8
50917,4
50943,7
50959,5
51000,7
51011,7
51097,5
51152,6
51175,4
51188,1
51192,9
51231,5
51250,1
51278,5
51289,9
51292,7
51347,8
51384,7
51402,6
51409,7
51411,8
51421,3
51457,6
51474,3
51506,2
51525,6
51528,6
51549,4
51565,8
51617,3
51630,2
51651,1
51675,3
51680,0
51684,4
51694,4
51721,2
51758,0
51795,5
51877,6
51885,7
51922,2
51952,1
52005,6
52029,6
52106,5
52158,4
52196,7
52228,0
52267,4
52292,8
52297,6
52325,1
52342,1
52363,7
52364,5
52366,2
52369,1
52388,5
52543,3
52550,2
52575,1
52587,7
52637,2
52666,7
52677,2
52692,3
52696,0
52710,1
52719,8
52720,0
52731,1
52748,4
52751,3
52770,9
52779,7
52812,2
52853,3
52857,5
52864,3
52873,4
52895,5
52926,7
52936,3
52962,5
52981,5
53079,8
53111,6
53161,8
53173,0
53193,5
53198,6
53200,5
53227,7
53307,4
53315,8
53325,3
53329,5
53339,0
53369,9
53382,3
53390,2
53417,8
53423,7
53437,9
53449,4
53467,1
53479,5
53483,7
53488,3
53490,7
53491,2
53508,8
53566,3
53573,0
53579,7
53580,8
53598,5
53609,3
53616,9
53634,5
53638,5
53669,2
53704,3
53712,3
53735,9
53777,6
53793,6
53830,6
53850,4
53862,2
53877,6
53971,5
53977,7
53983,6
54028,3
54063,5
54095,2
54113,6
54141,0
54202,5
54213,1
54264,4
54284,0
54328,0
54336,8
54340,1
54342,1
54378,7
54379,4
54393,1
54396,7
54409,6
54427,4
54482,7
54542,7
54581,5
54629,0
54639,5
54675,1
54686,4
54710,4
54727,3
54743,9
54773,1
54776,5
54797,3
54842,8
54856,3
54864,1
54871,7
54885,6
54907,6
54938,5
54960,4
54975,5
54997,0
55008,3
55051,3
55055,5
55067,1
55082,7
55119,7
55127,1
55245,6
55247,9
55321,3
55345,0
55374,7
55389,5
55428,5
55453,5
55463,5
55488,3
55506,5
55518,7
55532,4
55570,9
55613,7
55630,4
55639,5
55652,9
55695,8
55699,7
55778,9
55802,7
55807,8
55812,4
55824,6
55842,7
55868,8
55903,5
55906,2
55908,5
55987,2
56007,1
56023,0
56028,7
56031,4
56056,8
56066,7
56088,2
56192,1
56200,5
56214,5
56220,7
56242,9
56265,3
56269,5
56274,7
56281,4
56285,7
56287,7
56294,7
56301,2
56313,8
56315,8
56324,3
56344,5
56414,9
56417,4
56420,3
56424,0
56438,7
56474,3
56497,4
56511,1
56514,2
56566,5
56610,1
56636,8
56649,9
56654,3
56659,4
56664,2
56673,6
56690,9
56706,6
56726,9
56733,9
56739,2
56759,2
56784,4
56795,2
56799,4
56875,3
56876,2
56895,7
56915,7
56933,9
56954,0
56970,4
57007,2
57021,8
57025,5
57029,6
57043,4
57046,1
57214,0
57255,7
57268,1
57298,0
57375,4
57418,1
57427,2
57525,0
57542,0
57552,1
57569,4
57582,4
57600,7
57628,2
57642,0
57651,3
57680,3
57711,1
57731,8
57744,9
57751,7
57789,5
57817,3
57866,7
57893,3
57894,2
57919,3
57936,2
57985,4
57986,9
58002,0
58024,8
58025,5
58042,7
58051,1
58052,1
58058,8
58067,3
58080,3
58085,5
58130,5
58140,7
58146,0
58155,1
58163,3
58176,6
58191,6
58204,7
58249,3
58289,4
58310,7
58311,3
58322,1
58357,5
58358,8
58378,2
58379,3
58392,6
58425,7
58459,1
58477,5
58500,0
58506,6
58525,3
58527,3
58540,5
58546,0
58596,9
58600,1
58610,1
58654,3
58694,0
58709,8
58713,5
58760,3
58761,9
58762,8
58822,3
58828,9
58835,6
58846,5
58904,6
58922,6
58954,2
59046,3
59062,3
59073,6
59097,8
59104,3
59107,7
59125,6
59128,8
59147,9
59174,9
59190,5
59216,5
59229,3
59308,3
59313,0
59321,4
59335,4
59350,3
59379,7
59407,4
59431,6
59470,6
59487,0
59552,7
59554,7
59561,7
59592,7
59630,3
59646,7
59661,7
59669,5
59671,1
59674,4
59675,2
59698,2
59720,2
59726,5
59767,7
59780,4
59795,0
59799,4
59807,2
59833,2
59846,5
59848,6
59893,4
59942,9
59947,5
59957,3
59966,6
59971,2
