18,6
24,1
107,3
120,2
145,5
155,6
166,4
192,0
210,0
219,5
232,0
240,8
251,1
311,6
339,2
375,2
379,4
384,7
388,6
403,5
414,4
431,6
442,4
453,0
474,5
496,5
504,5
525,9
527,0
543,5
570,2
573,1
580,9
610,5
615,8
616,4
644,7
685,8
690,5
702,0
717,4
742,4
768,5
772,9
778,5
787,0
792,8
815,5
834,4
854,2
868,7
874,3
949,0
1031,1
1042,7
1063,8
1085,1
1103,9
1112,9
1166,7
1167,9
1174,1
1175,2
1264,2
1275,4
1278,5
1283,5
1347,7
1354,1
1374,2
1389,6
1396,9
1444,2
1469,3
1484,8
1522,9
1523,7
1525,7
1553,6
1595,2
1620,9
1622,9
1645,0
1649,2
1650,5
1670,5
1689,3
1713,8
1721,5
1726,6
1736,9
1751,9
1761,6
1762,4
1764,4
1775,0
1809,3
1824,5
1901,8
1995,0
2015,1
2025,6
2046,4
2062,6
2088,3
2147,0
2155,8
2167,6
2169,4
2183,3
2186,5
2201,2
2208,4
2220,4
2235,4
2264,4
2297,7
2312,9
2329,5
2342,2
2343,5
2373,0
2374,1
2376,7
2383,8
2386,7
2391,7
2398,9
2447,7
2450,2
2459,6
2466,4
2489,3
2584,0
2589,4
2596,4
2612,7
2624,0
2625,2
2628,8
2669,3
2685,8
2713,5
2742,4
2757,6
2775,5
2776,1
2790,2
2868,5
2878,1
2881,7
2917,3
2925,6
2947,6
2948,5
2969,7
2975,0
2986,7
2995,7
3007,5
3013,3
3024,0
3093,8
3109,6
3110,4
3111,1
3116,7
3139,6
3151,7
3185,5
3231,0
3261,4
3275,5
3276,7
3308,2
3331,1
3372,7
3392,6
3411,1
3414,9
3419,5
3449,6
3460,3
3465,9
3500,5
3529,0
3575,5
3592,1
3620,7
3635,5
3637,5
3651,3
3653,9
3660,2
3680,2
3694,4
3697,4
3720,0
3736,6
3751,7
3765,2
3768,5
3778,0
3790,7
3800,1
3804,7
3828,4
3830,2
3836,2
3840,7
3867,9
3876,0
3890,2
3936,6
3938,3
3950,6
3978,4
4023,0
4034,7
4044,0
4048,5
4065,9
4195,4
4210,6
4249,6
4273,7
4321,0
4336,4
4371,2
4379,4
4400,3
4427,2
4482,8
4508,3
4521,8
4545,7
4559,7
4601,5
4603,2
4629,0
4687,2
4688,0
4714,2
4739,5
4749,0
4776,0
4786,5
4796,4
4809,7
4817,6
4843,2
4852,0
4875,7
4892,0
4916,9
4918,0
4930,6
4933,1
4934,6
4943,6
4952,4
4961,5
4981,0
4987,5
5019,0
5028,5
5042,8
5053,0
5081,5
5082,0
5099,6
5124,4
5159,6
5180,4
5190,3
5204,1
5284,3
5285,0
5303,5
5305,1
5326,7
5349,7
5367,7
5375,1
5455,3
5469,0
5515,5
5529,2
5545,2
5550,5
5552,1
5591,5
5606,5
5611,3
5639,4
5652,7
5672,9
5712,5
5718,9
5726,9
5765,9
5777,4
5803,9
5818,7
5823,2
5828,5
5833,1
5849,6
5852,3
5866,5
5879,6
5885,2
5899,4
5919,3
5929,0
5939,5
5971,5
5985,2
6009,4
6011,5
6046,7
6056,2
6061,9
6088,7
6091,7
6152,8
6166,9
6190,2
6255,5
6270,2
6287,7
6293,3
6318,1
6352,5
6370,5
6396,6
6405,3
6432,7
6509,6
6519,4
6532,4
6555,5
6566,7
6569,5
6584,3
6596,4
6602,6
6612,3
6625,9
6641,9
6676,0
6761,4
6781,5
6786,5
6820,9
6847,0
6848,5
6852,5
6867,5
6899,2
6953,7
6964,9
6991,0
7007,1
7039,1
7059,7
7075,1
7139,2
7143,0
7208,9
7251,9
7254,0
7271,0
7285,4
7304,7
7380,7
7383,3
7387,3
7391,0
7409,0
7413,2
7426,4
7451,0
7532,1
7542,1
7652,4
7665,8
7701,3
7710,0
7744,6
7772,2
7804,4
7808,7
7811,9
7818,2
7846,0
7851,8
7901,6
7933,2
7942,2
7947,9
8015,9
8027,5
8090,7
8108,0
8113,0
8167,7
8172,0
8183,5
8194,1
8205,7
8246,3
8248,7
8250,0
8281,4
8304,0
8308,9
8358,9
8367,6
8393,9
8394,1
8417,6
8464,1
8466,4
8470,2
8472,0
8473,2
8532,6
8534,4
8625,1
8653,0
8667,6
8680,8
8720,6
8727,2
8756,3
8841,2
8842,4
8876,5
8911,6
8937,1
8959,7
8961,0
8973,4
8987,1
8990,7
8991,7
9011,1
9048,0
9052,7
9065,3
9075,6
9081,9
9101,0
9110,1
9114,9
9122,9
9162,7
9227,1
9246,2
9256,1
9386,3
9451,0
9463,0
9473,0
9494,7
9495,5
9517,6
9568,5
9585,4
9599,1
9600,2
9631,9
9670,3
9672,2
9684,5
9699,0
9707,0
9712,2
9808,6
9817,9
9869,0
9884,1
9914,0
9919,5
9956,8
9963,0
10029,2
10043,9
10045,0
10050,7
10060,4
10065,5
10075,2
10080,0
10114,4
10159,4
10166,9
10173,5
10179,7
10194,2
10204,0
10238,3
10258,5
10270,6
10271,6
10277,5
10295,7
10317,2
10375,6
10387,9
10422,8
10427,7
10439,0
10440,6
10465,5
10472,2
10485,7
10500,1
10528,2
10551,8
10558,4
10560,4
10652,5
10653,5
10661,5
10665,5
10691,0
10763,7
10768,4
10831,5
10833,6
10835,7
10840,0
10841,7
10861,0
10883,9
10904,5
10912,4
10920,2
10941,2
10946,7
10958,5
11013,2
11026,0
11044,4
11060,0
11115,5
11116,0
11148,4
11164,7
11176,8
11182,5
11186,9
11194,9
11209,4
11231,0
11243,2
11245,9
11254,7
11277,6
11292,1
11318,0
11324,5
11326,1
11327,6
11349,7
11361,0
11370,7
11375,5
11393,5
11434,4
11437,7
11461,6
11467,3
11470,5
11491,2
11492,5
11494,4
11495,4
11549,5
11574,0
11575,8
11581,2
11619,3
11687,7
11702,1
11732,9
11752,3
11771,7
11784,6
11815,4
11834,0
11850,5
11853,9
11870,6
11896,2
11914,0
11966,5
11969,0
11986,4
11988,4
12011,0
12030,1
12038,1
12039,5
12047,6
12054,8
12062,7
12077,4
12125,4
12172,9
12200,9
12287,7
12337,0
12419,8
12422,2
12431,9
12454,7
12466,8
12512,1
12516,0
12530,4
12547,6
12565,8
12579,7
12599,7
12615,4
12635,0
12652,0
12662,0
12668,7
12677,3
12679,2
12707,2
12724,7
12735,6
12768,9
12803,2
12835,7
12837,0
12840,9
12860,2
12893,5
12896,7
12955,4
12982,7
13003,1
13054,0
13076,0
13097,0
13108,9
13133,6
13165,5
13166,7
13185,5
13206,0
13286,0
13295,2
13310,2
13316,8
13366,0
13484,2
13533,5
13551,5
13553,4
13603,5
13608,8
13652,9
13663,5
13671,6
13685,0
13710,7
13739,9
13765,4
13779,0
13798,0
13853,0
13916,0
13986,4
13988,5
13995,6
14044,6
14062,8
14072,6
14084,2
14095,7
14120,9
14136,6
14142,9
14174,2
14211,8
14213,5
14242,7
14269,0
14300,6
14324,9
14329,0
14334,0
14368,5
14389,5
14398,7
14402,0
14422,2
14424,4
14436,9
14453,6
14491,0
14495,8
14531,7
14551,2
14610,6
14616,4
14618,6
14644,0
14645,8
14677,6
14682,1
14690,8
14724,1
14729,0
14730,8
14744,9
14764,6
14768,6
14788,4
14832,7
14845,8
14869,6
14875,9
14911,7
14917,5
14921,6
14932,2
14946,5
14949,0
15023,4
15042,0
15045,3
15111,4
15121,1
15188,6
15197,5
15214,4
15235,9
15252,1
15259,4
15267,8
15313,4
15326,9
15369,9
15393,7
15395,9
15410,7
15421,5
15434,2
15491,0
15502,8
15542,0
15545,7
15553,9
15560,9
15598,8
15630,3
15648,0
15653,9
15662,0
15663,0
15763,1
15768,5
15771,5
15797,6
15808,7
15819,5
15886,5
15899,9
15923,7
15932,7
15945,3
15965,0
15980,3
16015,7
16023,8
16047,2
16083,0
16092,5
16104,2
16119,0
16137,9
16144,0
16193,3
16202,0
16247,7
16281,2
16326,0
16328,2
16358,5
16378,6
16383,7
16392,1
16397,4
16420,7
16430,6
16436,6
16463,9
16490,5
16514,7
16516,0
16527,2
16531,4
16543,0
16545,1
16552,8
16555,6
16583,6
16584,3
16600,4
16604,6
16635,9
16644,7
16661,7
16673,9
16681,9
16687,7
16701,2
16740,9
16748,3
16760,2
16762,8
16792,6
16807,4
16809,7
16858,2
16865,4
16882,7
16889,6
16942,4
16956,5
16975,0
17033,7
17045,4
17046,2
17086,7
17090,1
17102,4
17110,2
17118,5
17153,2
17156,5
17176,6
17187,0
17200,0
17220,2
17284,6
17288,3
17336,2
17401,6
17449,0
17458,0
17464,2
17478,4
17503,0
17533,7
17541,1
17563,6
17570,9
17590,4
17595,2
17631,5
17657,6
17659,7
17664,1
17693,0
17701,4
17704,1
17716,5
17735,7
17740,4
17752,3
17792,9
17829,6
17837,4
17881,0
17903,9
17908,3
17916,4
17926,4
17968,0
17979,7
18036,2
18063,6
18089,8
18104,8
18107,7
18120,3
18125,6
18135,2
18154,6
18170,7
18202,4
18209,5
18275,6
18277,9
18298,5
18308,4
18318,2
18381,6
18385,4
18395,2
18413,2
18425,0
18436,4
18446,5
18469,7
18472,7
18486,0
18507,0
18578,4
18582,4
18607,4
18622,2
18628,9
18665,0
18682,7
18712,0
18727,3
18729,7
18738,9
18743,0
18777,9
18791,6
18820,9
18836,0
18837,0
18839,5
18858,0
18861,9
18886,1
18887,8
18917,9
18923,0
18924,3
18927,2
19032,4
19060,0
19087,2
19088,4
19119,0
19139,1
19154,2
19188,1
19208,6
19283,7
19348,3
19352,7
19361,0
19364,5
19388,1
19394,1
19397,2
19403,9
19424,7
19430,5
19441,1
19445,3
19456,5
19484,4
19519,2
19525,7
19573,4
19597,9
19657,4
19682,0
19706,5
19717,5
19721,2
19758,3
19770,0
19852,5
19918,1
19920,5
19934,9
19944,5
19952,4
19985,0
20003,3
20019,7
20030,7
20092,5
20100,2
20134,7
20158,7
20171,5
20185,5
20204,8
20241,9
20256,0
20264,9
20287,4
20312,7
20334,0
20371,0
20389,9
20436,2
20441,2
20476,5
20477,7
20484,4
20508,9
20529,4
20540,3
20581,2
20598,5
20611,1
20613,2
20653,4
20670,3
20680,4
20698,9
20710,2
20713,0
20808,6
20832,2
20834,7
20847,2
20852,1
20916,6
20976,5
21009,2
21069,0
21078,0
21137,0
21191,0
21206,5
21251,2
21252,5
21267,9
21271,0
21306,3
21327,4
21363,4
21372,0
21378,9
21429,7
21444,2
21446,1
21462,7
21482,7
21493,2
21523,0
21541,4
21550,5
21553,0
21598,2
21619,4
21653,4
21657,9
21672,7
21678,5
21683,2
21719,7
21741,1
21768,0
21779,5
21790,7
21819,5
21863,8
21871,7
21882,4
21898,0
21912,6
21963,5
21983,2
22049,3
22108,9
22116,9
22139,2
22224,0
22343,1
22362,0
22368,2
22379,5
22394,4
22432,0
22440,0
22444,0
22453,0
22491,2
22506,5
22513,7
22532,8
22595,4
22611,2
22615,6
22635,2
22644,1
22662,7
22664,9
22673,2
22725,9
22736,5
22739,7
22777,0
22812,1
22816,0
22821,5
22834,6
22853,8
22887,5
22898,9
22925,9
22951,5
22955,7
22958,2
22972,1
22978,0
22984,7
23013,0
23054,7
23081,8
23092,8
23114,2
23123,5
23136,0
23153,7
23196,4
23198,6
23234,9
23255,1
23273,0
23275,9
23322,3
23331,0
23346,6
23351,0
23353,1
23360,7
23374,9
23379,6
23421,6
23434,5
23442,7
23456,8
23504,0
23537,8
23541,0
23544,5
23558,6
23572,3
23586,0
23591,8
23677,2
23690,5
23705,2
23713,4
23721,2
23760,7
23764,2
23774,6
23786,0
23810,3
23825,5
23839,6
23862,1
23876,9
23883,7
23926,0
23927,5
23946,7
23953,1
23970,1
24000,8
24006,9
24057,9
24068,5
24069,0
24078,0
24085,0
24093,5
24097,5
24110,8
24111,3
24132,3
24138,7
24193,9
24215,2
24218,3
24236,7
24244,4
24257,6
24296,4
24298,4
24391,4
24392,6
24402,5
24414,3
24421,5
24423,6
24459,9
24463,0
24476,0
24540,7
24548,7
24565,7
24566,9
24583,7
24605,0
24617,1
24681,0
24703,4
24712,9
24729,1
24730,5
24731,3
24746,2
24764,6
24791,8
24812,5
24848,1
24893,0
24952,0
24953,8
24958,1
24964,7
24973,1
25026,7
25107,3
25119,9
25135,6
25137,0
25142,6
25191,3
25197,4
25204,6
25234,4
25249,2
25252,0
25306,6
25317,6
25330,5
25355,7
25373,3
25381,2
25384,5
25458,7
25481,7
25499,6
25520,6
25530,2
25532,9
25566,5
25568,8
25580,5
25609,2
25684,6
25700,2
25712,9
25743,0
25748,7
25750,0
25773,0
25806,7
25823,0
25835,8
25840,5
25854,2
25858,1
25868,7
25921,0
25927,2
25928,0
25930,5
25964,7
25974,2
25990,4
25992,6
26025,9
26037,5
26046,2
26071,6
26085,8
26124,6
26145,8
26146,2
26153,8
26163,5
26201,2
26231,8
26248,8
26267,3
26322,7
26336,9
26389,0
26410,6
26422,0
26458,4
26474,8
26477,2
26488,3
26501,0
26542,3
26570,5
26607,5
26645,0
26650,6
26654,6
26685,0
26708,8
26759,6
26766,6
26779,2
26875,2
26891,5
26896,5
26910,1
26920,6
26928,3
26957,7
26962,6
26988,6
27009,5
27014,4
27021,6
27052,2
27053,5
27073,2
27074,9
27128,9
27175,6
27200,0
27258,2
27263,5
27264,2
27288,5
27310,5
27336,1
27382,6
27395,0
27410,1
27411,0
27421,5
27429,0
27437,4
27446,0
27491,6
27497,7
27499,5
27502,5
27503,2
27609,0
27645,3
27647,7
27667,7
27676,4
27691,3
27706,7
27735,0
27746,1
27773,9
27776,4
27791,2
27817,9
27831,1
27850,6
27854,0
27895,1
27914,4
27921,5
27930,3
27954,5
27963,5
28022,4
28024,0
28029,5
28050,2
28057,5
28077,2
28095,2
28109,4
28121,4
28124,4
28128,4
28143,6
28167,1
28180,7
28186,0
28190,4
28221,0
28222,6
28317,0
28332,5
28335,2
28338,8
28357,0
28370,2
28383,9
28401,8
28403,0
28432,8
28433,8
28477,5
28478,5
28515,3
28590,6
28596,5
28611,2
28615,4
28621,7
28625,9
28676,9
28683,4
28690,0
28767,4
28772,0
28784,0
28852,7
28893,1
28949,5
29017,2
29028,6
29031,9
29066,5
29075,4
29149,6
29173,1
29174,5
29225,3
29228,4
29249,3
29258,4
29269,3
29291,4
29293,5
29299,8
29307,5
29313,3
29314,2
29330,6
29349,9
29374,0
29393,8
29442,4
29451,1
29478,0
29496,2
29497,0
29579,0
29608,3
29614,0
29638,4
29658,1
29661,7
29683,4
29690,4
29706,0
29737,9
29748,5
29781,5
29789,2
29793,6
29829,8
29839,2
29844,3
29855,7
29857,9
29860,0
29873,0
29908,7
29913,3
29919,7
29981,6
29996,9
30015,7
30019,8
30038,8
30040,3
30052,4
30061,5
30086,5
30118,7
30121,4
30161,6
30198,4
30208,9
30223,0
30305,1
30331,0
30335,1
30345,6
30348,7
30424,0
30434,0
30474,6
30482,5
30485,2
30520,9
30544,5
30549,7
30553,5
30569,2
30599,7
30605,0
30607,1
30618,0
30651,0
30707,0
30715,6
30741,6
30788,6
30865,2
30874,8
30884,2
30896,5
30910,9
30922,9
30926,0
30935,7
30936,7
30961,5
31031,5
31052,4
31053,5
31092,2
31101,7
31112,0
31115,9
31130,9
31149,5
31173,0
31194,0
31199,0
31209,1
31216,2
31221,2
31259,8
31260,8
31291,7
31299,9
31314,0
31328,5
31356,0
31361,0
31368,6
31383,7
31396,7
31496,5
31520,5
31527,7
31537,1
31572,6
31634,2
31659,9
31660,4
31663,1
31667,3
31676,9
31682,5
31683,0
31688,2
31737,9
31757,2
31760,8
31772,5
31798,9
31833,9
31862,1
31912,7
31943,0
31955,6
31995,0
32002,6
32012,8
32026,5
32030,8
32049,4
32085,1
32098,0
32141,5
32149,9
32159,7
32177,9
32181,8
32184,0
32220,7
32222,6
32239,9
32241,6
32258,5
32262,4
32305,6
32344,5
32356,9
32380,9
32396,9
32418,2
32502,8
32509,8
32531,0
32574,0
32585,5
32603,5
32612,1
32662,7
32675,1
32681,7
32685,3
32690,0
32693,0
32716,7
32737,5
32769,4
32771,9
32814,1
32865,4
32889,6
32902,5
32957,7
32967,9
32970,9
32993,4
32995,8
33004,3
33009,3
33020,0
33027,2
33073,6
33075,2
33090,2
33120,2
33129,9
33138,5
33152,8
33158,2
33188,1
33206,5
33222,5
33245,5
33253,0
33315,7
33328,6
33356,7
33381,0
33383,1
33411,4
33428,1
33438,2
33439,8
33445,3
33448,5
33496,0
33559,6
33586,1
33595,6
33622,5
33650,4
33651,7
33673,0
33696,9
33708,4
33711,4
33777,8
33811,5
33816,4
33819,2
33909,5
33947,0
33961,9
33996,7
34002,5
34050,5
34065,5
34067,4
34121,6
34155,2
34172,0
34189,6
34220,6
34270,5
34275,4
34354,4
34358,0
34362,5
34391,5
34428,4
34475,2
34532,2
34542,1
34544,9
34558,2
34578,6
34579,5
34582,0
34637,9
34670,7
34673,7
34730,0
34776,6
34800,5
34801,9
34803,0
34806,5
34835,7
34852,1
34867,0
34871,2
34877,5
34878,9
34885,9
34971,4
34972,7
34977,0
34994,4
34999,0
35028,0
35031,2
35055,6
35057,5
35072,8
35090,2
35112,2
35142,4
35157,0
35183,4
35186,4
35188,9
35203,7
35209,0
35229,4
35249,3
35269,2
35287,5
35325,9
35332,9
35350,5
35391,7
35401,3
35424,6
35464,9
35467,8
35474,7
35507,1
35519,7
35521,8
35535,5
35596,1
35600,1
35611,5
35615,3
35616,6
35627,6
35628,5
35637,7
35644,2
35670,2
35709,6
35720,0
35774,1
35775,0
35777,1
35828,6
35853,0
35859,3
35864,5
35884,4
35889,5
35896,0
35905,0
35923,0
35927,2
35966,4
36004,9
36019,0
36026,5
36068,6
36084,0
36089,5
36136,7
36144,6
36161,9
36198,0
36209,2
36220,6
36260,0
36280,4
36346,4
36391,0
36393,0
36395,7
36401,2
36419,4
36430,7
36463,2
36474,9
36518,4
36533,0
36545,7
36582,8
36611,7
36619,4
36634,4
36639,5
36647,4
36660,6
36662,2
36702,6
36762,7
36780,0
36807,9
36842,0
36942,2
36944,8
36953,0
36996,6
37000,4
37023,1
37069,5
37090,7
37103,2
37144,4
37149,8
37159,6
37160,5
37168,7
37189,0
37220,0
37252,0
37311,4
37335,0
37337,1
37391,9
37410,4
37428,8
37459,8
37462,2
37485,4
37488,8
37490,4
37491,2
37494,7
37502,6
37507,5
37514,2
37530,4
37554,0
37632,2
37642,0
37668,2
37676,6
37678,0
37723,0
37750,5
37759,0
37760,2
37762,7
37775,7
37780,0
37835,7
37857,8
37874,5
37899,4
37901,0
37958,4
37970,0
37971,7
37979,8
37980,0
37981,0
38013,6
38035,0
38051,9
38055,0
38079,4
38089,3
38095,1
38114,6
38127,2
38199,3
38215,7
38224,7
38228,0
38229,4
38231,0
38232,0
38293,9
38295,5
38298,5
38322,6
38344,9
38369,9
38393,6
38394,6
38402,4
38407,4
38429,0
38453,8
38473,0
38527,2
38537,7
38546,5
38547,2
38553,5
38576,6
38586,7
38594,5
38607,7
38609,2
38612,5
38619,4
38624,5
38650,7
38664,1
38672,7
38709,1
38782,6
38839,2
38849,8
38852,4
38855,4
38864,5
38879,2
38888,5
38917,9
38918,1
38968,1
38988,6
39027,5
39028,0
39042,2
39053,7
39076,1
39103,5
39140,3
39146,2
39150,7
39171,2
39175,0
39179,9
39185,1
39190,7
39218,4
39233,0
39291,8
39324,4
39331,9
39332,6
39342,2
39348,7
39350,8
39360,0
39380,5
39407,0
39420,2
39473,5
39496,6
39512,1
39517,7
39533,1
39557,7
39583,6
39593,9
39650,6
39654,9
39655,2
39656,0
39667,4
39672,7
39676,7
39686,3
39724,9
39739,2
39743,4
39755,0
39821,7
39822,9
39839,0
39851,3
39858,5
39878,1
39923,5
39949,7
39966,5
39973,9
40012,8
40037,2
40084,2
40093,6
40125,5
40141,6
40145,9
40147,1
40183,2
40185,3
40214,7
40218,0
40225,4
40247,3
40258,5
40300,9
40303,0
40304,6
40311,7
40316,4
40323,7
40338,7
40426,4
40428,0
40472,8
40487,9
40518,5
40589,2
40607,2
40625,6
40685,9
40703,4
40712,7
40717,6
40719,4
40738,5
40744,1
40758,8
40793,4
40804,9
40816,2
40840,5
40848,1
40853,2
40873,7
40922,0
40926,3
40964,5
41015,3
41029,1
41066,4
41074,2
41097,9
41105,2
41122,0
41123,3
41135,9
41151,7
41174,7
41198,6
41223,5
41235,8
41252,0
41256,2
41289,1
41303,6
41377,9
41399,2
41402,5
41421,2
41423,6
41470,7
41490,0
41519,6
41529,8
41534,0
41539,5
41588,0
41611,8
41620,0
41656,7
41659,6
41668,2
41673,5
41684,9
41686,4
41688,6
41691,4
41700,7
41721,2
41733,1
41762,7
41790,6
41885,4
41894,1
41902,3
41907,0
41950,4
41957,5
41970,5
41979,9
41985,2
42004,7
42011,7
42018,4
42034,8
42035,9
42047,5
42048,9
42057,7
42093,1
42115,2
42160,6
42163,7
42172,6
42188,2
42251,3
42269,7
42290,7
42293,9
42303,3
42310,2
42343,3
42347,8
42349,0
42370,6
42374,0
42403,7
42407,5
42415,7
42420,6
42445,3
42467,8
42471,4
42474,2
42500,9
42522,2
42570,6
42587,4
42630,1
42664,0
42700,6
42708,2
42753,5
42763,7
42773,9
42809,4
42825,4
42829,6
42843,6
42862,0
42886,3
42889,5
42909,3
42950,2
43035,6
43074,0
43082,7
43089,7
43116,2
43148,5
43168,7
43174,9
43183,9
43188,0
43285,7
43293,2
43342,8
43351,2
43367,0
43370,4
43374,7
43412,5
43422,0
43432,5
43468,0
43493,7
43557,3
43648,5
43649,2
43679,6
43681,2
43696,5
43697,6
43701,0
43735,6
43751,9
43758,3
43821,7
43916,9
43917,7
43925,6
43968,8
43982,9
43985,5
44008,9
44014,5
44025,9
44062,7
44071,9
44085,9
44112,3
44117,7
44169,7
44175,7
44199,0
44201,6
44222,1
44275,4
44316,2
44411,0
44434,7
44441,6
44450,9
44499,4
44526,7
44547,9
44588,7
44601,7
44607,9
44740,2
44742,6
44750,0
44767,2
44791,4
44796,0
44807,7
44816,5
44821,5
44835,7
44845,5
44871,0
44922,4
44923,5
44955,0
44958,0
44985,9
45034,9
45042,0
45065,9
45097,7
45111,5
45129,0
45137,4
45165,0
45179,7
45233,5
45238,4
45269,6
45286,8
45288,0
45303,0
45332,2
45375,2
45383,0
45417,0
45457,7
45472,4
45504,0
45505,2
45511,0
45512,5
45532,1
45535,7
45563,3
45585,8
45591,5
45620,2
45626,7
45688,9
45734,3
45801,3
45866,8
45875,5
45887,6
45932,2
46000,9
46016,7
46039,0
46069,0
46142,1
46203,5
46215,7
46229,6
46231,8
46236,1
46237,8
46287,9
46333,4
46377,2
46440,6
46481,1
46493,7
46515,7
46540,2
46541,7
46562,0
46580,6
46604,0
46611,6
46619,2
46635,5
46643,4
46690,2
46698,9
46729,3
46751,0
46755,6
46773,9
46785,0
46793,8
46797,0
46802,9
46825,6
46829,5
46845,6
46856,3
46860,0
46873,7
46878,5
46888,7
46890,5
46906,7
46925,4
46941,5
46945,7
46992,0
47029,4
47039,5
47043,2
47044,4
47072,0
47077,5
47106,6
47167,0
47175,4
47181,7
47193,5
47199,2
47230,2
47249,2
47266,7
47267,0
47278,5
47299,4
47352,3
47361,3
47419,0
47438,8
47449,5
47453,7
47479,0
47489,9
47518,4
47541,4
47547,9
47572,0
47599,0
47639,0
47643,3
47647,0
47650,2
47661,5
47681,1
47731,2
47761,6
47763,4
47786,0
47807,6
47809,7
47822,0
47828,5
47839,2
47847,6
47865,9
47890,2
47895,3
47901,3
47940,5
47945,2
47968,5
47994,1
48004,5
48010,7
48027,1
48029,2
48033,6
48035,7
48046,5
48058,5
48097,9
48100,7
48117,6
48178,2
48187,0
48191,2
48201,7
48203,8
48209,1
48226,1
48227,0
48230,5
48244,9
48268,0
48290,9
48312,8
48332,2
48342,4
48353,5
48360,3
48384,9
48409,6
48415,3
48424,5
48438,0
48449,5
48455,8
48479,0
48499,3
48541,5
48547,0
48558,4
48570,6
48572,5
48604,0
48605,6
48624,2
48659,5
48680,5
48683,3
48698,2
48740,6
48764,4
48789,9
48790,0
48838,5
48846,4
48859,3
48865,5
48866,7
48880,4
48889,7
48897,1
48924,9
48991,2
48997,8
49000,4
49001,4
49005,4
49006,3
49014,0
49023,5
49078,4
49133,6
49136,7
49147,3
49148,2
49150,0
49196,4
49199,0
49214,0
49218,0
49237,4
49296,6
49309,4
49327,7
49328,6
49329,3
49351,0
49352,5
49358,9
49394,0
49403,6
49455,5
49466,9
49468,9
49478,6
49490,5
49501,4
49511,9
49535,0
49584,7
49594,0
49595,0
49611,5
49613,6
49639,0
49649,5
49652,5
49695,0
49711,6
49722,4
49743,6
49772,6
49819,2
49848,0
49862,7
49872,0
49895,5
49924,0
49959,6
49977,6
50007,3
50017,5
50041,9
50046,7
50142,5
50193,6
50235,0
50242,6
50248,9
50267,4
50305,7
50322,5
50331,0
50332,5
50349,9
50386,9
50396,1
50456,5
50473,9
50474,2
50476,0
50480,0
50492,0
50510,4
50539,0
50543,2
50568,2
50576,2
50594,6
50622,6
50649,5
50654,0
50660,8
50661,1
50663,9
50677,5
50684,0
50720,2
50725,4
50734,5
50798,9
50805,7
50832,9
50836,6
50848,5
50876,0
50892,3
50943,7
50955,3
50978,7
50994,7
51039,5
51056,4
51057,0
51062,7
51086,5
51099,9
51121,0
51125,4
51158,8
51175,4
51185,9
51190,1
51206,1
51212,2
51213,6
51214,2
51219,6
51224,8
51240,9
51248,9
51301,0
51318,9
51353,7
51371,5
51398,2
51422,0
51437,8
51442,9
51452,7
51458,2
51472,9
51487,8
51548,1
51552,9
51562,5
51619,6
51622,4
51636,7
51637,4
51661,6
51676,6
51689,4
51691,7
51692,5
51736,5
51772,1
51791,4
51800,5
51818,0
51828,0
51841,8
51852,5
51853,4
51879,7
51883,0
51929,4
51935,7
51945,9
51950,5
51977,6
51978,0
51990,5
52010,7
52024,4
52033,8
52046,1
52081,1
52109,2
52116,3
52155,4
52158,4
52168,3
52180,9
52189,2
52228,0
52241,8
52249,7
52258,9
52299,4
52301,7
52323,0
52331,2
52348,4
52369,1
52405,7
52462,9
52481,9
52482,6
52503,6
52511,8
52527,5
52544,6
52559,5
52592,8
52608,5
52617,0
52649,2
52651,9
52663,4
52688,6
52713,3
52732,7
52749,6
52755,2
52782,2
52803,7
52823,4
52835,2
52855,4
52873,4
52883,9
52889,2
52928,0
52934,0
52989,9
53001,1
53007,6
53023,7
53024,5
53057,6
53117,0
53140,1
53155,8
53207,2
53212,0
53216,9
53218,2
53222,4
53251,9
53261,7
53266,2
53278,4
53317,9
53318,6
53341,1
53343,2
53350,0
53359,6
53360,0
53389,6
53399,0
53406,6
53419,3
53476,4
53505,9
53512,2
53525,7
53561,9
53567,5
53603,6
53608,2
53627,1
53656,2
53670,0
53704,3
53737,8
53759,5
53764,9
53770,7
53785,0
53800,0
53825,2
53847,9
53852,7
53900,6
53918,6
53933,8
53957,0
53999,8
54010,0
54045,5
54058,2
54074,3
54089,0
54108,0
54119,9
54124,6
54159,5
54231,8
54293,1
54348,6
54368,0
54373,1
54421,0
54434,1
54483,5
54489,1
54495,8
54510,5
54534,3
54544,1
54546,9
54561,7
54582,4
54647,9
54659,5
54687,9
54689,0
54754,2
54766,9
54776,5
54820,6
54822,0
54836,0
54894,2
54927,0
54934,5
54938,5
54942,0
54946,1
54948,6
55001,2
55008,3
55068,9
55082,7
55115,0
55122,8
55148,5
55160,4
55166,6
55171,7
55192,8
55197,4
55223,5
55284,8
55288,0
55296,9
55339,4
55348,0
55349,5
55356,5
55366,0
55374,7
55408,0
55426,7
55436,8
55483,6
55514,7
55522,4
55524,1
55540,2
55544,7
55643,5
55645,6
55681,0
55682,0
55683,8
55686,1
55703,6
55724,7
55748,5
55752,0
55767,1
55778,9
55788,4
55824,6
55866,3
55903,5
55933,2
55986,0
56011,4
56056,8
56064,7
56077,7
56078,9
56173,4
56210,6
56251,6
56262,5
56274,7
56304,9
56322,8
56332,0
56339,5
56348,9
56352,0
56380,4
56390,7
56394,2
56404,0
56419,0
56430,8
56450,0
56464,9
56468,5
56473,2
56498,2
56527,9
56531,7
56534,7
56568,6
56632,6
56654,3
56671,4
56677,6
56688,1
56703,9
56755,0
56758,4
56762,2
56769,7
56771,8
56801,0
56833,4
56850,7
56900,7
56914,0
56917,2
56918,6
56949,0
56953,1
56966,3
56969,0
56981,6
56983,7
56990,5
57007,2
57011,4
57026,4
57113,2
57138,6
57182,5
57201,0
57221,0
57241,0
57298,0
57302,5
57309,9
57313,6
57346,6
57384,0
57429,7
57440,1
57458,7
57462,5
57476,9
57506,2
57537,4
57549,7
57565,6
57579,1
57600,7
57609,7
57668,8
57724,4
57742,6
57745,8
57776,9
57778,1
57818,5
57853,5
57858,7
57870,8
57898,8
57917,0
57933,2
57935,6
57937,4
57949,7
57971,6
57976,2
57995,0
58023,4
58085,5
58124,6
58130,5
58134,5
58144,3
58145,5
58219,3
58230,1
58240,4
58258,7
58263,9
58282,7
58284,9
58317,2
58364,4
58365,5
58411,3
58419,5
58422,9
58429,2
58471,5
58486,1
58497,7
58507,7
58516,6
58523,0
58526,7
58535,5
58544,3
58549,6
58553,0
58566,9
58576,1
58583,7
58585,2
58618,1
58638,2
58639,9
58644,2
58646,5
58649,0
58663,5
58669,6
58679,8
58681,7
58690,7
58706,5
58738,0
58743,0
58781,6
58788,7
58795,4
58799,5
58814,5
58818,9
58875,4
58895,4
58920,9
58923,2
58967,9
58986,4
59029,6
59038,3
59065,6
59075,9
59107,7
59109,9
59148,0
59168,3
59193,5
59234,5
59273,6
59298,2
59304,7
59400,5
59415,2
59419,1
59424,7
59446,5
59448,6
59449,9
59476,2
59537,2
59541,0
59548,6
59556,2
59586,1
59604,9
59612,8
59621,2
59635,5
59646,7
59677,2
59684,2
59704,0
59845,7
59853,6
59863,4
59880,5
59908,7
59918,0
59959,6
