2,4
77,1
109,2
122,2
131,4
158,7
170,9
184,1
199,2
233,2
262,2
273,5
288,7
296,0
304,9
307,7
327,3
365,2
409,9
419,9
425,3
462,0
486,3
503,8
531,4
550,9
558,2
560,7
568,2
579,5
593,1
594,8
597,6
601,9
664,2
684,2
760,3
772,9
774,2
805,5
813,2
869,0
875,3
902,9
905,1
907,2
920,1
933,7
946,2
948,7
960,5
1033,2
1036,9
1095,1
1111,5
1118,1
1134,2
1162,5
1175,2
1179,0
1199,2
1207,8
1210,5
1217,7
1235,9
1250,9
1277,1
1284,9
1305,9
1355,9
1378,3
1465,9
1470,3
1491,7
1512,0
1517,0
1522,9
1580,4
1582,6
1587,5
1591,9
1614,2
1714,2
1727,2
1728,9
1740,9
1749,8
1754,2
1757,9
1770,7
1774,2
1796,0
1843,3
1855,9
1865,4
1868,0
1890,6
1899,7
1931,6
1942,1
1950,9
1964,8
2028,5
2048,7
2051,0
2064,7
2085,2
2089,4
2095,7
2145,7
2168,7
2192,0
2197,1
2245,0
2248,5
2279,5
2342,2
2348,7
2351,9
2368,5
2377,2
2405,5
2435,0
2478,5
2483,0
2551,5
2568,3
2572,1
2594,1
2698,5
2755,5
2761,8
2810,8
2811,1
2817,0
2837,6
2841,8
2854,0
2867,7
2883,3
2917,3
2924,9
2967,6
3012,0
3017,2
3034,3
3042,2
3064,2
3070,1
3080,1
3084,9
3099,9
3125,4
3136,6
3158,8
3162,7
3169,9
3209,7
3224,2
3238,9
3253,7
3287,6
3345,1
3367,0
3398,9
3399,4
3442,7
3444,2
3522,7
3533,9
3535,5
3564,2
3573,4
3579,7
3580,5
3614,3
3621,9
3661,0
3678,9
3687,3
3704,9
3729,1
3756,3
3773,9
3775,8
3802,1
3807,8
3818,9
3822,1
3852,9
3871,2
3892,8
3898,1
3949,3
3959,8
3966,1
4007,5
4024,7
4050,9
4063,8
4071,2
4073,3
4084,8
4096,2
4109,1
4129,1
4139,8
4164,7
4249,6
4323,9
4329,9
4331,7
4356,0
4366,7
4385,7
4387,1
4389,0
4399,9
4404,6
4442,2
4467,1
4471,3
4485,0
4491,3
4547,9
4557,1
4571,7
4576,2
4597,0
4600,5
4661,7
4704,5
4714,2
4715,1
4813,1
4844,5
4888,7
4901,9
4909,8
4914,2
4916,9
4924,1
4939,4
4949,9
4954,4
4966,3
4975,9
4999,2
5006,1
5028,5
5042,8
5044,9
5049,7
5095,2
5125,9
5139,3
5157,5
5188,5
5250,2
5255,5
5271,1
5293,4
5304,1
5316,9
5339,9
5347,7
5353,0
5397,2
5403,5
5409,8
5423,5
5444,4
5468,0
5491,3
5514,0
5527,1
5528,2
5529,2
5536,8
5546,7
5551,5
5583,0
5595,9
5637,3
5672,9
5677,2
5683,3
5687,3
5752,5
5763,8
5767,0
5768,7
5794,9
5800,8
5815,2
5830,0
5847,5
5864,1
5904,5
5915,1
5942,3
5966,1
5974,3
5981,0
6042,9
6075,1
6084,9
6088,7
6118,3
6121,9
6127,4
6133,0
6146,0
6156,9
6165,1
6173,7
6189,4
6196,8
6207,0
6241,7
6252,2
6290,5
6346,5
6363,5
6369,8
6383,9
6386,2
6408,1
6424,4
6429,4
6502,0
6529,5
6545,3
6549,2
6575,1
6589,9
6594,3
6616,7
6637,2
6640,1
6671,5
6681,0
6683,1
6698,1
6741,9
6750,3
6753,4
6769,9
6770,7
6829,5
6849,5
6891,8
6902,7
6908,7
6944,2
6999,9
7023,9
7077,4
7154,5
7177,2
7181,0
7182,8
7190,8
7199,8
7230,6
7232,5
7238,5
7302,5
7316,8
7347,2
7410,1
7433,3
7453,8
7518,9
7538,9
7596,4
7602,9
7628,2
7643,7
7645,8
7651,1
7675,3
7685,0
7689,1
7732,2
7763,8
7764,1
7786,0
7789,1
7793,8
7806,1
7811,9
7812,9
7885,5
7886,9
7920,2
7923,8
7931,7
7945,7
7952,9
7959,7
7985,0
7987,3
7988,5
8002,2
8016,0
8096,0
8148,8
8159,0
8160,1
8170,7
8181,8
8220,9
8264,3
8295,3
8339,5
8369,0
8375,7
8393,9
8420,6
8423,1
8441,8
8446,2
8501,8
8509,0
8547,9
8553,4
8556,7
8620,9
8632,2
8655,7
8661,8
8707,2
8710,3
8735,7
8736,9
8771,3
8779,5
8793,2
8810,2
8833,2
8888,3
8917,0
8967,3
9035,0
9054,2
9065,3
9084,5
9085,1
9111,5
9163,5
9186,2
9208,8
9339,5
9352,5
9368,5
9376,5
9399,1
9460,6
9488,2
9512,6
9516,3
9519,7
9538,7
9544,0
9546,2
9598,7
9610,3
9626,4
9628,1
9633,9
9753,0
9776,2
9779,3
9790,0
9803,1
9819,2
9849,5
9870,9
9882,7
9887,4
9898,5
9932,3
9937,8
9939,2
9941,9
9952,8
9977,3
9979,2
10000,3
10002,7
10010,0
10048,1
10111,5
10117,2
10136,1
10201,8
10215,7
10301,1
10382,9
10388,7
10393,3
10407,0
10456,0
10483,3
10497,2
10570,2
10617,6
10667,1
10721,9
10728,3
10733,8
10742,5
10747,0
10749,5
10762,3
10772,9
10818,8
10848,9
10877,5
10992,0
11009,4
11032,2
11035,8
11106,2
11115,5
11131,4
11142,8
11143,1
11159,7
11206,9
11211,8
11215,9
11225,9
11243,2
11301,3
11314,4
11330,0
11338,5
11340,0
11343,4
11364,2
11380,2
11402,5
11417,5
11430,7
11450,8
11484,5
11498,7
11572,5
11600,2
11602,8
11609,5
11628,9
11663,1
11674,5
11701,0
11706,5
11716,7
11722,8
11732,9
11771,7
11776,5
11810,7
11811,2
11817,5
11822,7
11838,7
11865,2
11885,8
11901,1
11903,9
11925,9
11938,9
11963,5
11986,4
12050,9
12059,9
12099,8
12121,4
12135,2
12181,5
12189,3
12194,4
12196,2
12203,9
12204,2
12211,3
12222,3
12250,8
12265,3
12294,9
12311,2
12344,3
12366,2
12380,9
12386,5
12394,1
12404,2
12426,2
12441,1
12453,7
12475,9
12527,3
12550,0
12551,2
12578,1
12611,5
12644,4
12647,1
12653,0
12668,7
12669,9
12676,7
12704,1
12717,7
12740,2
12750,3
12780,3
12825,9
12873,4
12884,9
12935,4
12962,5
12996,5
13029,0
13046,6
13072,9
13082,2
13113,1
13146,3
13157,1
13162,7
13179,2
13208,3
13228,3
13251,4
13270,9
13283,1
13358,9
13374,2
13382,7
13397,0
13404,5
13433,1
13479,7
13483,0
13521,0
13525,2
13526,9
13527,2
13551,5
13562,8
13563,9
13566,7
13607,3
13629,3
13681,5
13689,1
13704,3
13799,0
13811,5
13820,2
13843,5
13867,7
13883,7
13890,7
13897,9
13949,9
13961,1
13971,9
13984,2
14000,1
14015,9
14029,5
14043,2
14075,8
14087,3
14117,9
14118,2
14131,0
14179,0
14184,3
14234,1
14294,9
14321,1
14332,9
14360,7
14381,2
14382,8
14387,7
14401,3
14443,9
14446,2
14447,3
14456,3
14502,9
14517,2
14521,1
14541,1
14584,1
14649,0
14659,5
14684,7
14697,8
14727,7
14729,0
14739,4
14760,2
14776,2
14785,4
14795,7
14814,7
14841,7
14860,1
14907,5
14913,8
14944,0
14963,6
15007,3
15012,5
15019,7
15049,9
15055,2
15058,4
15064,0
15072,9
15098,7
15100,4
15116,5
15197,5
15217,2
15253,9
15278,2
15284,5
15332,3
15339,3
15383,0
15409,3
15435,1
15443,3
15464,5
15502,8
15537,2
15571,5
15608,1
15614,2
15622,4
15649,1
15654,9
15656,3
15683,4
15694,0
15698,5
15723,8
15762,3
15782,8
15790,1
15829,2
15834,5
15855,5
15864,0
15889,3
15899,9
15913,9
15939,7
15948,2
15971,0
15972,9
16034,9
16045,0
16058,2
16067,9
16083,0
16140,2
16170,9
16201,9
16203,1
16204,1
16256,9
16260,3
16276,5
16280,9
16287,1
16316,7
16319,7
16327,2
16357,5
16373,8
16388,9
16395,7
16396,0
16402,0
16592,5
16597,8
16632,6
16633,5
16636,1
16664,2
16681,9
16682,5
16704,9
16705,0
16713,1
16753,9
16816,9
16860,8
16873,3
16877,9
16893,8
16908,5
16915,7
16934,9
16954,3
16959,5
16980,5
17000,3
17012,1
17013,8
17028,1
17052,2
17087,2
17109,7
17131,3
17159,5
17172,5
17219,5
17250,4
17264,5
17267,7
17270,8
17274,3
17281,4
17298,5
17315,2
17316,7
17331,1
17351,1
17412,4
17416,6
17424,7
17440,7
17447,9
17491,3
17502,5
17538,1
17539,0
17585,0
17622,9
17626,6
17650,1
17656,9
17666,9
17683,7
17690,4
17692,9
17694,4
17718,7
17784,8
17797,0
17803,8
17804,8
17816,7
17819,5
17858,9
17877,0
17960,1
17968,0
17976,4
18010,2
18021,9
18030,3
18100,7
18110,2
18133,4
18136,4
18165,1
18227,3
18284,0
18319,0
18375,3
18387,9
18401,9
18408,7
18409,1
18410,7
18429,7
18460,2
18487,4
18504,4
18507,0
18550,5
18554,9
18609,7
18610,9
18628,9
18638,4
18722,9
18733,9
18734,7
18739,3
18746,9
18751,4
18760,1
18806,1
18811,8
18826,3
18862,3
18863,1
18888,4
18890,8
18897,5
18927,2
18935,9
18971,6
18975,3
18983,1
19043,8
19044,4
19065,8
19085,9
19090,1
19101,3
19105,6
19116,3
19131,8
19174,5
19220,9
19221,7
19259,7
19267,8
19279,5
19288,5
19372,7
19380,4
19394,1
19414,4
19420,1
19428,9
19461,1
19487,5
19493,7
19506,5
19509,7
19561,4
19576,9
19593,8
19624,6
19664,0
19683,7
19706,5
19714,0
19749,1
19775,5
19862,5
19874,5
19892,5
19909,5
19920,5
19932,8
19943,4
19953,9
19975,4
19988,8
19990,0
19997,1
19999,2
20029,2
20041,1
20047,1
20048,7
20066,1
20080,3
20089,8
20101,5
20111,9
20120,5
20151,5
20171,5
20193,9
20195,1
20203,3
20223,7
20272,6
20294,4
20303,4
20306,5
20316,9
20325,5
20342,5
20361,1
20363,8
20374,5
20376,9
20408,8
20434,9
20445,9
20462,9
20464,4
20498,7
20517,2
20526,2
20531,0
20578,8
20579,7
20586,5
20612,2
20616,3
20617,4
20642,0
20652,4
20672,1
20729,7
20734,9
20746,1
20763,9
20772,1
20823,8
20830,9
20853,5
20862,2
20918,9
20967,2
20989,3
20992,2
20997,9
20999,4
21012,2
21032,9
21043,7
21051,1
21053,2
21064,0
21069,0
21121,2
21131,4
21149,3
21170,3
21193,9
21218,9
21227,5
21229,2
21236,7
21244,5
21284,3
21288,1
21330,2
21380,0
21399,8
21414,2
21436,2
21440,5
21442,4
21461,4
21466,3
21467,8
21471,9
21483,7
21527,2
21528,2
21556,8
21570,3
21597,2
21601,1
21604,5
21620,0
21636,2
21650,8
21662,7
21666,7
21731,4
21742,2
21746,4
21750,2
21796,2
21805,8
21807,9
21837,4
21850,5
21870,9
21872,9
21963,5
21982,2
21992,4
22015,5
22026,2
22065,1
22085,4
22113,3
22157,6
22167,7
22169,2
22170,1
22185,3
22230,9
22241,8
22246,9
22290,8
22296,9
22304,3
22305,9
22323,6
22327,4
22332,9
22362,0
22366,3
22400,4
22495,4
22503,9
22521,9
22539,7
22563,4
22622,5
22624,2
22636,0
22665,6
22700,1
22748,1
22762,9
22780,9
22795,9
22811,2
22832,0
22841,9
22845,5
22854,9
22871,7
22921,7
22972,1
22992,4
22999,3
23069,2
23088,0
23115,1
23123,5
23128,9
23189,5
23194,2
23224,9
23227,3
23229,2
23253,8
23272,4
23278,9
23303,1
23319,2
23325,2
23332,5
23367,0
23385,5
23403,2
23431,9
23435,4
23438,5
23440,8
23443,7
23456,8
23462,1
23469,7
23540,7
23571,7
23574,9
23610,2
23655,5
23744,9
23753,0
23754,0
23768,8
23780,6
23834,4
23845,0
23861,5
23879,3
23895,2
23929,3
23971,0
23984,1
23994,2
23999,4
24073,8
24088,7
24118,2
24129,2
24174,4
24199,9
24221,7
24230,9
24239,7
24293,1
24300,9
24305,9
24363,6
24376,1
24378,4
24388,0
24401,9
24408,5
24409,7
24426,5
24439,5
24445,0
24460,8
24470,1
24471,4
24472,4
24508,9
24555,1
24568,7
24588,9
24595,5
24613,9
24630,5
24633,2
24642,4
24676,0
24682,7
24686,8
24708,5
24718,5
24721,1
24753,6
24775,9
24801,7
24807,0
24835,3
24846,0
24857,8
24870,3
24897,2
24943,3
24944,6
24964,7
24971,2
25005,0
25008,8
25028,3
25029,2
25041,2
25089,2
25119,9
25147,2
25160,7
25167,0
25212,9
25229,7
25243,0
25258,9
25259,5
25277,9
25280,9
25323,9
25339,7
25351,6
25375,9
25390,0
25468,5
25470,4
25503,4
25513,1
25568,8
25571,2
25592,8
25605,4
25617,2
25618,2
25623,5
25645,3
25658,2
25675,5
25679,5
25685,3
25698,9
25709,8
25710,8
25719,1
25728,3
25754,0
25787,2
25788,7
25793,5
25800,1
25818,0
25837,9
25841,7
25899,1
25969,9
26025,9
26028,8
26037,5
26056,7
26078,8
26088,7
26116,9
26167,1
26176,0
26177,9
26215,9
26224,2
26243,1
26254,9
26282,9
26348,2
26386,6
26397,8
26405,9
26407,5
26432,5
26448,3
26460,5
26477,2
26489,7
26503,3
26513,9
26515,8
26518,9
26559,1
26569,8
26571,9
26585,2
26586,9
26594,9
26627,4
26632,2
26637,5
26638,2
26646,2
26682,9
26686,0
26693,4
26701,8
26703,9
26731,0
26734,7
26800,2
26801,7
26808,4
26832,0
26847,4
26862,5
26875,2
26886,7
26917,7
26941,2
26944,1
26961,1
26967,7
26976,5
26980,0
26985,4
26994,2
26995,5
26998,3
27016,9
27020,1
27024,8
27028,1
27037,9
27060,3
27074,9
27110,9
27113,2
27136,1
27200,0
27211,3
27241,8
27317,5
27335,4
27347,2
27358,8
27361,9
27373,7
27374,2
27466,0
27471,5
27484,0
27485,7
27525,2
27598,2
27620,0
27623,7
27625,3
27719,2
27725,9
27732,9
27740,8
27742,5
27745,5
27758,7
27764,5
27767,5
27786,3
27797,2
27830,7
27835,3
27838,3
27846,9
27863,9
27869,2
27876,9
27904,9
27928,2
27931,0
27939,4
28000,1
28030,0
28060,5
28073,7
28077,2
28110,1
28200,2
28207,7
28218,2
28229,7
28231,5
28260,9
28262,9
28321,7
28340,5
28357,0
28395,5
28407,2
28455,5
28498,8
28500,4
28531,1
28541,7
28566,2
28601,9
28618,9
28630,2
28640,2
28664,8
28671,0
28722,9
28786,2
28880,7
28895,0
28919,4
28932,2
28936,3
28939,5
28968,0
28969,1
28970,1
28971,0
28972,7
29004,2
29008,5
29050,2
29059,2
29065,5
29083,1
29103,7
29134,9
29141,4
29166,4
29167,2
29188,2
29236,9
29238,7
29246,3
29265,1
29284,1
29296,7
29297,7
29320,1
29344,5
29348,5
29364,0
29384,5
29396,1
29412,7
29421,0
29445,9
29449,2
29506,3
29512,7
29525,5
29534,5
29535,8
29539,5
29582,7
29611,2
29632,7
29633,7
29640,2
29649,5
29657,2
29660,9
29670,3
29741,2
29749,5
29770,2
29782,8
29811,1
29822,9
29828,1
29853,2
29965,8
29993,9
30003,9
30104,1
30170,0
30175,3
30202,7
30208,9
30222,0
30233,5
30251,3
30319,9
30329,2
30348,7
30371,5
30378,9
30390,5
30404,1
30431,3
30446,9
30520,9
30592,1
30596,2
30623,9
30627,9
30647,5
30693,9
30721,1
30732,8
30738,8
30741,6
30743,8
30753,9
30758,9
30777,8
30800,0
30811,2
30840,2
30866,1
30872,2
30896,5
30899,9
30906,1
30922,9
30926,0
30946,7
30947,9
30972,2
30984,3
30990,7
31001,1
31015,0
31018,9
31064,7
31071,6
31072,9
31097,9
31132,9
31164,4
31181,1
31207,7
31258,2
31281,2
31310,0
31314,0
31320,9
31328,5
31347,3
31348,1
31364,9
31391,7
31394,9
31401,2
31417,9
31424,5
31467,2
31482,3
31504,3
31510,7
31553,7
31555,2
31560,7
31592,1
31610,3
31649,5
31651,5
31667,3
31696,2
31713,7
31729,1
31734,5
31737,9
31740,2
31780,1
31802,2
31829,1
31830,0
31836,0
31844,7
31845,8
31850,7
31864,1
31869,1
31875,5
31900,5
31901,1
31922,9
31966,1
31976,5
32011,8
32023,5
32034,1
32112,4
32123,9
32124,4
32153,1
32157,3
32190,7
32197,7
32233,5
32238,4
32271,9
32283,5
32288,2
32297,2
32300,8
32315,1
32335,1
32342,9
32369,4
32413,1
32451,9
32455,6
32456,8
32477,6
32506,5
32519,5
32537,5
32565,4
32618,9
32621,0
32656,3
32665,3
32674,5
32695,2
32711,5
32713,9
32714,9
32715,9
32779,2
32870,5
32871,1
32884,8
32905,0
32906,7
32943,5
32948,8
32950,0
32952,0
32955,7
32976,4
32980,7
32988,7
33026,8
33033,5
33042,0
33068,2
33090,2
33093,7
33103,7
33113,1
33120,2
33134,7
33211,9
33238,0
33257,0
33268,1
33281,2
33300,9
33364,2
33376,5
33392,0
33420,5
33490,8
33506,4
33538,0
33562,5
33571,7
33573,5
33605,5
33622,5
33639,7
33652,1
33674,5
33678,8
33701,9
33716,2
33723,0
33740,4
33773,5
33776,0
33795,3
33798,7
33804,2
33870,7
33883,8
33897,2
33903,5
33918,1
33922,4
33967,2
33994,4
34002,5
34017,1
34033,1
34047,7
34082,5
34084,0
34131,2
34154,8
34158,1
34172,0
34176,9
34185,4
34201,2
34264,1
34267,7
34298,7
34329,1
34335,9
34377,9
34383,1
34403,1
34405,2
34416,0
34437,8
34453,5
34463,5
34474,5
34480,0
34491,9
34500,8
34526,3
34586,0
34602,5
34639,0
34672,3
34704,7
34730,0
34743,9
34746,2
34753,9
34833,2
34847,0
34858,5
34877,5
34909,7
34961,2
34971,4
35003,4
35005,8
35014,2
35015,3
35068,9
35070,9
35085,9
35093,3
35097,5
35140,6
35145,8
35179,4
35191,9
35197,1
35274,5
35282,0
35288,2
35290,2
35340,2
35345,1
35358,9
35370,1
35389,1
35409,0
35447,3
35455,9
35463,0
35466,5
35512,7
35515,5
35521,8
35528,3
35565,1
35591,8
35613,3
35627,6
35660,0
35670,2
35693,9
35704,8
35707,5
35708,0
35715,9
35758,2
35760,9
35777,1
35778,0
35788,8
35804,9
35835,2
35839,7
35864,5
35877,9
35878,9
35941,9
35948,6
35965,7
35992,2
35993,6
35996,9
36006,2
36026,5
36028,5
36056,2
36126,5
36158,7
36172,9
36215,1
36253,5
36290,0
36292,2
36329,3
36367,8
36382,1
36419,4
36444,6
36482,5
36487,5
36488,3
36489,8
36536,1
36546,7
36560,0
36573,2
36576,8
36579,5
36597,4
36612,7
36619,4
36625,1
36637,6
36748,7
36758,7
36793,9
36807,9
36819,5
36863,9
36891,8
36901,2
36906,9
36924,1
36935,9
36944,8
36961,2
36962,4
37005,8
37007,2
37010,4
37020,2
37031,5
37043,0
37053,2
37088,9
37096,8
37104,4
37110,1
37123,9
37146,7
37160,5
37187,2
37229,3
37249,5
37251,4
37280,3
37323,0
37395,4
37407,5
37409,5
37484,2
37493,8
37573,7
37630,2
37632,2
37641,9
37643,3
37661,1
37693,7
37766,2
37838,2
37896,3
37902,0
37915,1
37925,2
37935,9
37939,1
38006,9
38011,4
38034,7
38092,8
38109,3
38113,5
38146,8
38159,1
38166,3
38202,5
38211,0
38220,7
38223,3
38236,4
38250,5
38360,5
38397,8
38436,1
38445,3
38464,1
38466,1
38490,1
38509,2
38527,2
38533,5
38537,7
38547,2
38552,9
38563,2
38568,4
38577,5
38595,1
38603,4
38610,5
38617,2
38667,2
38680,9
38713,1
38727,9
38762,5
38802,0
38887,9
38892,3
38907,5
38914,0
38979,8
38981,1
38984,4
39019,6
39027,5
39065,5
39080,4
39085,5
39090,2
39092,8
39131,8
39182,4
39185,1
39192,9
39195,9
39198,2
39240,3
39249,2
39270,1
39282,2
39315,8
39326,0
39359,3
39397,3
39399,7
39412,3
39413,4
39420,2
39439,7
39502,5
39517,7
39533,1
39540,7
39568,1
39587,2
39592,2
39595,3
39598,9
39621,9
39623,0
39669,2
39719,2
39735,0
39745,5
39762,9
39773,5
39781,9
39804,3
39849,1
39860,2
39869,9
39876,8
39895,9
39916,4
39939,2
39940,5
39964,5
39973,9
40021,5
40044,2
40045,1
40065,9
40068,3
40097,1
40125,5
40194,5
40214,7
40253,5
40261,8
40262,0
40283,9
40317,9
40333,2
40335,0
40341,9
40353,5
40354,4
40406,7
40432,5
40465,7
40473,5
40483,3
40527,6
40528,9
40566,2
40623,5
40630,0
40645,8
40651,1
40656,9
40691,3
40718,2
40723,4
40753,9
40832,2
40847,2
40858,3
40868,5
40875,8
40896,1
41013,8
41021,9
41032,5
41056,0
41080,2
41121,2
41132,8
41174,7
41206,4
41276,2
41302,9
41309,7
41330,2
41347,8
41392,1
41417,2
41429,2
41489,2
41502,9
41527,7
41540,2
41548,5
41567,1
41571,7
41581,2
41596,1
41605,9
41623,1
41644,9
41651,2
41669,1
41687,2
41732,1
41733,1
41772,5
41794,2
41803,5
41857,0
41868,5
41916,2
41928,7
41936,2
41937,2
41948,9
41962,9
41984,2
42010,0
42049,5
42064,7
42129,9
42140,3
42206,2
42211,7
42219,2
42231,9
42282,7
42322,5
42357,4
42378,7
42389,0
42418,7
42428,5
42439,2
42461,7
42484,4
42536,4
42538,2
42540,8
42610,0
42620,4
42621,7
42638,4
42641,5
42673,1
42705,5
42708,2
42721,9
42727,9
42738,9
42739,7
42757,9
42764,0
42766,4
42780,7
42782,7
42789,2
42839,2
42845,9
42862,0
42900,8
42914,3
42921,6
43011,0
43021,5
43032,2
43034,9
43093,9
43117,2
43132,3
43148,5
43189,5
43210,9
43213,7
43333,8
43338,2
43358,9
43371,2
43377,5
43409,5
43424,6
43449,2
43458,1
43467,4
43481,4
43493,7
43517,3
43526,9
43553,1
43561,0
43567,1
43575,2
43629,8
43632,2
43644,3
43658,3
43673,6
43674,2
43704,1
43708,1
43710,7
43745,8
43823,8
43831,2
43851,2
43859,7
43870,9
43894,8
43897,1
43927,1
43940,6
43944,8
43972,1
43999,9
44011,6
44021,2
44028,9
44043,9
44095,2
44096,0
44140,2
44153,4
44166,2
44171,8
44178,7
44185,7
44228,9
44249,3
44269,1
44278,0
44289,8
44305,3
44321,8
44345,4
44348,9
44388,3
44407,9
44465,7
44529,1
44530,4
44535,4
44540,3
44542,1
44611,2
44616,8
44623,7
44650,1
44663,7
44686,8
44687,9
44690,6
44699,8
44701,9
44719,8
44724,1
44733,5
44745,1
44766,0
44770,1
44794,2
44825,9
44826,0
44827,3
44830,5
44839,8
44847,2
44852,5
44869,5
44875,8
44882,9
44913,8
44921,4
44928,5
44934,2
44978,2
44985,9
44995,9
45015,3
45060,7
45073,2
45121,4
45132,5
45150,3
45165,0
45169,2
45186,1
45187,7
45221,1
45230,0
45240,1
45267,6
45277,1
45290,1
45304,9
45343,9
45347,2
45384,0
45406,2
45414,2
45420,2
45474,3
45488,2
45494,0
45502,1
45503,0
45567,5
45611,4
45621,9
45628,3
45689,9
45700,9
45707,3
45717,8
45762,9
45770,5
45774,3
45813,8
45818,2
45828,9
45838,2
45857,0
45906,2
45926,1
45933,5
45937,7
45962,1
45969,9
45994,1
45997,0
46029,1
46065,9
46069,0
46082,2
46090,0
46148,9
46149,5
46155,7
46245,4
46261,9
46271,9
46280,3
46281,4
46285,8
46295,3
46313,8
46347,1
46359,6
46371,0
46377,2
46444,9
46447,2
46463,2
46465,3
46484,0
46510,2
46512,1
46514,7
46604,0
46660,9
46693,5
46701,9
46705,1
46724,7
46729,3
46742,9
46756,8
46757,4
46760,2
46778,9
46784,9
46806,4
46830,2
46910,2
46914,5
46949,1
46956,2
46970,9
47003,7
47007,3
47030,8
47056,9
47141,1
47171,2
47244,9
47267,0
47276,4
47287,3
47296,5
47308,4
47433,5
47485,7
47541,4
47544,7
47545,1
47546,8
47559,7
47578,2
47586,5
47590,2
47600,7
47610,2
47612,2
47629,5
47644,1
47646,5
47653,3
47700,7
47762,9
47773,1
47776,1
47793,7
47833,9
47861,8
47870,9
47883,2
47897,9
47949,5
47973,2
47984,2
48008,2
48033,6
48043,2
48072,9
48106,8
48170,7
48221,7
48248,2
48250,7
48307,5
48311,3
48351,8
48358,5
48364,0
48415,3
48424,5
48428,8
48441,1
48499,3
48513,1
48529,0
48546,4
48573,1
48575,7
48580,9
48621,2
48634,9
48671,5
48680,5
48682,3
48686,2
48694,7
48769,5
48798,3
48854,4
48865,5
48882,9
48894,9
48900,1
48950,5
48976,7
48980,9
48993,1
48997,8
49008,1
49014,0
49018,3
49038,5
49046,8
49067,2
49072,4
49084,6
49096,9
49101,2
49130,9
49132,5
49160,2
49184,7
49208,0
49219,9
49261,9
49265,1
49267,2
49290,8
49295,8
49311,0
49320,7
49333,9
49343,5
49373,4
49408,2
49420,1
49454,2
49460,5
49492,9
49526,6
49537,2
49584,7
49697,1
49717,1
49739,0
49759,5
49768,1
49789,3
49808,8
49822,8
49825,5
49835,0
49864,3
49925,9
49961,1
50005,4
50050,4
50139,1
50155,5
50170,8
50192,0
50234,7
50283,8
50311,0
50325,7
50342,8
50356,1
50368,2
50426,7
50435,0
50441,2
50445,9
50467,9
50487,2
50489,1
50539,0
50546,2
50581,2
50583,4
50624,5
50649,5
50661,1
50664,7
50669,2
50758,9
50773,2
50876,0
50899,2
50907,1
50919,5
50924,0
50927,9
50929,0
50933,2
50947,9
51001,2
51004,7
51013,8
51074,7
51107,5
51140,9
51145,9
51166,7
51216,2
51242,8
51256,2
51267,9
51273,2
51298,5
51379,2
51458,2
51461,5
51472,9
51482,4
51495,5
51511,5
51524,5
51527,9
51529,1
51542,2
51544,1
51597,9
51609,9
51626,5
51668,8
51674,5
51675,3
51697,6
51716,9
51730,9
51745,6
51798,3
51820,4
51832,7
51856,7
51866,0
51867,1
51885,7
51888,1
51906,8
51911,7
51915,3
51930,9
51952,1
51969,8
51979,4
51991,3
52002,1
52008,7
52040,5
52078,1
52092,7
52121,5
52143,1
52199,7
52223,1
52224,2
52260,4
52266,5
52311,9
52318,0
52322,7
52327,3
52333,9
52335,2
52351,6
52355,9
52371,3
52403,2
52433,2
52434,6
52475,7
52495,2
52504,6
52576,9
52593,0
52610,5
52625,0
52632,8
52639,0
52652,4
52694,2
52701,7
52710,1
52717,5
52732,7
52743,9
52761,9
52762,2
52784,2
52785,3
52833,6
52848,8
52866,7
52870,5
52883,9
52894,2
52906,1
52925,7
52954,8
52962,5
52965,1
52966,3
52981,5
53008,2
53011,8
53020,9
53027,0
53041,1
53044,9
53045,9
53060,7
53064,8
53084,3
53121,2
53142,9
53145,4
53240,8
53246,3
53331,6
53379,9
53385,3
53397,9
53401,0
53416,6
53420,8
53421,4
53439,4
53456,9
53467,1
53505,9
53521,1
53565,9
53575,0
53592,9
53603,6
53647,5
53670,0
53695,5
53720,2
53728,8
53743,8
53750,1
53798,6
53835,2
53837,2
53859,5
53862,2
53878,2
53896,1
53901,2
53912,4
53976,9
53980,1
54008,3
54031,9
54044,5
54048,9
54062,3
54090,2
54120,8
54159,5
54194,7
54305,2
54307,9
54338,2
54341,8
54372,7
54377,3
54393,1
54414,0
54415,4
54427,4
54431,4
54454,2
54465,5
54467,9
54478,7
54481,3
54483,5
54491,5
54507,5
54544,1
54556,2
54574,2
54581,5
54584,9
54594,8
54620,0
54657,4
54690,0
54704,3
54730,3
54751,7
54752,1
54789,7
54809,1
54883,5
54909,8
54934,5
54941,0
54956,2
54968,1
54983,3
54984,9
55023,0
55032,2
55126,9
55164,5
55201,9
55207,9
55224,9
55225,5
55278,0
55279,1
55284,8
55288,0
55294,4
55295,9
55299,1
55306,1
55343,3
55361,0
55364,9
55365,7
55393,3
55420,6
55429,2
55434,5
55459,5
55479,0
55504,2
55505,1
55507,2
55519,8
55521,0
55530,8
55531,5
55599,9
55622,0
55623,8
55629,2
55648,9
55659,7
55662,2
55679,0
55686,1
55704,2
55717,3
55723,2
55732,3
55767,1
55770,6
55834,9
55850,9
55855,1
55892,0
55912,2
55918,7
55920,1
55959,8
55997,2
56019,8
56023,0
56028,7
56079,2
56101,0
56120,2
56129,0
56135,9
56142,4
56206,5
56233,7
56241,1
56260,3
56290,8
56303,9
56312,2
56323,9
56347,0
56355,2
56410,7
56444,0
56498,2
56502,8
56581,3
56612,2
56626,0
56630,5
56647,8
56650,7
56654,3
56757,1
56759,2
56768,1
56789,5
56883,9
56903,1
56935,5
56939,5
56971,1
56974,3
56989,0
57001,8
57045,8
57047,9
57050,9
57051,4
57123,4
57132,5
57156,5
57242,5
57246,9
57291,3
57356,0
57369,5
57376,7
57391,3
57404,8
57408,0
57433,1
57446,2
57457,3
57460,1
57483,9
57485,7
57493,8
57500,2
57507,0
57517,1
57606,2
57627,9
57646,7
57654,2
57664,8
57671,5
57681,9
57697,8
57752,2
57787,5
57809,7
57814,5
57818,5
57837,5
57849,1
57852,5
57859,2
57878,2
57884,7
57922,8
57924,0
57946,4
57956,2
57975,9
58004,9
58005,5
58006,9
58008,1
58033,1
58034,9
58045,3
58062,0
58089,3
58104,2
58108,0
58127,9
58217,5
58257,3
58266,1
58267,2
58270,5
58284,9
58285,0
58312,5
58313,0
58325,4
58338,9
58349,7
58361,1
58365,5
58372,9
58391,5
58412,3
58414,5
58422,9
58451,1
58467,8
58487,2
58489,0
58496,4
58505,5
58508,8
58509,9
58538,2
58539,9
58544,3
58563,2
58588,1
58632,5
58633,5
58690,7
58703,9
58705,2
58716,8
58722,4
58725,7
58727,1
58728,2
58799,5
58837,8
58849,8
58850,9
58854,9
58872,5
58887,1
58893,8
58908,5
58941,7
58950,7
58970,5
59048,7
59075,9
59081,3
59085,1
59107,7
59122,2
59147,9
59190,5
59222,2
59247,1
59252,2
59260,8
59267,0
59269,5
59291,5
59294,8
59326,2
59371,9
59400,5
59420,0
59451,4
59479,2
59482,5
59494,7
59508,6
59541,0
59573,9
59592,7
59635,5
59641,2
59649,8
59669,5
59670,5
59684,2
59685,8
59693,6
59704,0
59717,7
59723,0
59738,1
59768,1
59819,2
59823,5
59904,3
59947,5
59965,1
59976,6
59977,7
59990,9
