12,3
13,6
76,2
80,9
81,0
86,3
107,3
149,3
179,3
182,5
193,7
232,0
236,5
251,1
255,3
262,2
268,2
308,2
328,5
341,3
385,2
413,4
414,4
492,1
497,7
574,3
609,1
639,0
651,7
653,5
658,6
680,4
701,6
719,5
721,6
727,9
762,6
789,3
804,4
815,5
905,1
928,7
968,7
975,3
987,4
999,6
1004,4
1041,6
1107,0
1126,7
1145,3
1215,4
1234,3
1263,5
1309,6
1332,7
1409,3
1445,1
1474,3
1485,5
1499,7
1522,9
1539,2
1556,5
1562,6
1603,3
1649,2
1655,7
1698,3
1714,2
1720,9
1724,2
1729,0
1771,0
1830,6
1854,4
1857,0
1899,7
1911,4
1925,9
1931,6
1934,4
1960,9
1961,5
1970,5
1972,2
1985,6
1986,6
2013,8
2028,5
2036,4
2045,1
2081,0
2097,8
2114,3
2120,5
2164,4
2165,5
2184,2
2194,8
2201,2
2203,3
2213,7
2225,1
2255,1
2257,0
2259,6
2273,2
2275,3
2299,9
2355,1
2443,4
2483,0
2497,1
2503,3
2534,2
2540,7
2573,6
2584,0
2587,3
2590,6
2605,5
2609,7
2628,8
2644,6
2651,5
2675,3
2683,8
2690,5
2735,3
2739,5
2748,2
2787,9
2800,4
2805,8
2812,2
2856,4
2869,5
2883,3
2889,1
2923,6
2934,9
2973,9
2989,9
3001,0
3016,0
3027,8
3034,3
3049,0
3116,7
3137,5
3157,4
3166,2
3231,0
3241,0
3249,7
3253,7
3259,0
3260,4
3269,0
3282,7
3294,6
3331,1
3351,4
3381,2
3401,5
3411,1
3422,3
3434,0
3447,9
3486,2
3508,9
3516,0
3535,5
3539,5
3547,4
3553,2
3558,5
3613,5
3623,6
3686,4
3701,4
3732,4
3762,8
3783,4
3812,3
3815,3
3824,3
3895,7
3919,6
3923,3
3964,0
3984,4
4005,2
4022,3
4062,5
4092,9
4169,4
4264,4
4272,8
4296,7
4299,5
4312,5
4315,9
4339,3
4353,7
4372,7
4403,3
4444,0
4456,9
4471,3
4477,6
4481,8
4514,2
4528,7
4538,4
4560,6
4594,9
4616,4
4622,5
4625,5
4646,2
4648,2
4651,2
4706,2
4711,5
4713,0
4719,3
4739,5
4757,4
4760,5
4785,7
4795,3
4835,2
4840,7
4850,3
4886,6
4896,4
4905,6
4911,0
4920,1
4926,0
4929,9
4939,4
4951,0
4976,1
5023,1
5024,9
5036,3
5037,6
5051,1
5071,6
5099,6
5104,2
5107,1
5157,5
5160,3
5163,8
5207,3
5217,4
5222,6
5231,6
5255,5
5283,7
5300,7
5319,0
5354,3
5359,3
5366,4
5394,8
5419,6
5440,5
5444,4
5465,7
5467,3
5488,0
5489,5
5501,9
5546,7
5549,4
5563,0
5567,3
5586,6
5590,4
5600,6
5614,9
5622,0
5637,3
5675,1
5692,0
5702,3
5714,1
5716,7
5737,5
5787,3
5790,2
5799,3
5918,9
5925,5
5939,5
5943,9
5950,1
5993,6
6025,4
6033,3
6064,7
6069,3
6120,4
6123,3
6124,2
6157,6
6185,3
6203,8
6215,4
6274,5
6303,1
6305,5
6316,0
6374,5
6401,5
6402,6
6431,5
6433,6
6448,4
6489,3
6532,4
6536,4
6562,6
6660,5
6705,6
6732,6
6739,3
6745,1
6747,1
6763,0
6767,6
6865,4
6889,7
6906,3
6977,1
6997,5
7058,3
7075,1
7127,0
7129,0
7166,4
7183,0
7186,4
7188,1
7194,9
7235,5
7246,5
7251,9
7288,3
7317,1
7342,6
7352,7
7376,8
7377,5
7383,3
7390,5
7415,3
7429,1
7467,2
7482,5
7496,1
7521,3
7551,4
7613,3
7625,3
7635,3
7639,5
7685,0
7702,9
7712,8
7737,7
7763,8
7765,3
7781,7
7812,9
7826,4
7859,2
7869,7
7915,3
7945,7
7948,0
7963,5
7987,3
7997,6
8007,2
8011,4
8020,7
8026,4
8027,5
8030,9
8048,3
8050,0
8061,4
8077,3
8089,0
8117,4
8128,5
8157,0
8164,3
8200,3
8215,4
8271,9
8326,6
8331,1
8333,4
8339,5
8344,4
8347,6
8373,1
8384,6
8393,9
8492,9
8526,6
8560,4
8646,5
8654,9
8694,8
8715,6
8726,6
8733,6
8767,5
8786,3
8803,7
8816,3
8818,3
8830,3
8854,4
8881,6
8897,0
8908,6
8931,7
8960,2
8967,3
8995,4
9035,0
9047,0
9097,7
9149,4
9155,8
9169,2
9180,3
9222,0
9258,2
9303,3
9312,1
9348,4
9373,7
9398,2
9403,3
9431,4
9520,3
9529,3
9563,1
9588,7
9602,3
9619,6
9626,4
9628,1
9679,3
9681,7
9705,1
9715,2
9723,6
9770,5
9775,1
9813,6
9841,2
9867,4
9869,0
9874,0
9904,3
9908,7
9956,8
9978,0
9985,0
9987,1
10014,7
10035,5
10059,9
10080,0
10087,2
10096,7
10104,4
10174,6
10180,1
10192,5
10199,9
10246,6
10273,6
10275,6
10288,5
10293,1
10320,4
10365,1
10368,2
10369,3
10397,5
10454,3
10463,6
10500,1
10524,9
10538,5
10558,4
10640,7
10644,3
10650,6
10652,5
10660,9
10696,3
10703,5
10723,2
10767,6
10806,0
10824,2
10838,1
10910,6
10923,4
10981,8
10991,6
10997,4
11022,0
11025,5
11031,3
11054,7
11056,7
11071,0
11078,9
11102,9
11104,3
11153,4
11179,5
11189,6
11221,3
11242,2
11253,6
11264,4
11298,2
11300,9
11303,4
11321,3
11336,6
11341,3
11372,7
11373,9
11388,9
11393,5
11403,0
11408,4
11438,2
11448,6
11453,0
11497,6
11512,4
11621,2
11650,7
11653,4
11718,2
11745,9
11773,9
11794,0
11808,8
11870,6
11886,4
11924,9
11936,5
11938,9
11979,3
11981,4
11985,6
11986,4
11994,7
12017,3
12037,8
12130,8
12153,3
12154,1
12177,6
12214,3
12224,4
12283,6
12306,4
12354,6
12355,3
12552,6
12591,1
12608,2
12656,3
12672,2
12679,2
12724,7
12736,5
12797,2
12821,5
12839,0
12887,6
12946,9
12985,2
13006,1
13047,6
13087,6
13104,4
13106,1
13115,9
13120,5
13132,4
13163,4
13182,5
13223,4
13232,5
13261,6
13296,1
13321,5
13342,8
13351,6
13357,6
13377,0
13379,1
13409,9
13411,0
13421,7
13468,6
13484,2
13504,1
13526,9
13532,5
13538,5
13567,3
13602,5
13670,3
13673,3
13676,3
13683,4
13688,4
13758,6
13820,2
13824,3
13844,2
13858,6
13863,5
13864,4
13871,9
13900,7
13930,2
13931,3
13944,8
13955,0
13969,3
13983,3
13986,4
13997,9
14015,9
14068,8
14082,9
14083,6
14085,5
14099,3
14111,7
14113,2
14126,1
14132,2
14140,8
14146,9
14194,4
14228,1
14261,3
14285,4
14310,1
14317,9
14323,0
14341,9
14353,1
14354,1
14370,5
14377,6
14386,7
14399,6
14403,7
14458,2
14467,3
14476,3
14481,0
14534,5
14552,3
14580,9
14587,4
14588,3
14591,5
14612,1
14662,9
14677,6
14689,5
14695,4
14708,6
14729,0
14741,7
14746,0
14771,2
14809,2
14836,2
14871,7
14900,1
14901,2
14909,6
14912,6
14939,4
14948,1
14955,5
14960,6
15026,1
15045,3
15053,3
15061,6
15110,5
15126,5
15128,9
15139,3
15168,7
15197,5
15222,9
15244,9
15281,3
15283,4
15290,1
15292,3
15299,4
15305,7
15312,9
15315,5
15332,3
15395,9
15404,6
15415,5
15423,1
15434,2
15443,3
15485,7
15490,7
15519,3
15526,6
15553,9
15580,0
15606,3
15613,4
15631,5
15637,0
15657,9
15687,6
15698,5
15745,9
15746,9
15780,6
15809,1
15826,6
15829,2
15839,6
15943,4
15959,1
15966,2
15987,9
16060,2
16090,9
16140,2
16191,3
16229,3
16240,7
16285,0
16324,7
16327,2
16338,4
16339,8
16342,9
16376,1
16469,6
16504,3
16534,6
16544,2
16571,4
16579,8
16582,5
16583,6
16588,9
16620,3
16632,6
16635,9
16638,2
16663,3
16685,4
16687,7
16701,2
16724,8
16725,8
16786,6
16821,6
16860,8
16866,0
16868,0
16886,4
16889,6
16895,2
16898,6
16908,5
16936,6
16973,9
16989,2
17008,6
17016,5
17033,7
17050,0
17093,6
17102,4
17129,1
17158,4
17172,5
17175,3
17182,4
17185,7
17190,9
17210,0
17251,6
17254,1
17291,8
17300,4
17305,1
17310,9
17329,7
17371,3
17379,0
17419,7
17439,2
17458,0
17496,3
17517,9
17566,2
17673,3
17686,6
17697,2
17709,0
17720,9
17737,9
17746,4
17753,3
17773,6
17780,5
17792,9
17817,9
17867,6
17869,5
17918,7
17929,3
17976,4
18051,9
18113,0
18119,3
18144,6
18157,5
18159,0
18190,4
18200,4
18231,2
18244,3
18251,9
18252,3
18254,5
18268,3
18271,6
18277,9
18324,0
18332,4
18341,2
18354,6
18362,4
18364,5
18377,9
18381,6
18400,1
18410,7
18432,6
18460,2
18509,0
18553,5
18589,4
18597,7
18615,3
18654,4
18680,9
18692,1
18704,6
18735,3
18738,9
18741,1
18754,7
18763,2
18764,2
18783,2
18789,5
18829,5
18848,6
18877,4
18885,9
18886,1
18974,3
18986,3
18998,2
19014,3
19019,5
19042,9
19083,5
19084,2
19089,5
19097,2
19107,4
19113,9
19135,6
19138,4
19145,1
19150,1
19154,2
19192,4
19198,4
19219,5
19238,3
19240,0
19241,0
19257,7
19275,8
19300,9
19301,5
19307,3
19330,6
19334,7
19335,3
19344,7
19345,2
19375,4
19412,9
19421,1
19430,5
19432,2
19438,3
19515,9
19518,3
19541,8
19575,3
19604,0
19611,7
19634,4
19660,3
19666,4
19667,9
19670,5
19693,2
19706,5
19708,3
19713,3
19727,4
19731,1
19760,0
19804,1
19806,9
19810,4
19821,3
19832,9
19927,6
19940,1
19950,3
19962,3
19967,3
19985,0
19986,6
20015,8
20034,5
20042,2
20117,0
20120,5
20134,7
20138,9
20147,3
20148,6
20171,5
20180,4
20182,4
20219,4
20221,6
20247,2
20249,3
20278,3
20286,6
20342,5
20346,4
20351,0
20407,0
20445,9
20471,0
20486,6
20538,3
20587,3
20608,0
20610,3
20615,3
20652,4
20701,6
20737,3
20738,3
20741,4
20754,5
20760,1
20784,5
20821,6
20865,1
20908,4
20924,4
20957,6
20963,1
20975,8
20976,5
20991,7
20994,5
21006,2
21024,2
21040,9
21047,9
21062,7
21074,6
21077,4
21081,6
21091,9
21113,6
21131,4
21179,3
21230,1
21233,5
21237,6
21254,2
21285,3
21316,6
21330,2
21372,0
21374,4
21379,1
21390,3
21398,1
21410,6
21445,9
21451,2
21475,8
21499,4
21504,2
21508,0
21537,2
21544,2
21553,0
21573,0
21577,2
21580,3
21612,0
21615,2
21669,9
21676,6
21684,6
21729,4
21749,5
21830,4
21838,6
21846,4
21849,4
21858,4
21867,4
21889,1
21927,5
21929,6
21956,5
21975,0
21986,3
21989,5
22019,2
22031,4
22041,9
22049,3
22117,9
22127,9
22130,5
22142,6
22146,2
22149,3
22156,5
22158,1
22162,3
22183,7
22190,6
22203,2
22205,5
22229,2
22231,3
22234,3
22240,6
22243,9
22247,1
22264,5
22291,6
22312,9
22335,2
22374,3
22384,6
22397,2
22398,1
22403,4
22426,5
22470,5
22496,3
22510,0
22579,2
22580,4
22584,4
22596,0
22599,5
22602,4
22619,3
22665,6
22676,4
22717,3
22786,4
22800,2
22821,5
22846,5
22874,0
22888,1
22900,2
22908,6
22919,8
22941,7
22963,3
23022,3
23065,5
23084,9
23101,3
23107,6
23125,6
23165,3
23181,1
23204,1
23219,1
23227,3
23275,9
23290,1
23303,1
23341,5
23346,6
23358,6
23363,6
23395,0
23429,4
23516,5
23543,1
23600,6
23604,1
23630,5
23636,4
23639,8
23652,2
23653,6
23668,5
23691,2
23774,6
23789,8
23808,5
23812,3
23819,3
23837,4
23851,3
23895,2
23947,5
23977,3
23986,3
23991,0
24016,6
24018,4
24035,2
24052,4
24058,6
24090,1
24098,2
24189,0
24210,9
24217,5
24226,2
24266,6
24275,5
24278,3
24281,3
24313,9
24332,5
24336,3
24341,1
24356,3
24417,3
24420,9
24472,4
24473,5
24474,6
24475,6
24511,4
24512,3
24541,0
24558,8
24692,7
24712,9
24728,2
24734,4
24744,4
24745,4
24766,4
24778,5
24790,2
24877,0
24894,4
24908,5
24934,6
24939,2
24952,0
25008,8
25019,9
25049,1
25094,3
25098,6
25104,6
25107,3
25142,6
25170,4
25172,3
25187,3
25216,9
25257,3
25284,3
25297,6
25317,6
25322,1
25333,4
25337,6
25353,4
25371,9
25377,3
25393,6
25411,5
25438,4
25446,9
25453,3
25475,6
25478,9
25502,9
25534,4
25573,3
25594,7
25608,6
25625,9
25630,3
25680,6
25722,4
25738,5
25753,6
25760,4
25765,5
25779,1
25790,4
25805,1
25829,3
25843,8
25881,9
25882,3
25889,6
25896,3
25905,9
25907,2
25931,4
25953,0
25955,3
25994,2
26026,7
26032,6
26034,5
26038,0
26044,0
26060,9
26128,4
26134,5
26160,6
26221,2
26261,0
26288,4
26309,4
26325,2
26334,4
26338,0
26343,0
26350,1
26353,9
26360,5
26363,5
26368,5
26369,0
26391,3
26393,6
26396,6
26398,5
26404,5
26435,4
26439,6
26463,3
26464,5
26470,6
26479,1
26524,6
26550,3
26563,6
26582,4
26586,9
26590,5
26636,5
26715,3
26749,7
26765,6
26815,9
26823,5
26834,9
26854,7
26859,0
26896,5
26918,5
26938,6
26943,3
26963,4
26985,4
27006,6
27014,4
27026,2
27041,4
27055,4
27063,1
27065,5
27078,3
27093,2
27109,0
27119,6
27173,3
27190,6
27207,1
27228,5
27234,9
27267,4
27282,3
27290,0
27319,6
27342,9
27350,6
27363,6
27420,3
27421,5
27425,8
27485,7
27505,6
27510,5
27532,7
27538,4
27550,0
27560,3
27569,1
27580,0
27588,4
27666,3
27724,6
27766,9
27777,5
27830,7
27860,2
27871,1
27901,4
27949,9
27968,9
27970,7
27987,3
28050,2
28106,7
28114,9
28132,3
28137,3
28156,2
28162,6
28203,0
28231,5
28237,4
28254,5
28266,2
28269,2
28276,3
28303,3
28320,6
28324,2
28327,4
28340,5
28378,1
28407,2
28420,1
28421,7
28422,9
28431,3
28444,3
28476,3
28479,1
28487,4
28491,5
28494,2
28526,8
28541,7
28544,2
28560,2
28566,2
28571,3
28584,4
28594,6
28596,5
28611,2
28616,6
28617,5
28642,7
28647,0
28659,6
28671,0
28695,1
28762,5
28765,9
28810,6
28819,1
28825,3
28853,9
28870,6
28881,3
28907,4
28912,6
28930,7
28939,5
28958,2
28995,3
29024,4
29075,4
29084,9
29112,5
29129,5
29158,3
29173,1
29176,2
29185,3
29203,0
29214,1
29216,6
29240,2
29269,3
29325,7
29331,6
29339,4
29355,2
29363,7
29372,4
29421,0
29446,0
29459,3
29465,9
29507,6
29511,8
29542,4
29573,2
29606,4
29678,8
29699,2
29758,6
29779,4
29803,6
29809,0
29811,1
29838,6
29839,2
29843,6
29852,5
29853,2
29866,4
29871,5
29900,7
29913,3
29964,7
29974,1
29977,5
30002,3
30005,4
30023,6
30044,0
30077,3
30078,2
30098,8
30119,0
30132,5
30134,4
30176,1
30182,6
30186,4
30189,1
30201,7
30208,9
30241,3
30244,1
30279,6
30304,3
30314,6
30321,4
30375,3
30398,3
30401,8
30476,5
30507,6
30535,1
30547,0
30553,5
30591,3
30611,3
30619,7
30692,3
30696,9
30733,3
30736,4
30763,4
30768,7
30769,2
30784,6
30802,2
30814,9
30819,6
30861,4
30873,6
30885,3
30935,7
30953,4
30980,5
30987,9
31019,1
31022,5
31029,4
31057,9
31083,4
31123,4
31132,9
31157,3
31165,0
31213,9
31234,0
31235,4
31256,9
31278,1
31314,0
31323,1
31332,1
31345,3
31367,0
31382,7
31410,0
31463,0
31491,6
31492,2
31595,3
31644,5
31705,6
31716,0
31733,9
31736,6
31782,5
31806,6
31819,5
31821,5
31822,9
31826,7
31827,2
31831,3
31839,1
31872,4
31874,2
31877,0
31882,7
31925,3
31970,2
32009,0
32059,5
32075,2
32101,4
32120,7
32134,5
32141,5
32161,8
32191,4
32192,3
32228,6
32241,6
32251,9
32257,6
32263,2
32283,5
32306,1
32318,2
32350,9
32353,1
32360,9
32374,9
32382,2
32477,6
32520,0
32527,7
32572,6
32577,1
32588,3
32634,2
32661,4
32702,5
32709,2
32711,5
32725,6
32789,0
32793,0
32798,4
32811,3
32829,4
32850,3
32858,0
32860,9
32884,8
32896,7
32899,0
32925,0
32929,6
32941,7
33002,3
33006,6
33012,1
33040,6
33047,2
33061,9
33081,5
33129,9
33132,3
33157,0
33158,2
33160,2
33187,9
33217,6
33236,9
33252,9
33254,0
33265,4
33306,4
33344,3
33411,4
33445,3
33488,2
33499,7
33510,3
33516,1
33542,6
33562,5
33577,1
33578,0
33601,6
33639,7
33645,0
33676,7
33680,2
33692,6
33709,3
33722,3
33725,1
33731,4
33737,7
33784,9
33815,5
33830,7
33871,6
33883,8
33890,8
33931,9
33970,3
33989,3
34003,6
34025,0
34039,5
34125,6
34141,1
34180,3
34208,3
34233,7
34254,9
34256,2
34272,1
34273,0
34318,3
34323,2
34333,3
34339,9
34345,0
34350,6
34351,3
34457,0
34476,9
34482,9
34484,2
34496,9
34515,1
34517,9
34536,3
34552,3
34554,8
34605,3
34623,0
34629,3
34642,3
34682,4
34693,9
34697,6
34721,3
34728,3
34740,3
34744,4
34749,1
34755,5
34797,9
34805,3
34830,4
34857,5
34879,6
34916,7
34976,2
34985,0
34995,3
34999,0
35026,6
35029,5
35030,3
35049,3
35057,5
35094,1
35110,2
35114,5
35148,0
35155,3
35160,9
35178,4
35209,0
35235,2
35267,5
35314,4
35315,2
35335,4
35345,1
35349,3
35361,7
35381,3
35409,0
35443,2
35445,2
35455,9
35458,3
35489,2
35502,0
35611,5
35614,6
35624,4
35627,6
35669,1
35674,5
35707,5
35708,0
35740,0
35768,6
35837,7
35845,7
35859,3
35861,6
35873,2
35886,6
35889,5
35951,4
35976,5
35981,8
35994,0
36002,6
36017,4
36051,2
36068,6
36076,3
36087,5
36124,1
36265,1
36293,6
36304,0
36372,6
36439,6
36451,1
36487,5
36494,4
36500,9
36510,9
36519,0
36523,6
36560,0
36588,5
36597,4
36605,8
36607,9
36621,0
36633,1
36653,6
36677,8
36678,9
36692,0
36694,2
36698,6
36705,3
36761,3
36783,0
36791,4
36806,7
36817,4
36857,6
36867,4
36880,9
36883,5
36912,3
36918,5
36938,4
36993,9
37004,5
37012,1
37029,9
37040,2
37065,3
37066,5
37069,5
37120,2
37121,6
37151,2
37177,6
37184,8
37203,7
37209,3
37222,6
37223,3
37270,5
37286,1
37330,1
37362,3
37518,1
37574,5
37579,1
37581,6
37638,2
37680,5
37705,0
37739,0
37765,3
37794,4
37798,2
37828,1
37851,4
37856,0
37861,2
37882,1
37912,3
37942,2
37954,0
37989,2
38049,3
38054,0
38081,1
38088,7
38093,4
38094,2
38110,0
38130,3
38166,3
38187,6
38234,5
38239,3
38277,3
38279,9
38297,0
38301,4
38302,6
38318,6
38326,2
38328,1
38402,4
38408,5
38427,2
38511,6
38567,4
38592,5
38593,3
38600,9
38614,0
38618,2
38626,5
38630,4
38640,6
38651,9
38653,3
38675,5
38677,1
38687,3
38710,4
38722,0
38754,6
38755,3
38781,7
38837,1
38846,2
38871,4
38884,2
38899,9
38901,2
38918,1
38925,6
38926,0
38928,1
39000,9
39064,9
39067,6
39077,1
39083,4
39096,9
39099,3
39100,3
39117,4
39133,7
39147,2
39198,2
39200,6
39206,6
39218,4
39245,4
39273,6
39289,7
39318,6
39319,9
39321,0
39331,9
39369,6
39383,6
39417,1
39424,5
39450,8
39451,1
39461,3
39491,4
39548,4
39562,5
39591,3
39597,2
39617,3
39624,0
39631,0
39654,9
39686,3
39706,3
39721,3
39725,5
39769,7
39784,7
39832,8
39877,7
39941,3
39942,9
39944,0
39950,1
39953,9
39972,5
39975,0
40013,4
40035,3
40041,5
40084,2
40091,0
40139,6
40158,8
40173,0
40180,0
40212,2
40229,6
40230,6
40253,5
40273,1
40285,4
40298,3
40319,1
40347,5
40354,4
40355,6
40371,9
40378,7
40384,3
40397,7
40401,3
40404,3
40437,8
40440,9
40454,0
40482,1
40588,3
40599,5
40636,3
40641,6
40667,9
40669,5
40674,5
40702,4
40718,2
40723,4
40743,3
40827,4
40835,4
40866,3
40880,1
40885,4
40903,4
40904,3
40906,7
40919,4
40943,9
40947,3
40955,4
40993,5
41033,9
41040,9
41041,0
41058,9
41060,6
41062,7
41072,5
41073,1
41080,2
41149,6
41161,7
41185,5
41305,5
41365,7
41373,4
41384,0
41387,5
41392,1
41400,6
41413,6
41425,0
41434,9
41453,3
41470,7
41499,4
41519,6
41546,6
41555,1
41559,1
41598,8
41626,4
41634,0
41661,7
41668,2
41669,1
41670,5
41714,4
41742,3
41746,6
41771,9
41804,4
41810,0
41864,4
41880,0
41893,8
41895,9
41899,6
41944,1
41951,5
41976,6
41981,4
42073,3
42098,1
42102,1
42107,8
42110,5
42115,2
42135,2
42143,6
42151,6
42189,1
42190,6
42195,7
42213,4
42219,2
42250,0
42264,3
42313,8
42367,9
42372,5
42375,3
42423,3
42433,0
42449,5
42482,9
42490,6
42554,5
42555,5
42564,9
42693,2
42703,0
42712,8
42717,2
42728,9
42733,7
42737,8
42766,4
42767,6
42774,4
42839,2
42847,6
42959,7
42995,4
43025,1
43088,0
43095,6
43107,9
43156,4
43165,8
43177,6
43219,4
43229,0
43264,6
43286,1
43310,9
43311,6
43348,6
43398,4
43437,6
43443,0
43458,1
43465,0
43472,0
43486,2
43492,3
43510,5
43521,9
43523,5
43533,7
43545,6
43602,0
43620,6
43622,4
43672,3
43692,8
43698,8
43699,5
43701,0
43721,4
43738,9
43739,3
43776,5
43799,5
43823,8
43825,9
43854,2
43874,2
43899,2
43905,1
43913,0
43915,0
43928,4
43934,4
43966,9
43978,3
43991,3
43997,3
44021,2
44032,3
44053,4
44169,7
44186,2
44200,8
44201,6
44218,6
44246,7
44270,8
44285,9
44416,3
44421,9
44461,5
44497,3
44526,7
44538,7
44539,7
44540,3
44544,4
44556,1
44563,5
44571,6
44589,0
44593,4
44599,0
44607,9
44609,3
44621,5
44634,5
44651,5
44673,5
44685,4
44736,5
44742,6
44746,9
44773,5
44802,5
44808,6
44832,7
44883,0
44892,9
44963,6
45018,5
45022,2
45024,5
45037,1
45045,7
45074,9
45077,2
45087,1
45112,0
45115,0
45161,8
45174,9
45177,6
45195,3
45209,6
45231,4
45232,9
45239,3
45271,3
45278,4
45283,2
45291,6
45297,1
45303,0
45319,2
45329,7
45378,2
45391,4
45405,2
45413,8
45423,5
45460,6
45461,9
45515,0
45517,3
45540,0
45563,3
45574,4
45585,8
45601,3
45625,9
45634,6
45662,2
45666,1
45676,0
45692,8
45701,0
45719,9
45731,5
45733,6
45739,9
45752,4
45771,6
45794,4
45805,6
45808,5
45819,2
45833,0
45872,5
46010,0
46026,1
46040,1
46044,2
46116,2
46124,4
46135,8
46163,2
46165,1
46169,5
46177,6
46204,1
46210,1
46211,3
46217,2
46240,1
46243,9
46329,3
46359,6
46388,4
46417,1
46457,7
46482,6
46497,9
46567,6
46613,4
46635,5
46695,6
46735,6
46771,7
46785,0
46798,4
46841,2
46890,5
46902,3
46918,3
46931,0
46937,3
46972,9
47011,6
47088,2
47107,5
47146,5
47147,6
47149,7
47153,1
47170,7
47176,8
47201,8
47206,7
47211,4
47224,1
47256,5
47313,4
47319,5
47345,9
47357,5
47371,0
47397,4
47446,1
47464,7
47469,3
47480,0
47535,1
47539,3
47545,1
47549,8
47568,7
47576,1
47592,3
47607,4
47625,3
47645,9
47646,5
47661,5
47678,3
47691,4
47692,1
47705,6
47719,8
47767,2
47770,1
47784,1
47796,1
47808,6
47814,4
47874,9
47884,4
47887,0
47896,8
47916,6
47980,6
48032,6
48048,4
48087,4
48174,3
48179,3
48199,6
48227,0
48237,5
48283,6
48284,0
48327,4
48347,9
48354,2
48367,5
48386,3
48415,3
48445,3
48451,6
48465,3
48474,2
48483,2
48521,3
48591,6
48599,3
48600,1
48611,1
48614,7
48636,6
48662,3
48680,5
48687,5
48706,6
48725,3
48727,0
48733,5
48741,1
48800,5
48819,4
48831,1
48847,5
48873,3
48892,4
48897,1
48934,2
48955,7
48957,4
48959,4
48999,6
49002,1
49013,0
49015,4
49036,6
49098,2
49112,9
49117,3
49134,1
49140,5
49148,2
49172,4
49230,3
49252,6
49309,4
49337,6
49353,6
49357,1
49433,3
49468,9
49470,5
49480,4
49512,1
49522,8
49527,5
49558,5
49568,5
49574,9
49590,7
49645,3
49652,5
49678,3
49679,9
49707,4
49725,3
49745,4
49750,0
49779,6
49782,2
49785,5
49798,9
49834,2
49897,4
49903,0
49913,3
49925,9
49930,6
49933,7
49944,9
49958,7
49979,4
49984,9
49994,4
50004,6
50012,3
50024,0
50041,9
50051,1
50057,0
50070,0
50092,6
50166,5
50167,2
50168,6
50177,9
50187,5
50193,6
50205,0
50219,1
50234,7
50245,9
50308,3
50319,4
50370,7
50376,7
50398,5
50402,6
50411,4
50431,3
50437,1
50479,2
50533,5
50562,9
50590,6
50594,6
50601,5
50611,3
50615,5
50624,5
50642,2
50663,9
50693,3
50701,9
50717,3
50732,7
50755,3
50774,0
50779,5
50800,5
50837,3
50840,2
50841,4
50844,4
50857,1
50869,8
50874,7
50921,6
50932,6
50935,3
50955,3
50964,3
50969,3
50971,2
50972,7
50977,2
50990,0
50993,1
50994,7
51004,7
51026,4
51063,3
51096,6
51108,0
51122,0
51198,7
51229,7
51247,1
51319,6
51320,2
51327,0
51349,5
51355,6
51358,7
51385,5
51388,3
51420,7
51422,0
51425,5
51444,5
51448,2
51453,4
51465,7
51471,3
51485,6
51502,7
51511,5
51557,7
51560,7
51561,3
51570,6
51586,7
51591,7
51607,6
51626,5
51662,6
51677,4
51690,6
51705,8
51708,9
51715,8
51718,5
51719,2
51741,1
51775,5
51814,4
51854,5
51872,6
51912,6
51920,6
51939,4
51940,3
51983,2
52013,7
52021,0
52056,1
52058,1
52084,1
52101,3
52151,9
52152,2
52174,1
52179,0
52181,7
52200,4
52216,7
52248,1
52263,6
52264,5
52269,3
52276,0
52279,4
52282,6
52338,6
52373,2
52380,6
52403,2
52424,4
52435,3
52457,4
52487,3
52575,1
52577,9
52582,2
52603,7
52623,4
52656,2
52682,4
52712,9
52714,9
52724,6
52734,4
52739,5
52751,3
52773,3
52785,3
52796,2
52799,0
52823,4
52843,9
52846,9
52871,3
52879,7
52885,0
52888,1
52892,8
52896,5
52904,3
52924,3
52980,8
53000,5
53028,8
53031,4
53063,5
53064,8
53109,4
53139,2
53179,6
53205,4
53231,3
53283,3
53289,6
53299,0
53306,5
53308,1
53357,3
53359,6
53361,1
53365,3
53388,2
53401,0
53540,6
53560,3
53571,2
53576,4
53592,9
53611,1
53616,9
53622,4
53637,2
53674,4
53714,1
53723,9
53724,3
53778,9
53789,0
53801,9
53820,4
53836,7
53838,3
53845,9
53863,3
53889,3
53926,2
53954,3
54035,7
54052,2
54057,9
54064,9
54109,4
54139,9
54181,9
54193,7
54206,6
54209,0
54219,7
54230,5
54232,0
54245,4
54307,9
54321,9
54322,3
54379,4
54380,1
54404,0
54430,3
54464,0
54521,4
54528,5
54539,6
54548,9
54586,9
54587,3
54592,9
54627,9
54655,3
54657,4
54685,0
54698,9
54700,3
54707,3
54781,5
54813,4
54818,7
54832,0
54849,3
54851,6
54854,2
54859,3
54862,5
54871,7
54877,2
54885,6
54909,8
54911,4
54965,9
54966,7
54967,0
54985,0
55002,8
55030,0
55120,9
55136,4
55141,4
55158,2
55162,6
55173,1
55181,4
55235,9
55247,9
55249,3
55281,2
55287,5
55289,6
55297,0
55298,5
55308,2
55316,2
55329,7
55335,1
55364,9
55408,0
55409,7
55424,4
55438,8
55453,5
55485,3
55506,5
55514,7
55531,5
55596,1
55615,6
55630,4
55673,4
55682,0
55707,1
55715,3
55733,8
55752,0
55768,1
55796,3
55827,6
55839,5
55847,9
55861,6
55865,5
55886,5
55897,6
55899,2
55925,4
55977,6
55978,9
56035,6
56040,2
56049,2
56104,2
56123,1
56144,6
56173,4
56179,6
56214,5
56215,2
56234,3
56290,8
56294,7
56297,3
56301,2
56310,5
56314,5
56328,1
56347,0
56353,0
56363,5
56398,3
56410,7
56420,3
56423,1
56450,0
56486,9
56619,6
56645,3
56648,4
56671,4
56697,3
56704,0
56706,6
56717,1
56728,1
56734,1
56735,0
56741,3
56789,5
56794,7
56802,4
56812,5
56825,4
56871,3
56883,9
56892,7
56925,3
56933,9
56937,6
56943,6
56950,0
56953,1
56975,3
56981,6
56997,4
57047,9
57082,4
57107,3
57119,7
57123,4
57151,2
57170,1
57232,5
57307,2
57327,5
57330,5
57334,7
57377,2
57383,5
57402,3
57409,6
57457,3
57463,6
57477,3
57503,2
57541,7
57573,2
57628,2
57636,9
57691,6
57741,8
57749,1
57757,0
57765,3
57785,1
57813,1
57844,4
57906,1
57907,0
57919,3
57942,5
57982,5
57983,3
58072,1
58085,5
58088,9
58113,3
58158,8
58182,2
58185,7
58208,4
58263,9
58278,3
58324,3
58338,9
58341,1
58375,5
58398,2
58399,3
58436,4
58465,3
58468,2
58473,6
58476,2
58477,5
58482,4
58485,7
58492,0
58493,1
58549,6
58558,3
58604,5
58616,9
58624,7
58641,9
58716,8
58728,2
58738,0
58763,1
58808,5
58834,5
58845,5
58870,5
58873,4
58878,3
58887,1
58891,1
58922,6
58948,5
58981,7
59008,6
59011,2
59017,0
59027,9
59032,6
59054,3
59062,3
59085,1
59120,3
59189,1
59198,7
59202,3
59237,6
59245,2
59283,4
59301,5
59302,6
59316,2
59329,5
59361,8
59398,3
59406,5
59417,6
59440,3
59442,6
59449,9
59482,5
59506,9
59526,7
59533,7
59540,6
59562,9
59565,8
59588,3
59604,9
59657,4
59664,7
59673,6
59674,4
59697,1
59719,9
59735,3
59748,9
59782,9
59815,3
59839,7
59876,6
59948,9
59958,1
59959,6
59968,5
59977,7
59986,6
