25,2
31,8
91,7
154,9
196,7
200,1
233,2
256,6
288,7
295,8
370,7
432,2
439,8
456,8
460,9
470,1
472,2
478,7
479,3
486,3
539,8
563,2
569,4
607,6
620,5
624,7
644,7
699,5
703,7
757,5
762,6
774,2
803,7
805,5
818,0
849,0
857,3
863,2
867,3
936,7
940,9
993,1
995,7
999,6
1043,7
1057,7
1074,2
1105,8
1141,8
1147,9
1163,4
1164,4
1167,9
1205,7
1217,7
1291,9
1300,7
1321,1
1343,7
1357,3
1362,8
1378,3
1434,8
1451,7
1462,9
1493,6
1500,9
1513,7
1527,1
1537,4
1567,6
1576,4
1581,3
1608,7
1609,2
1611,3
1625,0
1652,7
1711,2
1719,7
1726,6
1727,2
1728,9
1747,7
1754,2
1757,9
1795,5
1806,5
1934,4
1939,9
1944,7
1958,7
1960,9
2010,2
2067,8
2076,3
2085,2
2086,1
2087,3
2104,2
2107,3
2124,8
2133,7
2148,6
2182,5
2211,5
2235,4
2238,7
2351,9
2367,7
2381,7
2412,5
2417,7
2456,3
2505,1
2516,6
2560,4
2570,6
2571,5
2576,7
2609,7
2615,0
2635,6
2666,7
2676,7
2687,8
2705,3
2706,7
2800,4
2807,1
2903,7
2925,6
2929,7
2931,3
2940,8
2947,6
2954,6
2997,9
3023,2
3039,4
3048,3
3064,2
3115,6
3117,4
3130,1
3133,2
3156,2
3181,3
3190,9
3217,4
3246,7
3249,7
3297,6
3298,7
3331,1
3349,7
3370,4
3381,2
3384,5
3387,6
3403,6
3430,1
3447,9
3463,7
3465,9
3478,1
3485,6
3486,2
3496,4
3501,8
3572,6
3574,2
3630,8
3690,8
3713,3
3717,6
3728,7
3731,7
3746,9
3751,7
3758,1
3840,7
3897,1
3908,6
3917,2
3926,1
3982,9
4013,1
4024,7
4043,8
4045,9
4052,8
4081,7
4096,2
4129,1
4139,8
4226,7
4245,0
4277,9
4290,5
4298,7
4331,7
4334,7
4337,6
4349,6
4351,1
4365,6
4418,3
4430,6
4436,4
4453,0
4467,1
4474,2
4479,7
4492,1
4496,0
4499,7
4506,3
4528,7
4537,8
4556,0
4559,7
4568,9
4604,7
4655,0
4663,9
4673,6
4680,7
4689,9
4726,7
4734,7
4744,0
4769,9
4771,9
4784,7
4789,4
4794,7
4799,7
4821,1
4857,6
4858,7
4892,0
4904,7
4910,6
4916,9
4928,7
4961,5
4963,6
4977,7
5016,2
5022,7
5024,9
5025,7
5045,9
5125,9
5144,0
5149,1
5184,3
5188,5
5204,1
5215,8
5261,9
5263,8
5322,4
5328,3
5384,6
5387,7
5418,8
5453,5
5524,6
5534,8
5572,9
5576,6
5579,7
5617,5
5626,7
5632,6
5696,8
5707,2
5717,3
5805,4
5837,6
5840,1
5858,3
5859,1
5912,7
5916,8
5935,6
5958,3
5973,6
5994,1
6021,1
6034,0
6047,6
6059,3
6061,9
6090,6
6119,6
6121,9
6134,7
6140,7
6147,7
6172,2
6173,7
6176,7
6184,4
6221,7
6222,2
6223,8
6251,3
6258,4
6259,7
6278,7
6280,7
6301,9
6305,5
6318,1
6358,7
6362,3
6378,7
6383,9
6389,5
6394,0
6401,5
6445,2
6467,3
6479,9
6500,3
6517,6
6528,7
6535,9
6553,6
6562,6
6577,9
6582,8
6587,7
6594,3
6648,0
6665,1
6686,7
6687,3
6707,7
6792,8
6798,4
6804,4
6843,7
6853,5
6854,6
6899,2
6915,7
6930,6
6938,8
6953,7
6969,9
6993,9
7008,6
7033,7
7064,6
7071,9
7092,7
7134,3
7194,9
7207,2
7266,2
7270,5
7276,5
7316,8
7317,1
7336,3
7371,0
7376,8
7379,6
7381,9
7385,6
7404,1
7439,8
7529,9
7538,9
7578,4
7649,0
7663,7
7676,9
7679,7
7684,6
7731,7
7769,7
7803,3
7805,9
7840,5
7850,1
7866,7
7872,8
7873,9
7955,4
7972,6
7980,3
7999,4
8007,2
8020,7
8023,5
8043,2
8065,3
8075,3
8079,7
8114,7
8127,9
8140,6
8155,9
8174,4
8183,5
8189,1
8199,9
8202,2
8240,4
8290,6
8292,2
8303,8
8321,9
8338,3
8351,1
8365,8
8382,1
8403,2
8404,9
8416,9
8430,1
8442,9
8452,1
8459,5
8475,3
8498,3
8504,5
8508,4
8519,5
8554,3
8567,4
8620,9
8621,6
8631,2
8634,4
8647,7
8648,1
8693,3
8714,9
8719,8
8744,5
8770,6
8791,7
8807,6
8828,7
8854,4
8880,3
8917,0
8931,7
8939,2
8958,3
8962,4
8968,9
8979,0
9039,1
9066,9
9104,2
9114,9
9167,9
9170,5
9188,7
9202,6
9233,6
9238,9
9276,7
9289,3
9304,9
9308,9
9314,8
9346,9
9350,1
9378,1
9394,9
9395,7
9417,6
9444,7
9457,1
9458,0
9467,7
9520,3
9548,7
9606,7
9635,6
9675,0
9758,9
9768,7
9866,8
9875,1
9885,7
9915,3
9917,6
9954,7
9961,6
9968,9
9969,9
9977,3
9978,0
9985,0
9992,7
9993,4
10000,3
10004,9
10037,6
10068,1
10096,7
10104,4
10115,8
10231,7
10243,7
10260,3
10271,6
10347,2
10375,6
10387,9
10419,6
10420,1
10431,7
10457,7
10469,0
10473,6
10501,9
10544,7
10559,8
10573,7
10578,5
10581,1
10595,8
10601,1
10621,9
10637,7
10675,1
10702,7
10741,1
10750,0
10769,7
10799,9
10815,7
10828,7
10830,3
10834,1
10864,7
10868,1
10873,7
10876,3
10893,7
10911,7
10934,9
10936,8
10957,2
10987,5
11007,7
11035,8
11044,4
11059,7
11088,7
11110,2
11153,4
11160,8
11186,9
11189,6
11199,9
11263,6
11273,8
11276,9
11282,6
11285,3
11295,0
11309,7
11348,6
11388,9
11390,6
11394,2
11406,8
11407,7
11488,7
11504,1
11520,3
11578,4
11595,7
11608,1
11627,4
11631,5
11644,5
11668,9
11675,0
11689,7
11727,2
11730,6
11745,9
11768,7
11773,9
11810,7
11813,3
11821,7
11828,6
11830,9
11894,7
11911,0
11912,9
11932,6
11951,3
11955,4
11990,9
12014,8
12022,3
12057,0
12062,7
12067,7
12143,7
12161,2
12185,7
12216,6
12233,7
12294,9
12334,3
12338,3
12343,4
12363,7
12373,7
12386,5
12395,7
12414,0
12483,3
12501,2
12502,5
12512,1
12523,6
12528,6
12555,0
12576,7
12603,2
12617,3
12624,7
12710,8
12713,5
12719,8
12759,6
12784,2
12818,5
12820,4
12854,2
12865,7
12879,3
12903,9
12952,1
12970,7
12974,8
12989,9
13016,8
13023,2
13034,9
13049,9
13063,9
13079,8
13085,6
13104,4
13144,3
13146,3
13150,7
13202,3
13235,9
13255,7
13269,9
13311,7
13323,9
13371,0
13378,8
13381,2
13398,1
13401,2
13409,9
13423,8
13424,8
13427,6
13469,7
13494,6
13515,7
13600,7
13614,6
13649,1
13680,8
13684,7
13705,2
13770,6
13778,3
13805,9
13847,7
13852,4
13895,8
13906,3
13928,2
13939,6
13975,7
13996,9
14002,3
14032,7
14080,3
14107,3
14111,7
14136,6
14149,1
14178,6
14219,7
14222,9
14238,7
14245,7
14257,4
14262,3
14302,2
14304,8
14307,7
14313,7
14362,8
14383,3
14386,7
14395,7
14410,3
14454,3
14470,7
14492,6
14495,8
14503,1
14515,2
14517,2
14531,7
14542,4
14593,6
14622,7
14626,8
14641,6
14661,6
14678,8
14699,9
14721,6
14724,1
14732,6
14754,8
14756,1
14766,8
14769,4
14805,6
14846,1
14850,7
14872,8
14913,8
14929,1
14969,7
14998,1
15014,3
15094,2
15137,2
15170,9
15172,7
15183,6
15221,8
15222,9
15233,3
15234,6
15262,2
15287,6
15289,8
15307,8
15325,0
15334,6
15337,5
15397,1
15436,8
15440,2
15477,3
15480,0
15501,8
15529,6
15562,9
15565,6
15571,5
15573,2
15631,5
15653,9
15666,9
15681,3
15696,1
15702,5
15708,6
15709,9
15737,7
15747,3
15776,1
15810,5
15815,3
15886,5
15895,7
15896,6
15919,8
15923,7
15933,1
16105,0
16108,2
16130,1
16149,9
16158,8
16161,6
16169,7
16224,1
16232,8
16257,5
16260,3
16287,1
16323,0
16369,7
16370,3
16373,8
16396,0
16411,3
16414,3
16459,4
16495,1
16512,3
16546,1
16586,5
16590,6
16644,7
16682,5
16691,1
16698,5
16710,7
16712,7
16753,9
16767,5
16782,6
16794,2
16795,7
16798,8
16801,9
16816,9
16818,4
16823,7
16840,7
16857,2
16865,4
16881,9
16927,3
16974,8
16976,6
17002,9
17004,6
17013,8
17017,7
17023,6
17024,5
17034,6
17044,7
17064,0
17070,2
17076,4
17113,7
17120,6
17166,9
17177,7
17182,4
17192,3
17197,8
17256,4
17267,7
17313,4
17330,3
17370,7
17371,3
17375,8
17394,1
17408,6
17437,9
17444,4
17447,9
17455,9
17492,4
17528,6
17576,4
17583,5
17616,6
17696,7
17708,9
17746,4
17762,7
17770,0
17785,9
17801,4
17824,9
17833,7
17848,9
17854,1
17866,7
17878,8
17924,8
17935,7
17945,2
17961,7
17969,7
17975,8
17979,7
17993,3
18002,7
18027,9
18080,5
18082,9
18139,2
18154,6
18187,9
18238,6
18265,7
18309,7
18346,7
18367,7
18368,8
18379,5
18402,7
18407,1
18429,7
18432,6
18485,3
18496,4
18510,9
18511,5
18592,4
18622,2
18719,5
18722,9
18731,9
18752,3
18766,3
18768,1
18783,2
18814,3
18818,7
18837,0
18843,7
18848,6
18849,6
18885,9
18890,8
18928,9
18952,8
18997,3
19032,4
19057,7
19058,1
19076,4
19085,9
19097,2
19098,9
19111,4
19122,1
19130,5
19136,1
19160,5
19161,4
19175,5
19203,0
19221,7
19231,3
19234,3
19244,9
19247,3
19254,9
19256,9
19278,1
19280,3
19283,7
19294,4
19312,7
19341,7
19345,2
19351,8
19378,4
19408,6
19440,1
19477,9
19479,7
19624,6
19636,7
19648,7
19658,7
19666,4
19681,6
19718,9
19745,6
19756,8
19763,8
19769,0
19788,6
19813,4
19817,7
19822,0
19826,8
19851,6
19883,3
19893,7
19897,1
19904,7
19914,9
19923,4
19941,3
19998,4
20019,7
20031,9
20048,7
20149,4
20150,3
20153,6
20163,1
20176,4
20185,5
20190,5
20262,4
20298,1
20335,7
20347,3
20380,7
20410,9
20412,8
20419,8
20423,3
20440,2
20456,1
20512,6
20532,7
20578,8
20579,7
20605,7
20615,3
20745,6
20782,6
20808,6
20831,2
20845,1
20858,8
20871,9
20920,9
20931,6
20937,3
20938,8
20944,2
20961,1
20969,7
20971,7
20976,5
20983,0
20984,6
20997,9
21004,6
21012,2
21020,9
21032,9
21038,3
21047,9
21072,9
21076,4
21089,8
21145,9
21150,3
21206,5
21243,7
21248,1
21249,8
21321,1
21333,7
21345,6
21368,6
21413,0
21423,9
21451,2
21529,8
21532,5
21615,2
21616,9
21621,7
21656,8
21666,7
21691,2
21718,9
21725,7
21740,1
21828,4
21834,7
21841,7
21862,6
21887,4
21889,1
21926,8
21939,3
22006,6
22011,3
22016,7
22034,4
22057,7
22130,5
22156,5
22179,1
22212,6
22219,3
22221,6
22223,9
22228,7
22233,4
22250,7
22282,6
22287,7
22292,8
22294,0
22300,7
22301,7
22385,6
22454,7
22492,3
22495,4
22497,7
22501,9
22521,9
22523,9
22565,5
22590,4
22615,6
22665,6
22743,7
22764,0
22783,5
22807,2
22811,2
22820,6
22841,9
22890,9
22921,7
22948,9
23021,7
23078,8
23100,9
23101,3
23110,6
23130,3
23149,7
23152,4
23218,3
23232,8
23234,9
23246,7
23267,7
23282,8
23290,1
23292,7
23294,3
23344,3
23359,4
23360,7
23400,8
23411,4
23417,1
23492,1
23500,6
23503,2
23522,8
23548,9
23549,4
23571,7
23611,9
23624,9
23649,3
23657,3
23673,9
23715,7
23731,3
23736,5
23761,4
23780,6
23784,7
23785,6
23838,9
23864,9
23916,2
23967,8
23978,7
23983,6
23987,8
23994,2
24036,2
24037,6
24044,7
24063,3
24127,6
24133,1
24140,7
24154,4
24181,7
24210,9
24264,3
24281,3
24289,1
24311,8
24321,2
24334,4
24336,3
24373,3
24378,4
24385,6
24482,9
24485,2
24513,2
24534,8
24538,9
24568,7
24575,3
24588,9
24594,9
24638,6
24657,8
24689,0
24692,7
24703,4
24715,0
24732,2
24735,3
24740,8
24741,9
24765,5
24836,2
24843,9
24845,8
24852,8
24855,4
24857,8
24879,1
24927,9
24934,6
24945,6
24981,8
25015,8
25018,8
25026,7
25043,8
25048,4
25095,7
25099,9
25130,7
25140,7
25185,2
25201,7
25205,8
25210,3
25212,9
25222,3
25225,3
25271,6
25319,7
25324,1
25334,4
25363,7
25367,9
25431,3
25456,0
25462,6
25470,4
25474,1
25527,8
25533,2
25560,5
25561,7
25565,9
25581,7
25615,7
25642,7
25663,2
25666,1
25670,4
25689,3
25700,2
25735,2
25748,7
25752,2
25782,7
25788,7
25815,6
25817,7
25833,7
25844,4
25856,4
25876,1
25893,6
25897,7
25911,3
25961,1
26003,8
26004,7
26062,5
26075,2
26126,6
26129,6
26136,8
26170,2
26193,4
26201,2
26224,2
26234,7
26240,5
26304,7
26324,3
26356,7
26374,7
26377,6
26390,1
26401,1
26443,8
26455,7
26524,6
26532,8
26556,1
26570,5
26575,7
26596,3
26614,6
26650,6
26660,8
26661,8
26677,6
26710,3
26726,1
26804,8
26821,2
26838,7
26842,5
26846,9
26912,6
26913,5
26915,6
26920,6
26943,3
26953,8
26964,7
26967,7
26985,4
27001,4
27025,1
27028,1
27035,0
27086,6
27100,5
27185,8
27210,8
27234,9
27243,6
27250,1
27267,4
27268,6
27270,1
27283,0
27292,7
27303,6
27305,0
27309,1
27324,8
27357,7
27362,3
27372,8
27379,7
27402,6
27409,1
27413,2
27418,8
27471,5
27472,2
27488,8
27516,7
27570,3
27578,1
27637,0
27643,2
27648,5
27674,6
27690,3
27692,9
27695,4
27702,6
27717,7
27728,7
27758,7
27800,4
27886,1
27906,7
27908,9
27925,7
27938,7
27949,9
27968,9
27986,7
27987,3
28033,8
28042,8
28088,9
28097,5
28111,3
28152,6
28177,6
28185,2
28189,2
28298,7
28307,8
28309,7
28314,7
28339,6
28396,9
28449,4
28534,5
28550,7
28559,2
28564,9
28572,6
28606,5
28631,2
28692,0
28721,6
28732,5
28745,7
28750,9
28751,8
28764,7
28765,9
28767,4
28805,6
28812,7
28825,3
28871,8
28884,8
28905,6
28908,9
28979,1
29002,7
29032,7
29051,7
29054,4
29176,2
29192,8
29309,7
29326,7
29405,0
29430,1
29450,7
29462,5
29499,1
29512,7
29513,9
29516,7
29521,3
29547,9
29555,5
29595,7
29610,3
29633,7
29651,1
29691,8
29717,2
29733,7
29739,4
29740,1
29776,6
29793,6
29797,7
29801,7
29824,9
29850,7
29916,5
29917,6
29937,0
29964,7
29996,9
30005,4
30008,7
30053,1
30054,2
30071,0
30121,4
30157,6
30177,7
30218,1
30247,8
30261,1
30299,1
30310,7
30364,1
30377,3
30383,8
30394,9
30400,3
30426,6
30432,7
30436,1
30437,9
30446,9
30461,3
30469,9
30470,9
30479,7
30493,1
30520,9
30545,8
30547,0
30549,7
30551,9
30573,4
30581,8
30599,7
30603,9
30607,1
30652,7
30656,8
30661,8
30681,3
30722,7
30727,6
30732,8
30736,4
30754,3
30764,7
30798,7
30834,9
30841,7
30870,8
30892,8
30905,2
30922,9
30946,7
30949,3
30962,3
30977,9
31009,7
31043,0
31074,9
31093,1
31111,4
31126,4
31141,9
31143,6
31167,6
31172,0
31193,6
31198,1
31200,9
31205,8
31252,5
31257,7
31269,3
31300,7
31317,4
31343,6
31382,7
31385,7
31396,7
31407,4
31408,7
31415,5
31424,5
31493,2
31523,7
31560,7
31583,4
31601,4
31616,2
31629,6
31654,6
31673,8
31679,1
31684,7
31727,1
31731,7
31771,1
31816,8
31824,7
31827,2
31888,9
31910,7
31914,7
31930,1
31957,7
31961,9
31964,7
31981,6
31991,7
32018,8
32035,2
32064,9
32110,8
32163,9
32165,0
32166,8
32177,9
32195,7
32203,3
32208,7
32213,4
32247,7
32249,9
32252,7
32255,6
32276,3
32294,7
32325,6
32329,8
32338,1
32340,4
32356,9
32364,7
32380,9
32384,4
32408,2
32435,2
32444,3
32451,9
32458,4
32476,3
32497,7
32546,6
32551,7
32555,9
32556,4
32571,7
32598,5
32603,5
32604,7
32648,9
32672,9
32700,7
32791,6
32808,1
32812,7
32820,7
32906,7
32976,4
33002,3
33017,7
33023,0
33040,6
33055,6
33086,1
33098,9
33116,6
33123,7
33131,7
33156,9
33179,8
33201,8
33210,2
33234,7
33235,5
33243,1
33252,9
33266,1
33303,5
33335,7
33367,0
33380,9
33382,8
33389,0
33391,4
33397,6
33402,9
33430,7
33431,7
33486,6
33576,9
33577,1
33621,8
33623,1
33681,7
33682,9
33694,3
33699,9
33709,3
33723,0
33744,9
33785,2
33814,6
33872,4
33875,3
33885,7
33910,6
33912,7
33974,9
33977,7
33999,9
34041,5
34088,7
34102,4
34109,4
34115,5
34132,7
34136,2
34147,9
34174,6
34198,6
34225,8
34230,7
34293,3
34321,9
34338,9
34364,3
34374,6
34385,2
34406,4
34410,7
34468,4
34576,7
34582,0
34607,3
34613,1
34614,2
34647,7
34693,9
34702,7
34768,2
34818,9
34862,3
34867,0
34868,5
34876,9
34878,9
34881,7
34893,3
34894,6
34899,7
34938,1
35045,3
35081,7
35105,9
35140,6
35142,4
35176,7
35201,4
35211,6
35252,1
35255,7
35274,5
35291,7
35321,7
35323,8
35334,7
35358,9
35378,2
35383,8
35410,2
35429,4
35433,6
35441,9
35470,6
35560,7
35579,6
35604,8
35625,7
35646,0
35692,3
35711,7
35723,3
35734,6
35763,9
35773,7
35774,1
35776,8
35808,6
35812,9
35843,8
35888,6
35890,3
35938,7
35941,9
35960,7
35968,6
35984,3
36012,7
36067,6
36073,4
36096,8
36113,6
36122,9
36128,3
36131,4
36156,7
36186,9
36195,6
36229,2
36231,7
36234,7
36243,4
36262,3
36278,6
36282,9
36285,6
36296,4
36313,7
36315,1
36347,8
36378,9
36421,3
36425,6
36441,4
36446,6
36460,2
36465,7
36471,3
36481,9
36493,5
36504,6
36509,1
36531,7
36540,4
36597,4
36615,7
36622,8
36657,1
36681,8
36684,3
36709,3
36713,7
36717,2
36722,5
36723,3
36738,1
36747,8
36751,8
36799,7
36809,0
36835,3
36841,6
36856,7
36859,7
36889,7
36910,6
36958,2
36959,8
36967,7
37002,9
37025,9
37026,9
37032,8
37048,9
37051,8
37068,7
37088,9
37103,2
37104,4
37150,9
37163,3
37178,8
37215,7
37254,6
37255,8
37286,1
37298,7
37310,6
37318,9
37334,6
37337,1
37368,3
37385,4
37423,7
37445,6
37473,8
37481,2
37525,7
37534,9
37538,9
37556,7
37561,7
37596,7
37646,2
37665,7
37674,1
37692,3
37718,3
37727,2
37773,9
37807,5
37833,7
37848,3
37857,8
37873,9
37887,9
37911,1
37927,3
37965,9
37967,2
38007,1
38034,7
38039,1
38058,3
38075,7
38098,7
38137,9
38148,2
38166,3
38182,9
38193,3
38227,4
38266,5
38269,7
38327,6
38358,9
38413,1
38451,3
38480,1
38495,3
38503,4
38517,7
38537,7
38556,7
38564,5
38578,6
38596,8
38597,9
38648,5
38665,2
38669,7
38670,3
38678,5
38687,3
38699,6
38723,7
38738,7
38740,9
38743,7
38750,1
38752,3
38794,7
38814,7
38832,8
38839,2
38929,0
38957,4
38969,9
39010,7
39030,9
39048,7
39054,0
39076,1
39079,2
39082,7
39089,7
39091,8
39116,3
39124,3
39159,1
39200,6
39221,6
39257,7
39281,1
39288,1
39314,7
39323,2
39349,3
39374,5
39382,8
39387,7
39390,7
39490,7
39504,0
39528,6
39543,4
39570,0
39586,7
39593,9
39600,0
39654,9
39665,6
39687,7
39708,2
39717,1
39763,4
39804,3
39805,1
39821,7
39835,7
39847,7
39899,2
39902,8
39923,5
39967,6
39974,9
39987,6
39990,4
39995,8
40056,1
40060,7
40105,6
40116,4
40118,7
40136,9
40197,9
40214,7
40216,7
40261,8
40274,8
40298,3
40306,8
40308,7
40311,7
40336,0
40387,7
40465,7
40470,7
40485,9
40498,2
40528,9
40576,4
40591,6
40627,7
40638,7
40670,9
40673,8
40686,2
40695,5
40710,7
40739,3
40775,6
40788,2
40812,2
40822,7
40888,0
40889,6
40911,7
40955,4
40994,9
41006,4
41009,7
41024,7
41062,7
41068,4
41076,1
41089,6
41099,7
41105,2
41130,8
41142,6
41150,1
41184,7
41224,7
41235,8
41241,5
41244,7
41268,6
41316,6
41317,3
41325,7
41329,9
41330,2
41335,2
41342,4
41362,7
41364,9
41392,1
41413,6
41419,1
41461,7
41497,9
41498,5
41501,9
41572,6
41573,3
41577,6
41587,5
41598,8
41615,7
41617,0
41636,6
41677,7
41685,1
41690,6
41698,7
41721,2
41779,7
41811,0
41854,7
41889,6
41890,6
41908,1
41910,7
41912,6
41941,7
41967,1
42007,6
42011,7
42016,7
42030,7
42036,7
42069,9
42105,7
42129,9
42130,8
42164,7
42187,4
42200,7
42209,9
42220,3
42225,6
42254,3
42256,6
42268,1
42290,7
42310,2
42334,5
42430,7
42433,0
42460,1
42490,6
42507,4
42530,6
42533,8
42557,9
42559,0
42577,9
42596,2
42679,8
42738,9
42743,9
42784,7
42793,4
42826,9
42836,5
42837,1
42849,1
42905,6
42934,2
42935,5
42942,6
42943,9
42954,3
42987,8
42990,8
43005,7
43023,7
43031,3
43052,7
43061,6
43074,0
43093,9
43130,4
43160,7
43202,7
43213,7
43226,8
43237,9
43239,4
43268,8
43274,4
43275,4
43295,4
43304,6
43308,5
43324,9
43351,2
43361,7
43398,4
43413,6
43481,4
43504,8
43505,6
43520,7
43524,8
43526,9
43533,7
43554,0
43555,7
43588,8
43595,1
43619,3
43627,7
43681,2
43707,7
43725,7
43735,6
43747,3
43760,2
43777,9
43811,0
43835,4
43846,8
43871,2
43890,7
43900,8
43912,7
43925,6
43975,2
43977,6
43998,7
44031,1
44063,0
44064,7
44068,4
44079,1
44088,4
44098,2
44107,9
44113,1
44163,8
44173,8
44182,9
44192,3
44212,7
44227,1
44298,2
44336,6
44360,8
44548,1
44567,3
44573,7
44596,3
44623,7
44626,7
44645,9
44663,7
44686,8
44802,5
44823,2
44835,7
44873,3
44880,8
44905,4
44921,4
44963,6
44986,1
45026,8
45029,1
45030,6
45032,1
45058,0
45060,7
45068,7
45078,1
45091,5
45094,2
45107,6
45114,7
45124,5
45145,0
45150,3
45163,9
45174,9
45175,5
45220,1
45232,9
45238,4
45266,3
45270,8
45273,3
45284,1
45317,8
45329,7
45399,8
45409,6
45411,7
45457,7
45483,7
45492,7
45503,0
45505,2
45514,6
45589,0
45632,9
45640,6
45660,8
45667,5
45683,1
45689,9
45713,6
45736,3
45749,4
45756,9
45763,2
45776,7
45796,3
45828,9
45860,4
45871,7
45888,9
45914,6
45933,5
45973,7
46000,9
46008,9
46012,1
46018,8
46036,2
46044,2
46051,3
46055,7
46064,9
46106,7
46124,4
46130,3
46132,7
46183,0
46231,8
46247,3
46259,2
46281,4
46287,9
46326,1
46355,9
46399,8
46409,3
46439,0
46457,7
46464,2
46525,3
46532,3
46537,9
46540,2
46549,3
46672,7
46733,5
46751,0
46758,8
46765,7
46789,8
46809,1
46825,6
46849,2
46879,7
46881,4
46908,3
46927,8
46934,1
46973,9
47017,9
47049,7
47057,8
47061,7
47068,4
47108,1
47134,9
47217,3
47220,6
47250,5
47288,6
47289,0
47303,7
47358,6
47365,4
47398,9
47401,8
47402,7
47435,1
47440,1
47443,2
47459,9
47476,0
47490,1
47520,3
47537,7
47550,8
47558,4
47559,7
47585,2
47595,7
47597,8
47600,7
47601,1
47636,6
47639,0
47663,6
47669,3
47678,3
47682,7
47745,9
47781,3
47783,9
47787,2
47788,9
47817,1
47825,5
47831,8
47856,5
47875,1
47886,8
47899,9
47943,6
47965,2
47996,4
48012,0
48018,4
48035,7
48051,6
48053,7
48071,6
48100,7
48108,7
48115,8
48122,7
48145,6
48150,8
48165,7
48166,7
48204,8
48208,7
48219,6
48241,7
48300,3
48309,8
48316,4
48334,2
48349,2
48373,4
48378,2
48383,2
48411,1
48432,7
48452,7
48473,7
48477,9
48556,7
48566,9
48575,7
48594,6
48604,0
48619,7
48670,0
48706,6
48712,7
48715,0
48724,7
48739,8
48743,8
48761,3
48801,7
48844,1
48848,1
48868,3
48875,8
48876,4
48887,2
48900,1
48901,3
48925,8
48927,9
48963,0
49012,7
49024,7
49026,6
49049,6
49053,7
49106,2
49118,1
49120,7
49184,7
49212,7
49219,9
49222,3
49223,9
49254,3
49274,4
49346,6
49349,2
49362,1
49379,4
49423,4
49452,2
49466,9
49473,1
49493,8
49498,2
49523,7
49537,2
49561,0
49590,7
49600,1
49602,3
49607,3
49628,1
49632,5
49651,6
49673,3
49677,8
49715,8
49717,1
49735,2
49778,2
49806,7
49817,1
49824,8
49830,8
49831,8
49833,9
49838,6
49866,7
49886,6
49936,2
49967,4
49973,9
50016,1
50058,6
50095,7
50108,6
50118,6
50131,3
50183,4
50263,5
50303,6
50309,9
50345,7
50351,7
50373,9
50375,7
50376,7
50377,4
50447,1
50452,2
50483,7
50509,6
50510,4
50574,5
50594,6
50606,4
50627,7
50644,3
50655,7
50678,1
50726,3
50737,4
50757,4
50801,4
50854,9
50873,8
50877,7
50880,6
50886,8
50891,7
50910,7
50927,9
50978,7
51043,7
51074,7
51096,6
51103,7
51111,4
51128,8
51151,2
51153,3
51155,4
51197,1
51209,9
51242,8
51252,1
51261,4
51262,2
51267,9
51312,4
51335,7
51344,7
51356,2
51357,2
51359,2
51365,0
51370,6
51377,1
51446,6
51453,4
51492,5
51521,9
51537,7
51557,7
51558,7
51571,3
51586,7
51591,7
51602,6
51621,7
51624,6
51643,7
51656,8
51657,4
51663,7
51692,5
51693,4
51701,3
51707,7
51710,1
51712,4
51756,3
51810,2
51829,7
51834,0
51853,4
51858,7
51891,8
51896,3
51964,8
51965,6
51974,7
52009,9
52032,1
52049,6
52074,4
52089,7
52109,2
52115,8
52117,9
52131,5
52204,0
52211,4
52233,6
52252,3
52256,7
52272,3
52279,4
52321,7
52332,5
52337,7
52339,7
52341,9
52359,1
52391,7
52423,7
52451,1
52461,6
52475,7
52480,7
52571,6
52574,2
52618,9
52626,6
52644,7
52649,2
52666,7
52684,2
52705,7
52735,7
52736,7
52740,3
52763,9
52820,6
52827,9
52842,7
52866,7
52927,1
52929,9
52973,4
52974,3
52981,5
53001,1
53012,1
53018,1
53063,5
53091,3
53131,8
53135,1
53154,9
53158,3
53176,1
53204,9
53222,4
53237,2
53308,1
53346,4
53393,9
53437,9
53438,9
53441,7
53470,5
53489,1
53519,4
53548,7
53570,3
53589,7
53610,1
53631,4
53650,2
53658,2
53659,8
53663,8
53714,1
53736,9
53771,7
53785,0
53813,7
53836,7
53855,7
53943,3
53951,9
53958,3
54001,3
54018,6
54020,3
54035,7
54084,3
54098,9
54107,3
54109,4
54114,7
54131,5
54133,6
54191,3
54196,6
54199,3
54200,6
54224,6
54250,3
54254,1
54256,7
54260,5
54278,7
54288,6
54296,3
54305,2
54324,4
54356,0
54357,3
54380,1
54383,6
54385,7
54396,7
54402,3
54405,7
54406,3
54426,7
54508,9
54526,3
54556,2
54558,7
54565,7
54568,3
54572,6
54582,4
54592,9
54611,1
54641,6
54653,2
54654,8
54662,6
54678,7
54712,8
54770,4
54803,1
54812,0
54820,6
54837,2
54847,6
54866,2
54887,7
54926,8
54954,8
54957,7
54981,2
55081,8
55082,7
55088,7
55097,9
55104,3
55112,6
55152,0
55160,4
55167,7
55198,3
55216,7
55235,9
55238,7
55239,4
55279,1
55293,8
55295,9
55307,6
55309,7
55331,8
55336,3
55341,3
55365,7
55368,8
55419,3
55432,3
55435,9
55472,3
55477,9
55481,0
55514,7
55530,8
55545,2
55551,6
55563,9
55571,9
55579,3
55587,1
55652,9
55658,4
55704,2
55739,5
55754,6
55763,9
55766,8
55787,1
55810,4
55816,2
55826,7
55832,1
55845,3
55862,2
55871,5
55888,1
55904,6
55914,3
55927,4
55932,3
55954,4
55978,9
56022,6
56034,7
56095,7
56134,3
56144,6
56160,7
56161,0
56165,3
56171,6
56190,4
56201,9
56205,9
56230,9
56277,5
56348,9
56356,7
56382,7
56387,8
56401,9
56414,9
56482,7
56484,4
56515,3
56548,6
56582,6
56624,3
56627,9
56676,4
56688,1
56732,5
56744,1
56802,4
56829,9
56831,1
56886,4
56921,3
56977,4
57020,0
57123,4
57146,4
57148,9
57204,7
57239,9
57241,0
57242,5
57259,9
57284,2
57305,1
57325,7
57373,3
57378,1
57394,2
57401,3
57402,3
57405,7
57409,6
57432,9
57494,0
57495,3
57508,6
57514,6
57523,3
57537,4
57570,7
57584,3
57600,7
57621,7
57634,0
57637,4
57641,6
57657,9
57671,5
57724,4
57728,9
57734,3
57762,3
57804,3
57833,3
57839,7
57850,6
57854,9
57874,9
57884,7
57914,3
57934,4
57941,3
57985,4
57998,1
57999,2
58047,4
58061,7
58088,9
58109,7
58127,9
58128,7
58167,7
58174,4
58177,7
58187,9
58201,8
58203,1
58230,1
58247,0
58256,0
58279,4
58284,9
58310,7
58332,9
58354,6
58357,5
58379,3
58383,7
58394,8
58460,5
58480,7
58482,4
58508,8
58529,9
58542,9
58552,8
58554,6
58558,3
58584,0
58593,8
58613,4
58621,4
58648,7
58650,4
58651,2
58664,3
58682,6
58690,7
58692,9
58701,7
58710,2
58725,7
58738,0
58757,5
58759,3
58767,1
58844,7
58848,7
58850,9
58865,1
58872,5
58883,6
58885,7
58886,1
58895,4
58896,2
58928,2
58938,4
58942,8
58971,3
58972,7
58997,6
59013,8
59047,4
59091,5
59132,6
59217,6
59228,3
59229,3
59243,9
59254,7
59292,6
59364,1
59434,4
59469,7
59490,3
59552,7
59583,6
59586,1
59601,6
59646,7
59729,8
59771,9
59781,1
59786,0
59790,5
59801,6
59815,3
59823,5
59830,7
59845,7
59858,9
59865,8
59905,4
59964,3
59968,5
