38,7
48,9
87,9
110,9
122,2
138,5
149,3
172,9
192,0
261,6
264,9
318,2
319,9
341,3
362,9
378,2
384,7
398,1
409,9
424,9
454,1
472,2
515,2
531,4
547,6
548,2
590,4
631,9
637,1
660,6
739,6
741,9
774,2
777,8
788,9
830,2
863,2
874,3
887,9
913,8
940,9
963,8
1018,0
1020,6
1087,5
1089,5
1101,8
1111,5
1112,9
1114,7
1158,3
1160,4
1177,9
1210,5
1287,1
1288,5
1331,1
1349,0
1352,9
1360,9
1405,1
1419,8
1453,8
1457,8
1507,9
1518,9
1525,7
1569,9
1580,4
1599,3
1623,9
1628,4
1630,4
1695,9
1696,1
1737,3
1743,9
1788,8
1816,1
1822,1
1826,9
1902,6
1930,0
1942,1
1961,5
1989,1
2003,4
2013,8
2014,7
2023,3
2074,3
2111,5
2119,9
2137,9
2141,9
2146,3
2223,7
2228,3
2238,7
2253,0
2256,4
2270,2
2274,9
2277,4
2286,3
2298,0
2321,9
2385,9
2386,7
2409,2
2410,1
2426,1
2465,9
2471,9
2499,2
2527,5
2534,2
2552,1
2570,6
2584,0
2617,0
2625,2
2653,7
2669,3
2708,1
2722,9
2730,1
2749,2
2758,5
2811,1
2812,2
2856,4
2877,2
2904,0
2916,5
2918,1
2929,7
2934,9
2950,7
2990,4
3004,1
3020,9
3045,1
3073,8
3079,7
3090,9
3121,9
3122,1
3171,3
3173,9
3198,0
3202,9
3238,9
3248,0
3261,4
3268,6
3271,5
3274,2
3279,8
3291,3
3292,9
3308,2
3323,3
3324,7
3341,2
3383,3
3402,3
3411,1
3412,1
3418,1
3444,2
3451,6
3464,1
3469,7
3551,1
3571,3
3586,6
3637,5
3649,9
3663,9
3674,3
3680,2
3684,3
3716,4
3725,1
3729,1
3771,1
3788,7
3796,9
3814,6
3820,6
3856,6
3874,9
3895,7
3897,1
3955,1
3970,9
3975,2
4002,0
4003,1
4049,1
4089,1
4098,9
4137,1
4146,4
4153,2
4171,5
4177,5
4189,7
4190,1
4208,2
4231,6
4314,6
4323,9
4336,4
4343,0
4371,2
4394,7
4420,1
4421,7
4423,4
4432,7
4457,2
4484,1
4526,6
4535,0
4543,3
4547,9
4558,5
4561,1
4605,6
4611,9
4618,7
4620,6
4708,1
4750,1
4763,1
4769,9
4796,4
4810,1
4868,3
4869,7
4952,4
4956,3
4966,3
4983,9
4996,3
4998,1
5023,1
5050,8
5062,9
5086,3
5097,3
5111,4
5114,1
5146,7
5179,6
5180,4
5182,7
5200,8
5217,4
5218,6
5236,2
5294,6
5317,0
5318,2
5332,3
5356,4
5372,8
5386,9
5413,6
5420,2
5442,3
5445,4
5456,5
5468,0
5501,9
5523,9
5524,6
5567,3
5569,7
5570,1
5643,1
5704,9
5712,5
5719,5
5728,3
5740,9
5751,2
5779,1
5797,9
5806,9
5818,7
5836,9
5844,0
5848,6
5866,5
5868,9
5875,3
5915,1
5926,3
5952,2
5956,6
5976,7
5988,2
5993,6
5999,9
6013,6
6039,2
6044,2
6052,1
6073,9
6075,1
6081,3
6120,4
6124,2
6126,2
6161,2
6168,2
6265,6
6269,3
6310,9
6320,0
6322,8
6323,4
6328,1
6329,4
6360,2
6380,1
6387,6
6474,6
6488,1
6526,6
6527,5
6530,1
6557,5
6581,6
6609,1
6620,8
6622,8
6625,9
6626,2
6647,1
6665,1
6734,9
6742,6
6748,1
6784,3
6791,0
6796,6
6803,8
6810,4
6829,5
6882,7
6886,9
6892,3
6918,9
6937,2
6962,8
6963,6
7062,0
7068,5
7079,2
7080,3
7102,6
7103,5
7119,1
7127,0
7130,0
7155,9
7160,1
7185,1
7203,0
7223,2
7235,5
7237,1
7275,1
7283,3
7316,8
7318,0
7353,2
7374,5
7391,0
7404,1
7412,3
7432,2
7444,5
7459,4
7469,1
7506,0
7533,1
7571,6
7584,3
7608,7
7633,2
7653,2
7676,9
7736,2
7752,1
7753,0
7755,9
7758,2
7767,3
7774,9
7782,2
7812,9
7843,4
7892,0
7903,4
7913,7
7925,0
7940,9
7968,6
7984,4
7993,1
7997,6
8040,1
8078,2
8085,9
8095,1
8199,9
8200,3
8251,2
8299,8
8307,5
8372,2
8393,9
8403,2
8405,3
8440,9
8454,6
8467,9
8473,2
8486,1
8490,2
8525,9
8542,1
8563,9
8588,1
8608,9
8609,2
8625,1
8634,4
8671,9
8688,6
8753,8
8810,2
8851,9
8864,2
8865,3
8878,2
8889,8
8896,0
8899,9
8945,5
8948,3
8949,7
8968,9
9002,9
9041,9
9049,6
9120,6
9135,2
9157,7
9180,3
9196,0
9202,6
9216,4
9218,2
9222,0
9231,2
9236,5
9251,1
9277,1
9282,4
9300,3
9304,9
9346,9
9373,7
9379,6
9390,9
9403,3
9411,3
9447,9
9449,2
9487,1
9492,1
9507,1
9555,9
9580,6
9612,3
9625,2
9650,8
9667,4
9680,3
9685,3
9693,1
9710,0
9750,0
9756,2
9786,3
9788,7
9804,1
9811,8
9833,7
9835,9
9852,8
9859,5
9864,3
9902,1
9912,2
9960,1
9988,7
9990,7
10009,2
10087,2
10108,6
10124,8
10130,2
10134,1
10156,1
10174,6
10181,7
10190,6
10242,0
10247,9
10249,9
10274,8
10285,1
10301,1
10302,7
10303,4
10311,4
10318,1
10345,1
10367,2
10405,3
10500,1
10527,3
10529,9
10567,2
10581,1
10590,7
10602,1
10603,2
10614,9
10645,0
10672,6
10711,8
10737,4
10756,3
10761,9
10787,3
10795,7
10798,5
10800,8
10805,2
10827,3
10833,6
10840,0
10863,1
10950,6
10955,9
10967,4
10983,1
10993,3
11021,3
11069,1
11099,7
11138,3
11156,1
11158,6
11160,8
11192,9
11205,1
11210,8
11223,9
11229,1
11234,3
11267,0
11282,6
11286,2
11311,8
11313,9
11319,2
11356,5
11371,1
11372,7
11439,1
11468,4
11509,1
11515,9
11543,1
11569,5
11571,6
11604,1
11627,4
11628,9
11645,3
11648,2
11658,4
11668,9
11671,1
11684,6
11714,3
11728,1
11755,3
11787,6
11791,0
11819,6
11857,1
11860,0
11866,6
11886,4
11905,6
11970,9
11980,5
12079,2
12089,3
12116,7
12155,6
12159,6
12173,8
12178,1
12182,8
12200,9
12205,0
12258,6
12322,4
12324,0
12327,4
12356,1
12365,1
12371,1
12389,9
12402,6
12411,6
12427,4
12429,9
12477,0
12493,8
12499,1
12528,6
12533,0
12635,0
12656,3
12674,9
12682,2
12725,1
12746,1
12754,7
12762,6
12805,1
12851,6
12853,6
12868,9
12946,9
12983,3
13040,5
13050,9
13087,6
13097,0
13109,3
13138,2
13143,4
13152,8
13224,6
13226,6
13231,0
13249,2
13295,2
13321,5
13334,1
13356,9
13364,6
13366,0
13405,7
13421,7
13435,9
13437,9
13470,1
13494,6
13519,3
13524,3
13555,7
13566,7
13665,7
13691,7
13702,6
13727,4
13743,2
13756,7
13866,8
13897,9
13906,3
13914,2
13935,3
13947,1
13964,6
13976,8
14000,1
14008,8
14042,9
14073,7
14088,7
14108,2
14123,1
14139,2
14211,8
14232,6
14312,1
14314,1
14319,0
14323,0
14330,6
14333,3
14343,2
14370,5
14372,6
14373,2
14399,6
14444,5
14464,1
14470,7
14523,2
14561,1
14641,6
14651,1
14661,6
14674,3
14681,9
14683,4
14698,1
14737,5
14741,7
14742,5
14762,9
14809,2
14837,2
14841,7
14848,6
14884,9
14890,0
14909,6
14912,6
14914,2
14941,8
14951,5
14954,7
14984,9
15001,1
15007,3
15042,0
15083,2
15169,0
15176,3
15178,5
15203,2
15208,0
15210,3
15231,1
15251,3
15276,7
15302,9
15326,9
15350,3
15396,1
15420,4
15446,9
15479,4
15489,9
15534,3
15539,1
15550,1
15560,9
15587,3
15590,0
15635,7
15649,1
15651,3
15666,9
15716,1
15734,0
15754,7
15755,9
15763,1
15774,3
15805,1
15821,4
15831,6
15852,4
15874,5
15888,1
15972,9
15990,3
15992,0
15994,2
16050,1
16108,2
16137,9
16161,6
16162,7
16254,1
16260,3
16361,2
16362,1
16368,1
16389,4
16403,2
16410,6
16411,3
16418,1
16530,3
16552,8
16576,2
16589,4
16592,5
16606,0
16607,0
16616,6
16665,1
16707,2
16711,7
16755,3
16762,8
16776,9
16792,6
16797,8
16817,0
16819,5
16821,6
16830,6
16854,9
16882,7
16906,1
16932,1
16943,1
16976,6
16992,9
17035,1
17038,3
17053,7
17084,8
17087,2
17096,8
17131,3
17133,0
17177,7
17188,2
17199,6
17225,1
17252,6
17274,3
17311,9
17312,5
17320,3
17389,3
17393,8
17479,0
17483,7
17524,6
17544,5
17586,1
17611,0
17622,9
17631,5
17636,6
17665,5
17697,2
17759,1
17778,3
17781,3
17793,9
17796,6
17807,7
17812,1
17851,2
17873,2
17890,5
17914,5
17989,9
17995,2
17997,3
18003,2
18013,1
18053,1
18090,5
18135,2
18137,0
18138,9
18158,2
18165,1
18174,1
18213,2
18215,2
18248,5
18294,4
18296,9
18334,8
18341,2
18345,4
18363,3
18374,9
18389,1
18440,5
18457,5
18458,9
18507,0
18509,0
18511,5
18514,2
18534,7
18558,9
18567,2
18584,3
18602,9
18611,6
18616,7
18656,1
18684,2
18707,1
18737,0
18738,9
18742,3
18781,1
18805,3
18813,9
18860,9
18887,8
18969,7
19035,5
19052,8
19066,6
19091,1
19151,6
19168,1
19190,9
19208,6
19209,0
19221,7
19236,5
19254,9
19285,3
19289,1
19316,6
19321,2
19339,1
19366,5
19402,2
19433,7
19436,5
19438,3
19443,2
19444,2
19475,8
19529,5
19549,3
19583,0
19597,9
19598,1
19612,0
19638,5
19687,9
19693,2
19694,2
19700,4
19713,3
19730,9
19747,9
19748,9
19788,6
19796,0
19816,1
19817,7
19825,5
19846,5
19859,0
19873,6
19885,9
19919,2
19950,3
19981,8
19988,8
19993,6
20047,1
20058,1
20094,1
20110,4
20118,4
20121,3
20185,5
20206,7
20208,4
20210,5
20212,1
20228,9
20235,9
20241,9
20263,1
20274,1
20285,3
20287,4
20309,2
20333,9
20344,3
20358,9
20366,9
20374,5
20384,1
20421,9
20444,9
20454,2
20473,2
20476,5
20483,0
20500,3
20513,9
20520,2
20522,2
20528,5
20544,3
20561,3
20567,9
20598,5
20608,0
20614,8
20647,6
20691,1
20740,7
20742,2
20780,3
20781,6
20819,8
20829,1
20830,9
20861,9
20862,2
20930,2
20965,3
21004,6
21032,9
21034,5
21040,9
21065,8
21072,9
21079,5
21080,3
21154,3
21200,1
21201,1
21288,1
21289,5
21301,1
21368,6
21374,4
21379,1
21446,1
21452,6
21475,8
21577,2
21612,0
21616,9
21624,7
21631,9
21635,0
21647,3
21666,7
21668,2
21695,3
21748,9
21750,2
21751,1
21777,4
21782,5
21800,0
21857,2
21867,4
21897,9
21917,2
21918,6
21964,1
21985,0
21993,3
21997,9
22007,7
22026,2
22032,3
22035,6
22044,2
22056,2
22081,9
22088,9
22093,1
22132,2
22146,2
22173,1
22187,2
22198,2
22199,2
22204,3
22212,6
22234,3
22282,6
22300,7
22322,3
22329,5
22355,4
22423,9
22436,0
22442,2
22455,1
22458,9
22466,1
22562,6
22605,0
22610,9
22624,2
22625,3
22655,9
22678,9
22679,5
22681,6
22687,9
22710,0
22715,3
22756,5
22769,2
22780,9
22792,2
22793,2
22819,5
22826,7
22831,1
22856,2
22857,0
22869,6
22870,7
22881,2
22945,2
22959,9
22963,3
23013,0
23058,2
23066,5
23088,0
23148,6
23158,5
23174,4
23177,2
23181,1
23226,5
23238,1
23268,2
23285,9
23286,4
23295,1
23312,5
23325,2
23357,3
23367,0
23480,9
23490,3
23559,1
23613,0
23632,5
23637,8
23661,7
23706,6
23709,0
23721,2
23725,5
23741,0
23743,9
23759,3
23760,7
23777,2
23778,3
23801,4
23813,0
23830,6
23883,7
23888,3
23921,1
23946,7
23953,1
24009,9
24013,1
24041,7
24060,2
24070,1
24090,1
24111,3
24122,1
24126,1
24135,1
24199,9
24211,9
24260,7
24276,0
24279,1
24280,7
24285,9
24319,9
24338,3
24352,1
24364,7
24376,1
24395,6
24400,3
24461,1
24467,2
24477,7
24478,9
24504,5
24512,3
24513,2
24522,6
24538,9
24570,2
24592,6
24607,4
24614,5
24617,1
24624,1
24639,7
24674,2
24709,7
24732,2
24764,6
24780,3
24794,2
24816,7
24836,2
24837,6
24856,0
24881,2
24900,1
24901,4
24924,1
24933,1
24940,0
24967,9
24989,3
24998,9
24999,9
25008,8
25017,2
25065,0
25089,2
25129,1
25138,2
25152,0
25189,1
25266,3
25271,6
25323,9
25326,8
25349,2
25351,6
25352,1
25357,5
25364,1
25409,3
25420,0
25431,3
25449,7
25473,1
25484,4
25488,4
25502,9
25521,5
25526,2
25571,2
25584,0
25614,6
25627,2
25637,9
25645,3
25669,5
25698,9
25704,1
25711,5
25712,9
25713,6
25719,1
25723,5
25733,7
25738,5
25740,3
25745,1
25768,3
25805,1
25810,9
25852,9
25902,2
25903,4
25917,6
25961,1
26002,1
26016,6
26037,5
26045,9
26053,3
26082,9
26120,2
26129,6
26238,1
26293,4
26316,9
26326,2
26335,1
26362,8
26380,9
26404,5
26424,9
26446,7
26451,5
26463,3
26486,9
26498,6
26528,7
26549,7
26575,7
26576,6
26585,2
26591,7
26676,5
26685,0
26698,1
26716,6
26737,8
26788,2
26828,9
26829,7
26838,7
26930,0
26970,9
26973,9
27020,1
27047,3
27053,5
27071,1
27101,6
27111,1
27114,0
27119,6
27123,1
27129,4
27164,9
27175,6
27237,9
27240,6
27295,9
27329,1
27354,1
27361,9
27386,8
27426,2
27446,0
27459,8
27471,5
27481,7
27505,6
27528,1
27530,6
27549,1
27556,6
27564,1
27588,4
27619,1
27661,9
27689,4
27693,1
27740,8
27779,9
27793,1
27815,9
27816,1
27853,7
27880,2
27897,2
27912,7
27924,1
27925,7
27934,6
27941,5
27990,0
27991,6
27992,6
28022,4
28048,5
28083,6
28087,9
28097,5
28108,0
28168,9
28192,9
28212,2
28250,1
28277,5
28313,9
28317,0
28325,0
28330,9
28349,1
28350,1
28356,5
28373,4
28387,1
28388,2
28420,1
28467,6
28484,1
28494,2
28500,4
28502,2
28521,1
28523,9
28524,1
28530,9
28533,2
28548,6
28550,7
28559,2
28612,0
28622,1
28644,6
28680,6
28685,2
28728,6
28730,7
28770,5
28781,7
28797,6
28805,6
28830,6
28831,1
28841,3
28863,4
28868,2
28898,6
28925,1
28967,6
28969,1
28971,0
29018,9
29033,1
29044,0
29098,1
29147,6
29196,4
29212,7
29236,9
29266,3
29270,3
29279,8
29294,3
29301,9
29306,8
29319,8
29322,9
29328,9
29331,6
29379,9
29397,9
29427,3
29454,6
29463,7
29480,1
29486,9
29489,6
29496,2
29500,2
29507,6
29566,4
29613,3
29642,3
29665,8
29666,1
29737,9
29743,9
29755,0
29762,7
29786,7
29804,5
29817,5
29826,7
29870,5
29905,9
29914,4
29927,1
29938,9
29968,1
29984,7
29985,0
29993,9
30022,9
30043,1
30110,9
30130,3
30143,1
30150,6
30176,1
30184,9
30186,4
30201,7
30212,0
30270,1
30313,7
30318,8
30344,2
30391,0
30393,5
30413,0
30428,7
30452,9
30476,5
30500,9
30537,9
30550,1
30581,8
30592,1
30604,7
30607,1
30611,3
30612,1
30623,9
30625,0
30634,2
30684,1
30711,1
30737,1
30778,9
30780,3
30784,6
30786,7
30811,2
30823,8
30832,2
30834,9
30845,9
30886,4
30919,8
30935,7
30950,6
30979,7
31017,1
31023,8
31025,4
31052,4
31056,2
31142,9
31186,5
31190,5
31204,6
31229,3
31262,9
31275,9
31286,1
31325,9
31336,9
31353,9
31400,9
31442,5
31443,9
31454,2
31480,9
31491,6
31506,2
31511,1
31534,1
31537,1
31544,3
31557,6
31566,9
31574,4
31575,0
31591,8
31609,2
31622,8
31624,9
31645,6
31647,1
31689,1
31693,9
31695,0
31696,2
31697,9
31701,1
31709,2
31724,3
31745,3
31783,9
31795,5
31813,2
31820,5
31823,2
31824,7
31831,3
31839,1
31841,9
31843,1
31845,8
31854,9
31862,1
31900,5
31902,7
31924,6
31946,5
31972,8
31973,2
31993,1
31997,7
32013,3
32031,3
32067,9
32085,1
32100,9
32119,6
32135,2
32142,2
32150,7
32174,7
32179,1
32180,6
32182,4
32187,1
32189,1
32235,9
32236,7
32255,6
32268,0
32305,6
32308,4
32334,1
32335,1
32410,9
32450,2
32482,1
32484,3
32497,7
32509,8
32528,1
32543,1
32559,1
32577,1
32610,3
32650,2
32663,3
32674,5
32695,2
32696,6
32705,1
32748,5
32771,9
32783,6
32785,0
32786,3
32842,1
32863,1
32873,7
32886,1
32887,1
32889,6
32934,2
32977,6
33067,7
33073,6
33106,4
33151,8
33167,6
33199,9
33216,5
33222,5
33249,9
33250,2
33259,1
33281,2
33287,7
33316,3
33321,5
33325,8
33369,1
33385,1
33428,1
33469,2
33501,0
33507,3
33529,3
33592,9
33600,1
33603,5
33623,1
33675,1
33716,2
33725,1
33740,4
33762,9
33766,8
33772,3
33775,2
33794,6
33817,3
33850,1
33885,7
33911,3
33929,6
33944,9
33980,6
33996,7
34006,3
34059,6
34063,9
34070,0
34080,1
34088,7
34129,2
34132,7
34195,9
34224,9
34261,1
34274,5
34292,9
34319,8
34345,0
34390,3
34467,1
34531,1
34535,6
34555,0
34584,5
34630,3
34650,2
34676,7
34691,8
34704,7
34723,1
34729,9
34739,9
34759,1
34838,9
34842,8
34858,5
34860,4
34909,7
34924,6
34937,1
34964,2
34985,0
35000,1
35001,1
35014,2
35024,9
35054,9
35065,9
35073,3
35084,9
35088,8
35111,2
35146,6
35149,1
35179,4
35224,5
35238,6
35287,5
35298,2
35305,6
35345,1
35352,1
35376,3
35386,1
35407,3
35410,2
35422,3
35489,2
35508,1
35510,2
35517,6
35536,0
35610,3
35613,3
35679,2
35729,6
35767,8
35770,2
35826,1
35853,0
35892,9
35922,3
35926,4
35944,3
35962,6
35971,0
35999,0
36006,2
36016,2
36030,1
36043,9
36063,6
36072,2
36074,9
36117,1
36141,1
36150,7
36162,9
36164,1
36214,5
36308,6
36309,5
36311,2
36345,7
36348,9
36369,9
36374,2
36421,3
36422,1
36465,7
36475,2
36484,0
36520,1
36603,7
36609,5
36682,1
36692,0
36704,2
36709,3
36718,2
36720,9
36746,6
36748,7
36756,5
36777,9
36778,1
36809,0
36852,3
36863,9
36877,4
36908,1
36947,1
36973,9
37001,7
37003,6
37020,2
37046,9
37050,6
37102,1
37166,3
37170,8
37204,3
37211,9
37218,6
37219,8
37274,2
37276,5
37288,7
37289,1
37310,6
37316,8
37343,1
37348,7
37395,4
37401,6
37404,3
37424,9
37426,2
37469,2
37473,8
37505,4
37526,2
37529,0
37538,9
37543,0
37566,3
37575,9
37578,3
37586,9
37589,5
37614,1
37622,3
37677,0
37678,0
37687,4
37693,7
37696,2
37706,7
37707,6
37711,3
37748,9
37763,2
37802,1
37824,9
37825,2
37829,6
37860,3
37902,0
37953,0
37959,3
37972,1
38015,7
38024,2
38039,1
38049,3
38057,0
38062,0
38069,8
38083,3
38129,3
38141,1
38171,2
38190,6
38197,2
38198,0
38226,1
38233,9
38239,3
38250,5
38281,3
38315,0
38353,9
38354,2
38372,4
38384,1
38398,1
38402,4
38403,2
38405,8
38431,6
38438,2
38456,9
38470,9
38487,1
38499,1
38512,5
38530,2
38536,3
38616,4
38665,2
38676,6
38687,3
38715,2
38752,3
38845,1
38856,6
38872,4
38918,1
38939,0
38991,3
38998,3
39016,9
39030,9
39043,6
39059,2
39064,9
39067,6
39072,1
39095,1
39115,0
39121,6
39134,9
39139,9
39157,1
39162,2
39176,5
39186,4
39192,9
39196,1
39213,0
39222,3
39225,5
39235,3
39288,1
39309,0
39327,3
39356,6
39357,7
39359,3
39387,7
39395,8
39399,7
39401,7
39406,6
39444,1
39458,4
39472,9
39477,7
39479,8
39486,4
39488,2
39529,4
39538,9
39554,1
39569,9
39570,0
39576,9
39591,3
39599,8
39619,3
39674,4
39679,6
39693,8
39714,0
39716,1
39754,9
39829,9
39848,0
39855,3
39889,9
39907,3
39914,2
39936,1
39975,0
39977,1
39985,5
40032,5
40074,0
40077,7
40111,8
40142,1
40152,2
40162,0
40170,7
40185,3
40223,3
40224,4
40263,1
40270,9
40317,9
40335,0
40380,1
40393,5
40425,2
40448,9
40462,3
40467,8
40468,1
40484,6
40509,1
40516,1
40518,5
40546,5
40563,0
40574,3
40575,3
40578,3
40582,0
40635,1
40708,8
40729,7
40744,1
40783,7
40785,6
40786,9
40792,8
40808,8
40810,7
40822,7
40823,1
40845,6
40851,2
40855,9
40859,0
40887,5
40900,2
40909,1
40921,1
40949,2
40954,1
40955,4
40971,1
40981,8
41024,7
41032,5
41034,8
41042,9
41057,8
41090,1
41096,4
41103,1
41124,8
41165,3
41211,0
41214,6
41227,9
41234,2
41249,1
41274,9
41287,3
41332,1
41358,0
41383,0
41400,6
41403,9
41414,7
41433,9
41477,6
41495,8
41518,1
41540,2
41567,1
41581,2
41587,5
41591,1
41687,2
41698,7
41699,8
41735,6
41740,3
41751,8
41772,5
41797,6
41927,0
41937,2
42005,0
42026,1
42028,1
42035,9
42051,8
42086,9
42104,8
42115,2
42118,9
42137,3
42176,1
42218,8
42247,6
42293,9
42297,8
42315,9
42400,9
42416,7
42418,7
42450,6
42471,4
42486,1
42505,3
42516,9
42575,8
42577,9
42601,1
42604,5
42620,4
42626,5
42633,2
42642,9
42643,9
42667,6
42688,8
42690,1
42716,1
42743,9
42759,0
42775,3
42790,7
42820,8
42830,2
42831,7
42856,6
42868,8
42905,6
42973,4
42985,0
43011,0
43017,1
43077,2
43088,0
43110,8
43118,1
43174,9
43177,6
43185,9
43193,9
43207,9
43222,7
43237,9
43238,7
43240,2
43245,5
43286,1
43291,4
43315,1
43316,1
43350,1
43361,7
43393,3
43417,3
43435,3
43475,3
43547,2
43556,0
43585,5
43597,2
43677,3
43683,2
43689,2
43694,6
43715,1
43766,5
43806,2
43828,8
43838,5
43862,9
43957,5
43964,2
43976,0
43991,3
43992,9
44002,8
44018,5
44040,0
44076,0
44104,9
44108,1
44133,2
44136,1
44142,3
44145,7
44158,1
44165,5
44176,8
44188,3
44193,3
44291,4
44302,2
44318,6
44328,9
44349,3
44369,1
44378,7
44382,6
44388,3
44428,6
44429,9
44433,8
44445,0
44470,7
44475,2
44482,1
44538,7
44581,4
44585,2
44591,2
44607,9
44614,0
44629,0
44656,0
44661,1
44707,2
44711,4
44718,2
44730,0
44741,9
44753,5
44767,2
44804,5
44851,9
44856,1
44885,4
44917,0
44971,7
44988,1
45007,9
45042,0
45047,2
45071,9
45072,5
45074,9
45082,8
45096,2
45098,8
45099,2
45103,8
45104,6
45105,1
45114,7
45129,0
45133,2
45154,6
45155,5
45167,1
45172,4
45209,6
45213,4
45231,4
45250,5
45255,0
45265,6
45268,2
45312,3
45339,4
45355,9
45369,9
45400,3
45403,1
45425,6
45439,2
45484,2
45503,0
45516,1
45530,7
45533,7
45549,6
45569,6
45587,9
45591,5
45618,7
45624,5
45662,2
45694,9
45713,6
45725,2
45731,5
45741,0
45750,6
45782,1
45837,0
45850,3
45854,3
45856,6
45905,0
45950,4
45958,2
46053,7
46056,2
46096,6
46149,5
46221,3
46225,1
46239,2
46254,1
46255,9
46257,4
46271,9
46293,2
46299,8
46322,5
46331,5
46332,0
46378,5
46422,7
46434,1
46440,6
46489,5
46518,1
46522,5
46578,9
46659,9
46673,7
46683,0
46742,9
46760,2
46767,8
46771,7
46789,8
46798,4
46850,1
46892,0
46899,3
46900,3
46911,3
46920,4
46922,4
46938,7
46971,3
46978,2
47015,7
47023,2
47035,1
47063,1
47192,3
47244,9
47245,3
47247,0
47262,7
47269,6
47275,0
47296,5
47302,2
47312,8
47349,7
47374,7
47384,1
47424,3
47430,6
47433,5
47435,1
47443,2
47453,7
47519,3
47523,4
47524,6
47540,9
47547,9
47554,5
47578,2
47603,2
47607,4
47618,3
47619,0
47622,5
47637,9
47640,7
47648,8
47671,9
47675,8
47679,9
47683,5
47699,6
47703,9
47716,0
47721,1
47729,1
47767,2
47776,1
47787,2
47841,3
47849,7
47885,9
47935,1
47938,5
47947,1
47985,1
47986,1
48024,1
48155,8
48203,8
48213,3
48234,9
48246,2
48261,1
48273,1
48307,5
48311,3
48349,2
48364,0
48388,9
48427,6
48454,1
48457,9
48481,1
48493,6
48502,2
48517,1
48537,1
48617,8
48628,3
48645,1
48689,6
48692,6
48704,8
48725,3
48770,3
48771,9
48783,3
48785,4
48795,9
48866,7
48871,1
48887,2
48892,4
48924,9
48949,1
48993,1
49020,3
49050,4
49051,8
49073,8
49100,5
49105,4
49135,3
49140,5
49144,4
49157,3
49165,8
49177,9
49188,3
49189,2
49206,4
49220,0
49230,3
49264,2
49303,8
49304,0
49345,4
49358,9
49385,7
49392,1
49402,5
49406,3
49454,2
49471,0
49481,5
49489,9
49507,7
49522,8
49535,0
49610,1
49623,1
49662,7
49666,7
49695,0
49699,6
49703,9
49752,9
49776,2
49784,5
49798,9
49802,6
49813,3
49860,1
49864,3
49895,5
49900,6
49912,3
49925,9
49968,3
50078,9
50088,9
50103,1
50104,6
50119,9
50173,5
50189,4
50221,2
50247,2
50256,0
50265,3
50268,8
50285,9
50295,2
50297,3
50301,5
50310,0
50322,5
50329,9
50359,7
50404,1
50413,8
50415,6
50420,5
50450,4
50481,3
50493,1
50500,3
50521,2
50553,7
50558,9
50570,5
50576,2
50589,1
50654,0
50666,6
50668,7
50692,8
50705,2
50718,5
50731,1
50764,5
50812,2
50817,6
50829,1
50840,2
50845,9
50867,9
50873,8
50881,5
50909,0
50915,3
50925,8
50941,6
50943,7
50963,7
50991,2
50997,9
51010,1
51022,9
51032,9
51035,1
51049,4
51070,7
51080,7
51089,6
51108,0
51240,9
51251,5
51262,2
51278,5
51283,5
51291,8
51311,6
51334,9
51335,7
51363,7
51381,3
51397,1
51399,2
51400,6
51429,7
51439,1
51466,0
51497,6
51512,9
51521,9
51534,3
51546,0
51553,5
51561,3
51707,7
51716,9
51719,2
51720,8
51724,1
51730,9
51766,7
51825,7
51863,9
51892,0
51896,3
51919,9
51922,2
51936,1
51949,1
51974,7
51988,7
52042,1
52056,1
52093,9
52141,6
52146,7
52148,9
52162,7
52170,5
52223,1
52234,1
52272,3
52350,3
52367,9
52373,2
52382,1
52444,1
52449,0
52451,1
52461,6
52510,9
52511,8
52514,6
52531,1
52545,3
52613,0
52622,1
52628,0
52641,6
52656,2
52713,3
52771,3
52788,6
52818,3
52835,2
52845,9
52850,1
52859,6
52870,5
52878,1
52882,1
52903,9
52911,7
52953,2
52960,7
52973,4
52978,0
53014,0
53020,9
53026,2
53035,3
53046,5
53065,8
53154,9
53162,1
53173,0
53187,1
53196,9
53199,1
53204,9
53208,8
53232,7
53248,8
53269,2
53351,1
53367,2
53369,9
53370,9
53398,6
53402,3
53415,7
53419,3
53443,5
53447,3
53511,9
53525,7
53561,9
53577,1
53627,1
53636,8
53656,2
53662,1
53680,9
53700,9
53716,3
53722,3
53723,9
53804,1
53821,9
53825,2
53843,7
53849,1
53903,3
53911,7
53918,6
54025,2
54033,2
54059,1
54066,7
54078,2
54090,2
54127,3
54139,9
54153,6
54168,2
54175,4
54191,3
54203,5
54218,7
54253,7
54264,4
54267,7
54299,2
54303,0
54397,3
54398,3
54418,1
54453,7
54471,8
54487,3
54499,3
54512,0
54526,3
54533,1
54545,2
54561,7
54574,2
54624,8
54632,7
54647,9
54681,7
54684,8
54693,1
54698,9
54716,1
54730,3
54732,7
54752,1
54764,0
54773,1
54775,1
54786,1
54788,6
54817,0
54841,6
54853,0
54947,1
54957,7
55036,1
55041,7
55066,6
55123,6
55142,1
55144,3
55151,3
55164,5
55176,2
55191,4
55209,2
55217,0
55255,6
55263,8
55267,1
55292,3
55308,2
55318,4
55331,8
55336,3
55341,3
55369,9
55380,1
55442,5
55473,9
55507,2
55525,2
55539,9
55563,9
55567,1
55574,1
55578,8
55632,8
55635,1
55707,1
55735,7
55751,3
55757,6
55775,5
55784,1
55787,1
55811,8
55814,9
55855,1
55880,8
55906,2
55919,2
55928,7
55949,9
55956,6
55978,9
55983,4
56013,5
56045,5
56155,5
56163,0
56166,9
56168,2
56174,0
56184,4
56190,4
56230,9
56248,0
56261,1
56280,4
56291,1
56298,2
56318,0
56322,8
56340,2
56353,0
56367,1
56368,5
56371,5
56451,7
56456,1
56480,9
56490,1
56503,7
56504,3
56508,2
56527,9
56541,1
56560,8
56569,2
56596,4
56624,3
56643,2
56652,7
56700,4
56704,0
56736,6
56759,2
56774,9
56779,1
56792,9
56818,4
56828,7
56831,1
56849,3
56917,2
56944,9
56970,4
56991,1
57008,9
57018,9
57041,0
57042,8
57060,8
57089,6
57145,9
57246,9
57259,9
57372,7
57383,5
57417,4
57435,0
57439,2
57446,2
57454,1
57456,6
57462,5
57492,3
57507,0
57533,3
57535,7
57612,3
57624,2
57663,7
57768,5
57771,3
57778,1
57866,7
57910,2
57914,3
57922,8
57927,7
57941,3
57949,7
57953,2
57970,7
58033,1
58056,1
58065,3
58099,7
58117,5
58182,2
58183,3
58203,1
58243,9
58244,2
58253,1
58267,2
58288,3
58401,9
58405,8
58411,3
58424,8
58454,0
58459,1
58481,1
58537,5
58578,6
58588,1
58596,9
58629,6
58632,5
58665,0
58710,2
58711,3
58726,0
58861,0
58885,7
58904,6
58913,1
58922,6
58980,4
59016,3
59022,5
59032,6
59049,8
59091,5
59094,2
59116,1
59141,6
59180,5
59215,8
59228,3
59229,3
59249,0
59274,8
59308,3
59340,8
59341,9
59343,8
59344,9
59357,4
59362,9
59371,9
59457,0
59479,2
59482,5
59496,9
59502,5
59525,5
59532,9
59562,9
59579,2
59588,3
59593,8
59599,4
59600,5
59644,9
59677,2
59702,6
59712,0
59724,7
59738,1
59796,1
59825,3
59837,8
59866,6
59888,9
59890,9
59927,9
59937,7
59964,3
59970,2
59980,3
59990,9
