63,0
81,0
102,1
193,7
198,3
212,7
260,0
263,7
304,9
331,6
362,9
372,4
488,6
506,6
536,6
537,5
576,4
594,8
634,7
641,9
678,1
686,7
690,5
708,8
728,7
753,7
754,4
759,6
765,1
795,7
804,4
825,0
826,9
839,7
865,8
881,6
882,4
889,0
938,2
955,6
984,0
997,0
1054,7
1086,8
1115,1
1118,1
1133,4
1185,3
1190,6
1224,6
1261,4
1282,9
1310,0
1324,5
1325,5
1370,9
1376,7
1387,0
1389,6
1423,0
1431,4
1437,7
1444,2
1453,8
1454,0
1531,2
1539,2
1581,3
1587,5
1592,5
1662,2
1686,6
1719,7
1759,8
1823,2
1868,0
1873,8
1894,2
1908,3
1912,9
1919,7
1930,0
2018,7
2019,2
2041,9
2057,8
2058,0
2065,2
2099,9
2119,9
2121,0
2139,8
2156,6
2237,8
2253,0
2261,2
2274,9
2283,2
2297,7
2332,2
2357,2
2372,6
2374,1
2403,0
2425,8
2455,7
2470,6
2471,9
2498,6
2520,4
2522,7
2526,0
2549,5
2566,5
2584,0
2586,0
2601,2
2635,6
2644,6
2653,7
2686,4
2759,7
2764,9
2783,2
2787,9
2817,0
2824,2
2926,3
2941,3
2951,8
2971,8
2989,9
3010,7
3019,1
3048,3
3056,4
3060,7
3072,4
3074,4
3079,7
3095,9
3109,6
3141,5
3151,7
3152,8
3153,8
3188,5
3195,0
3197,1
3207,6
3209,7
3222,4
3236,7
3273,8
3276,7
3296,9
3310,9
3313,2
3336,3
3339,2
3341,2
3351,4
3363,6
3389,9
3395,2
3407,8
3428,7
3442,7
3443,0
3444,2
3447,9
3450,4
3453,5
3467,5
3507,7
3514,0
3522,7
3566,9
3588,9
3594,9
3608,4
3627,2
3654,6
3685,5
3697,4
3703,1
3777,0
3890,2
3928,8
3955,1
3957,4
3985,6
3994,6
4044,0
4049,1
4055,4
4086,2
4139,8
4151,8
4152,1
4156,3
4174,4
4192,5
4193,1
4198,6
4200,7
4230,2
4246,3
4262,3
4293,2
4315,9
4320,9
4340,0
4345,9
4365,6
4401,2
4405,1
4430,6
4446,2
4460,4
4474,2
4621,8
4629,0
4640,6
4653,0
4664,2
4665,5
4675,8
4738,0
4747,9
4751,1
4772,1
4806,7
4864,3
4916,9
4925,7
4926,0
4947,8
4966,3
4986,2
4990,6
5014,7
5044,9
5080,3
5081,5
5155,4
5182,7
5206,7
5218,6
5269,7
5292,5
5308,7
5309,5
5314,2
5340,0
5362,9
5367,7
5443,1
5450,4
5467,3
5501,9
5526,5
5550,5
5556,6
5576,6
5609,8
5624,2
5625,8
5629,6
5639,4
5640,3
5664,9
5673,4
5690,0
5693,6
5700,2
5760,1
5782,6
5803,9
5822,4
5917,8
5927,0
5948,6
5958,3
5985,2
6070,1
6096,5
6121,9
6134,7
6148,3
6158,8
6159,6
6166,9
6190,2
6275,8
6278,7
6283,4
6306,9
6357,0
6391,2
6403,7
6429,4
6442,2
6485,7
6513,5
6536,4
6568,1
6569,5
6620,8
6621,4
6636,5
6639,2
6645,0
6672,4
6673,6
6679,9
6720,6
6724,4
6741,9
6749,5
6769,9
6794,4
6818,7
6832,0
6843,7
6883,0
6902,7
6917,0
6921,2
6944,2
6952,8
6965,7
6990,4
7000,8
7002,4
7003,0
7014,2
7023,9
7028,7
7047,5
7048,8
7061,9
7068,5
7088,2
7132,3
7149,1
7169,1
7186,4
7195,6
7254,0
7271,0
7301,7
7346,5
7384,7
7391,0
7399,4
7410,1
7429,1
7447,9
7454,1
7461,8
7464,4
7492,9
7572,1
7595,5
7601,2
7640,5
7641,6
7663,7
7695,2
7707,0
7744,6
7786,0
7795,7
7814,8
7862,3
7863,4
7875,0
7902,5
7905,0
7906,7
7909,8
7916,2
7922,9
7924,8
7927,5
7931,7
7946,9
7954,0
7957,6
7962,5
8028,0
8029,8
8049,7
8073,9
8117,4
8118,8
8134,0
8138,7
8159,0
8196,7
8207,4
8231,9
8243,4
8266,4
8293,2
8308,9
8326,6
8358,9
8379,1
8394,1
8396,7
8412,4
8422,1
8461,6
8463,7
8476,7
8497,6
8501,8
8507,8
8514,9
8523,6
8552,2
8585,9
8596,7
8599,2
8641,9
8646,5
8654,9
8659,8
8677,4
8723,0
8745,9
8751,9
8756,3
8777,6
8780,8
8791,7
8802,9
8804,7
8832,4
8848,6
8850,6
8864,2
8875,4
8877,0
8892,8
8900,5
8926,0
8941,3
8943,4
8945,5
8950,4
9018,0
9091,4
9095,6
9125,8
9137,4
9172,4
9218,2
9219,8
9225,9
9235,7
9255,3
9256,1
9258,2
9283,7
9284,2
9290,9
9291,5
9358,8
9371,2
9426,7
9447,9
9456,0
9532,9
9534,6
9582,7
9595,4
9652,5
9665,7
9712,2
9725,2
9762,8
9788,7
9804,1
9815,1
9835,9
9857,0
9880,4
9883,4
9893,9
9966,0
9991,3
9999,7
10023,9
10044,6
10087,2
10091,3
10110,1
10137,3
10146,5
10149,6
10154,7
10170,7
10179,7
10190,6
10209,4
10215,7
10217,8
10272,0
10327,2
10333,5
10367,2
10377,7
10379,8
10398,8
10439,0
10444,8
10447,8
10472,2
10492,5
10501,9
10511,3
10525,4
10543,5
10563,0
10588,9
10631,4
10637,7
10639,4
10653,5
10660,9
10701,5
10714,2
10770,5
10786,6
10790,6
10860,9
10927,8
10999,2
11017,2
11029,0
11030,2
11121,8
11151,9
11183,6
11192,9
11198,5
11201,3
11213,8
11251,2
11259,3
11261,6
11262,1
11310,5
11315,0
11344,2
11373,9
11396,5
11422,0
11430,7
11433,1
11457,8
11465,9
11477,5
11486,5
11507,5
11518,1
11525,7
11560,2
11594,7
11632,2
11664,7
11679,1
11767,4
11784,6
11814,9
11847,9
11850,5
11865,2
11872,8
11904,8
11913,4
11936,5
11960,3
11984,8
11986,4
11992,9
11997,2
11999,3
12002,6
12012,3
12050,9
12060,1
12064,4
12077,4
12079,2
12095,0
12114,6
12165,7
12197,4
12247,4
12262,6
12293,7
12311,2
12331,5
12353,8
12372,2
12373,7
12385,2
12415,1
12425,9
12448,6
12459,1
12480,6
12485,4
12487,5
12493,8
12511,7
12518,6
12539,1
12551,2
12556,1
12598,2
12599,7
12618,4
12619,8
12635,0
12637,5
12685,6
12692,5
12735,6
12736,5
12748,0
12755,4
12779,4
12806,7
12858,2
12878,1
12907,0
12954,2
13003,1
13014,8
13035,6
13064,7
13066,0
13081,0
13110,3
13129,1
13139,2
13166,7
13176,8
13200,2
13210,6
13215,0
13237,5
13253,5
13274,8
13314,0
13359,9
13375,6
13379,1
13446,4
13452,2
13454,0
13482,7
13485,8
13506,2
13516,3
13525,2
13534,7
13536,6
13543,3
13570,7
13574,1
13592,8
13624,2
13666,9
13676,3
13690,2
13696,6
13727,4
13751,0
13755,7
13790,1
13794,7
13830,0
13841,4
13847,7
13851,9
13868,4
13885,8
13899,8
13908,4
13931,3
13952,2
13960,8
13963,7
13992,1
14000,1
14007,2
14014,8
14027,4
14056,1
14096,5
14145,7
14148,0
14150,5
14167,6
14195,5
14202,0
14210,3
14211,8
14215,2
14222,9
14224,1
14256,6
14264,2
14289,9
14297,3
14304,8
14321,1
14325,0
14348,7
14395,7
14437,6
14518,0
14526,6
14530,0
14532,7
14554,9
14662,9
14671,6
14673,5
14702,2
14719,7
14728,8
14762,9
14779,8
14787,9
14885,4
14915,9
14921,6
14931,9
14938,2
14949,0
14966,4
14970,5
15033,8
15047,6
15057,2
15080,3
15085,5
15093,2
15120,0
15138,1
15151,9
15162,9
15170,9
15179,4
15221,8
15225,8
15254,7
15312,9
15328,2
15344,0
15347,4
15398,5
15407,0
15429,4
15433,9
15450,6
15457,2
15534,3
15540,3
15558,5
15600,0
15601,9
15613,4
15620,6
15633,1
15662,0
15674,6
15679,2
15721,7
15729,4
15750,7
15771,5
15776,1
15783,4
15794,5
15806,6
15807,8
15808,7
15866,4
15876,4
15917,2
15943,4
15988,8
15994,2
16002,6
16042,8
16051,4
16071,3
16077,6
16085,0
16101,8
16105,0
16109,2
16135,8
16137,9
16215,5
16218,1
16246,8
16247,7
16249,3
16260,3
16274,8
16329,3
16343,7
16350,9
16354,0
16369,7
16397,4
16399,4
16440,8
16465,8
16514,7
16559,8
16586,5
16589,4
16593,4
16604,6
16609,7
16629,5
16635,9
16687,7
16722,1
16738,4
16747,6
16772,2
16776,9
16820,8
16826,8
16860,8
16861,3
16864,8
16877,9
16900,3
16931,5
16936,6
16948,2
16967,9
16983,1
16994,8
17002,9
17037,3
17052,2
17054,7
17074,4
17098,6
17106,0
17115,2
17135,1
17198,4
17215,4
17219,5
17272,2
17273,6
17300,4
17323,9
17337,1
17361,8
17384,9
17401,6
17440,7
17453,5
17455,9
17480,2
17525,7
17574,3
17585,0
17602,8
17604,4
17627,1
17689,9
17692,9
17713,2
17720,9
17730,4
17773,6
17817,9
17908,3
17944,4
17950,8
17957,8
17976,4
18001,3
18050,1
18091,9
18123,5
18135,2
18175,9
18181,6
18189,5
18195,8
18214,8
18215,2
18221,6
18224,2
18230,2
18264,2
18273,0
18277,9
18279,4
18314,1
18316,1
18317,8
18338,8
18361,2
18366,5
18388,6
18401,9
18406,8
18428,6
18437,9
18450,8
18462,0
18510,9
18542,3
18554,9
18667,6
18689,8
18693,2
18694,9
18698,9
18732,6
18746,9
18771,6
18816,7
18838,6
18902,8
18908,6
18930,2
18947,5
18956,6
18988,4
18992,3
18995,2
18996,9
19078,5
19094,1
19122,1
19131,8
19143,9
19196,6
19197,6
19275,8
19294,4
19296,2
19315,9
19336,2
19339,1
19356,6
19391,2
19395,9
19400,1
19416,7
19485,0
19515,9
19530,6
19532,6
19540,8
19545,2
19569,2
19605,8
19638,5
19683,7
19714,0
19754,6
19757,9
19774,0
19809,7
19813,4
19858,5
19861,0
19877,8
19939,2
19976,3
19988,8
20024,8
20050,9
20052,1
20104,6
20110,4
20154,6
20158,7
20168,6
20251,4
20263,1
20272,6
20292,0
20315,8
20319,1
20328,8
20358,9
20402,9
20427,1
20428,5
20447,4
20483,0
20486,6
20487,0
20498,7
20505,9
20514,2
20516,8
20539,8
20546,9
20586,5
20637,6
20641,9
20682,6
20684,9
20685,3
20690,8
20718,5
20758,8
20771,8
20780,3
20826,9
20831,2
20836,4
20867,2
20915,9
20957,6
20978,6
20986,8
21023,2
21066,0
21105,8
21133,7
21138,9
21159,7
21182,3
21189,8
21204,5
21236,7
21259,5
21265,7
21267,9
21309,5
21330,2
21375,8
21408,8
21411,6
21418,6
21423,9
21446,1
21459,7
21500,4
21508,0
21540,9
21546,0
21568,1
21593,8
21595,9
21607,3
21608,0
21619,4
21633,2
21645,9
21646,9
21666,7
21670,2
21688,8
21715,1
21769,0
21774,9
21778,8
21797,4
21808,6
21813,2
21817,4
21820,5
21821,6
21825,8
21827,9
21840,9
21852,2
21855,8
21871,7
21872,9
21918,6
21919,5
21925,8
21928,1
21939,3
21940,4
22005,7
22015,5
22016,7
22036,2
22055,6
22062,2
22075,6
22086,9
22108,9
22111,0
22136,8
22138,4
22171,7
22177,2
22181,7
22232,2
22233,4
22264,5
22272,5
22281,8
22286,8
22374,3
22399,7
22411,2
22440,0
22444,0
22470,5
22482,4
22494,8
22541,5
22563,4
22596,0
22658,0
22672,9
22692,9
22698,6
22701,2
22731,2
22750,4
22758,6
22772,9
22802,5
22806,6
22835,3
22860,0
22861,2
22889,6
22898,9
22901,2
22912,0
22957,3
22960,4
22982,6
23012,1
23073,6
23141,7
23179,6
23220,7
23224,9
23228,6
23263,8
23283,7
23289,0
23340,1
23379,6
23406,4
23414,8
23577,6
23579,0
23605,8
23623,4
23640,5
23652,2
23666,7
23668,5
23680,8
23687,6
23718,2
23723,9
23786,0
23793,0
23796,3
23830,6
23831,8
23854,1
23870,5
23916,2
23918,5
23926,0
23939,3
23966,8
24049,7
24058,6
24072,0
24085,0
24212,0
24241,8
24295,4
24336,3
24340,4
24364,7
24374,5
24391,4
24405,1
24411,6
24414,3
24462,2
24489,9
24522,6
24534,8
24537,0
24596,9
24613,9
24622,6
24643,9
24654,8
24664,8
24689,0
24696,0
24698,0
24700,7
24701,9
24715,0
24724,2
24752,2
24764,6
24772,3
24794,2
24796,2
24846,0
24916,9
24948,6
24955,6
24958,1
25025,5
25040,3
25046,9
25072,8
25077,6
25089,2
25115,7
25117,8
25119,9
25128,7
25133,7
25158,5
25172,3
25194,4
25200,7
25204,6
25229,7
25237,9
25238,2
25257,3
25280,9
25290,0
25317,6
25324,1
25360,8
25409,3
25411,5
25433,0
25437,2
25444,7
25461,0
25472,9
25497,0
25500,7
25519,2
25522,7
25526,2
25542,0
25543,7
25550,4
25602,4
25638,6
25639,7
25663,2
25665,6
25683,2
25697,1
25705,7
25712,9
25718,2
25729,0
25731,8
25771,6
25800,1
25806,7
25831,4
25873,8
25904,7
25907,2
25909,9
25920,2
25938,4
25957,0
25958,5
25974,2
25975,8
25978,0
26060,9
26065,6
26108,9
26116,9
26141,7
26155,9
26162,7
26169,7
26176,0
26193,4
26202,1
26231,8
26233,9
26276,9
26292,0
26379,8
26417,7
26426,9
26429,1
26469,6
26480,4
26482,6
26528,7
26568,7
26621,5
26640,9
26702,3
26710,3
26776,8
26802,1
26806,9
26835,1
26837,9
26915,6
26936,8
26944,1
26994,2
26996,8
27021,6
27024,8
27065,5
27139,5
27175,6
27194,7
27218,4
27233,2
27248,3
27275,6
27338,6
27376,2
27379,7
27410,1
27464,2
27477,0
27482,5
27503,2
27518,3
27545,8
27563,8
27566,9
27588,4
27613,8
27749,0
27768,2
27774,9
27810,2
27811,0
27826,4
27834,2
27838,3
27841,0
27855,1
27871,1
27959,4
27960,3
28024,0
28082,7
28084,6
28094,1
28111,3
28142,6
28179,7
28199,3
28221,0
28224,3
28251,6
28261,5
28309,7
28339,6
28351,8
28433,8
28467,6
28478,5
28523,9
28592,9
28593,0
28597,9
28643,8
28652,4
28670,7
28677,9
28681,1
28689,9
28739,8
28741,6
28782,8
28787,2
28788,8
28801,2
28860,4
28880,7
28932,2
28950,2
29046,4
29057,1
29074,0
29084,9
29113,9
29124,9
29139,8
29158,3
29176,2
29178,8
29182,3
29193,4
29197,5
29213,9
29260,1
29268,5
29282,7
29284,1
29319,8
29320,1
29325,7
29370,6
29393,8
29416,1
29516,7
29550,4
29577,4
29601,8
29619,2
29678,8
29713,0
29717,2
29767,4
29781,5
29782,8
29812,1
29819,2
29900,7
29908,7
29918,0
29957,1
29979,8
30015,7
30022,9
30028,5
30037,0
30045,6
30055,2
30087,0
30163,0
30166,7
30183,3
30196,0
30213,3
30236,8
30290,7
30295,6
30300,0
30355,2
30358,9
30373,0
30399,5
30437,9
30444,6
30474,6
30486,1
30499,5
30531,7
30546,8
30590,4
30596,2
30607,1
30610,7
30615,5
30640,2
30658,4
30688,8
30714,5
30755,6
30765,4
30767,7
30773,4
30781,8
30799,6
30815,4
30832,2
30840,2
30841,7
30842,5
30878,6
30894,1
30907,3
30942,9
30976,2
31014,8
31016,2
31020,0
31024,2
31041,9
31064,7
31092,2
31096,2
31110,6
31128,9
31168,8
31183,3
31199,0
31204,6
31213,9
31234,0
31252,5
31262,9
31307,1
31314,0
31376,9
31391,7
31396,7
31401,2
31426,9
31473,5
31507,8
31525,8
31538,3
31554,5
31575,0
31607,8
31612,6
31613,6
31618,5
31635,2
31639,0
31657,0
31658,2
31764,1
31769,0
31881,8
31883,4
31895,0
31910,7
31915,8
31917,9
31981,6
32049,4
32095,7
32106,3
32126,4
32134,5
32190,7
32217,5
32239,9
32242,6
32259,8
32260,9
32265,6
32310,4
32372,5
32418,2
32460,7
32470,7
32491,9
32506,5
32512,4
32556,4
32597,1
32621,0
32634,2
32648,9
32668,9
32669,4
32671,5
32698,5
32737,5
32755,5
32820,7
32858,0
32891,9
32892,1
32898,9
32905,0
32908,9
32940,3
32943,5
32950,0
32955,7
32970,9
32983,9
32990,3
32992,5
33056,6
33066,0
33072,8
33158,2
33165,4
33174,9
33207,6
33258,6
33267,5
33281,2
33308,9
33377,1
33395,7
33404,5
33460,8
33469,2
33473,4
33489,2
33507,3
33508,1
33529,3
33543,7
33570,8
33572,6
33591,2
33596,1
33710,7
33717,7
33728,6
33749,5
33756,9
33765,8
33798,7
33821,2
33845,3
33863,2
33874,0
33922,4
33956,8
33983,0
34002,5
34013,9
34016,0
34020,8
34026,3
34042,8
34045,0
34067,4
34111,7
34114,5
34135,6
34150,8
34157,2
34169,1
34185,4
34189,6
34226,2
34245,7
34296,0
34304,8
34317,7
34330,9
34387,3
34396,3
34444,2
34469,8
34480,0
34484,2
34492,6
34537,4
34550,4
34554,8
34571,4
34585,1
34591,9
34605,3
34616,9
34634,0
34644,3
34648,6
34720,5
34723,1
34729,9
34751,7
34752,4
34758,8
34769,9
34771,0
34790,9
34791,6
34812,6
34814,8
34831,2
34837,7
34844,9
34851,2
34873,3
34881,7
34909,7
34921,8
34954,9
34955,4
35028,0
35047,6
35125,9
35135,9
35189,9
35204,6
35241,6
35362,4
35382,7
35412,4
35420,5
35428,8
35439,6
35462,5
35464,9
35469,7
35503,9
35535,5
35551,4
35590,4
35601,6
35625,7
35651,0
35666,9
35698,1
35729,6
35736,6
35758,2
35788,8
35790,7
35829,1
35849,4
35895,4
35896,0
35916,8
35956,9
35958,8
35973,0
35976,5
35991,9
36070,6
36085,1
36089,5
36092,4
36096,8
36126,5
36163,0
36181,9
36197,7
36198,0
36206,3
36209,2
36225,9
36230,7
36269,0
36272,0
36292,2
36305,6
36310,6
36320,8
36332,5
36362,0
36390,6
36400,4
36411,7
36423,2
36456,9
36487,5
36504,6
36505,2
36526,9
36533,0
36549,0
36553,2
36567,9
36587,9
36620,0
36625,1
36643,7
36646,0
36667,0
36699,6
36715,2
36720,9
36736,5
36757,9
36807,9
36810,6
36814,1
36852,3
36919,0
36959,8
36963,9
36986,8
37046,9
37051,8
37054,3
37063,2
37066,5
37090,7
37114,5
37120,2
37207,1
37216,5
37300,5
37316,8
37350,6
37383,3
37407,5
37472,5
37483,8
37489,2
37493,8
37512,8
37519,4
37527,8
37544,6
37567,5
37580,2
37595,8
37615,2
37623,4
37655,2
37675,6
37680,5
37686,0
37690,3
37701,8
37710,8
37730,3
37762,7
37767,4
37771,8
37810,8
37835,7
37854,0
37878,7
37884,4
37913,3
37914,0
37943,3
37945,4
37957,2
37962,8
38005,9
38012,4
38024,2
38054,0
38058,3
38061,2
38064,9
38070,2
38092,8
38096,7
38100,0
38127,2
38129,3
38152,6
38244,7
38274,4
38275,2
38289,0
38299,6
38308,6
38333,9
38336,4
38362,5
38465,1
38466,1
38468,7
38489,8
38502,7
38503,4
38515,4
38527,2
38541,9
38547,2
38589,8
38605,0
38608,5
38632,9
38635,2
38641,8
38650,7
38666,1
38706,0
38707,1
38715,2
38748,9
38773,5
38825,2
38829,9
38846,2
38863,8
38866,8
38879,2
38885,6
38891,4
38899,9
38912,8
38917,9
38939,0
38940,5
38947,9
38967,8
38976,1
38987,8
38991,3
39002,2
39005,8
39046,4
39056,7
39068,8
39073,9
39074,2
39083,4
39096,9
39123,4
39145,2
39148,9
39155,0
39203,2
39218,4
39241,4
39251,6
39257,7
39266,8
39276,7
39292,6
39304,4
39340,6
39351,9
39385,6
39391,8
39395,8
39418,9
39519,8
39521,9
39536,4
39585,8
39598,9
39599,8
39600,0
39650,6
39656,0
39670,4
39689,5
39719,2
39737,1
39764,8
39774,3
39799,4
39805,1
39831,5
39875,4
39876,8
39902,8
39966,5
39974,9
39983,4
39990,4
39995,8
39996,5
40006,9
40008,5
40026,9
40034,6
40042,0
40049,2
40053,2
40069,1
40076,2
40101,1
40114,7
40117,7
40147,1
40161,3
40162,0
40235,9
40243,7
40270,9
40272,2
40278,6
40279,2
40313,0
40334,4
40381,8
40386,7
40402,4
40417,8
40425,2
40427,3
40448,9
40503,8
40505,7
40562,2
40567,5
40587,5
40600,4
40663,7
40673,8
40690,0
40698,8
40699,2
40751,6
40760,0
40768,7
40771,6
40781,9
40814,8
40817,0
40847,2
40899,2
40904,3
40914,3
40923,4
40979,6
41012,0
41028,4
41052,0
41058,9
41109,4
41134,6
41142,6
41154,8
41184,7
41199,9
41207,2
41213,6
41228,0
41232,7
41334,9
41349,9
41374,0
41438,2
41485,0
41500,6
41517,6
41519,6
41549,7
41569,4
41602,5
41622,8
41626,4
41644,9
41652,8
41676,6
41678,4
41694,1
41707,7
41727,3
41739,1
41745,2
41763,9
41786,5
41794,2
41828,6
41829,6
41832,2
41838,4
41852,1
41857,0
41885,4
41887,5
41890,6
41892,7
41912,6
41916,2
41930,4
41932,9
41992,8
42018,4
42067,7
42102,1
42139,4
42158,2
42164,7
42170,0
42172,6
42216,4
42241,8
42263,4
42273,2
42299,8
42313,8
42325,6
42330,4
42389,0
42394,2
42404,1
42421,4
42436,5
42439,2
42449,5
42457,9
42460,1
42461,7
42505,3
42509,5
42519,4
42590,5
42617,8
42624,8
42633,2
42644,1
42669,3
42687,5
42709,9
42715,9
42723,6
42740,1
42790,7
42795,0
42803,1
42820,8
42862,0
42865,0
42878,8
42901,7
42912,6
42942,6
42947,1
42963,9
42972,6
42984,5
42999,1
43001,9
43016,1
43061,6
43073,4
43087,7
43101,2
43104,7
43138,9
43173,4
43254,2
43290,8
43302,4
43319,5
43321,8
43323,1
43346,7
43386,6
43388,8
43417,3
43455,8
43481,4
43485,6
43504,8
43509,3
43582,6
43585,5
43587,5
43590,2
43610,0
43611,9
43612,4
43631,0
43668,6
43714,1
43740,4
43742,6
43745,8
43753,5
43776,5
43788,8
43794,2
43806,2
43828,8
43837,5
43878,2
43884,0
43922,3
43926,7
43935,2
43941,0
43945,8
43958,8
43981,0
43986,8
43988,2
43993,8
44002,8
44043,9
44059,7
44065,1
44080,7
44083,9
44142,3
44180,8
44224,4
44229,2
44236,9
44245,1
44256,4
44260,2
44359,1
44369,1
44371,2
44379,4
44391,8
44393,2
44406,5
44427,8
44451,0
44452,6
44465,7
44510,3
44518,0
44553,9
44575,3
44595,7
44618,9
44620,4
44623,7
44630,3
44633,1
44648,1
44687,9
44702,8
44726,7
44775,8
44786,1
44838,0
44845,5
44863,9
44866,8
44880,8
44924,5
44939,5
44943,7
44951,0
44959,3
44987,5
44996,1
44998,4
45008,3
45026,8
45029,1
45047,2
45061,0
45130,2
45142,9
45145,0
45157,6
45178,9
45188,7
45191,4
45218,0
45236,9
45280,4
45282,5
45285,7
45296,4
45302,1
45315,0
45342,2
45343,9
45415,9
45416,8
45421,9
45454,8
45469,7
45479,6
45503,0
45521,7
45582,5
45584,2
45620,2
45654,9
45662,2
45685,4
45706,8
45723,1
45760,0
45772,8
45794,4
45875,5
45877,8
45883,5
45897,5
45905,0
45916,4
45917,9
45940,3
45944,9
45957,2
46017,0
46060,5
46122,2
46123,9
46124,4
46147,7
46170,6
46172,4
46212,2
46262,2
46281,4
46284,9
46289,0
46312,5
46314,4
46322,5
46333,4
46372,1
46384,4
46393,6
46395,8
46419,7
46460,4
46475,8
46551,2
46568,4
46597,5
46611,6
46617,0
46656,2
46688,7
46734,4
46771,7
46799,7
46817,8
46852,4
46859,6
46898,6
46939,4
46946,9
46962,0
47000,0
47002,4
47007,3
47046,0
47099,8
47105,9
47114,2
47126,9
47141,1
47147,6
47161,7
47175,4
47224,1
47228,2
47272,1
47275,0
47297,8
47299,4
47323,9
47457,9
47479,0
47481,3
47492,6
47500,4
47532,4
47567,8
47589,4
47601,1
47602,3
47622,5
47645,9
47652,2
47795,3
47821,3
47823,4
47840,6
47865,9
47870,9
47884,4
47885,9
47945,2
47958,9
47959,8
47974,9
48005,6
48020,4
48028,8
48047,4
48055,8
48063,2
48067,4
48084,4
48098,7
48100,7
48120,4
48136,0
48183,1
48207,0
48223,8
48253,1
48265,9
48281,3
48282,4
48285,8
48295,0
48303,1
48328,6
48365,4
48372,8
48394,8
48411,1
48436,4
48478,4
48479,0
48480,3
48497,2
48499,3
48562,7
48567,5
48571,8
48578,0
48605,6
48617,8
48620,6
48625,1
48658,8
48672,7
48696,2
48715,0
48754,4
48771,9
48782,4
48788,3
48804,9
48835,4
48851,1
48855,8
48865,5
48875,8
48887,2
48919,4
48922,3
48932,3
48947,0
49011,0
49032,5
49066,6
49108,3
49119,7
49133,6
49144,4
49154,1
49161,6
49173,6
49204,9
49245,1
49268,0
49280,0
49323,8
49337,6
49340,2
49393,5
49405,6
49414,8
49456,6
49491,7
49510,6
49547,9
49554,7
49565,9
49577,6
49578,8
49579,8
49583,0
49633,6
49636,5
49656,9
49658,5
49663,9
49692,4
49739,0
49825,5
49846,7
49850,4
49862,7
49876,1
49898,9
49901,8
49910,6
49918,7
49986,7
49989,0
49993,2
49997,8
50011,2
50014,4
50018,0
50024,0
50029,9
50093,6
50102,9
50129,7
50189,4
50196,2
50218,2
50246,8
50268,8
50276,6
50309,9
50369,3
50373,9
50381,2
50384,9
50389,4
50406,5
50460,5
50462,9
50478,2
50510,4
50511,0
50531,4
50534,0
50550,1
50556,6
50568,2
50577,1
50581,2
50657,6
50658,3
50660,8
50669,2
50744,2
50760,7
50768,5
50780,6
50784,9
50823,6
50826,2
50833,9
50859,9
50867,9
50883,8
50899,2
50917,4
50941,6
50950,3
50973,9
50980,4
50985,5
51001,2
51008,8
51012,9
51111,4
51112,1
51119,2
51123,9
51170,4
51181,7
51194,9
51206,1
51220,6
51242,8
51254,5
51258,5
51268,3
51297,9
51308,0
51328,4
51345,5
51347,8
51352,0
51408,6
51443,2
51448,2
51450,8
51452,7
51464,0
51471,3
51475,6
51482,4
51501,8
51532,7
51560,7
51585,0
51590,9
51597,9
51607,6
51627,0
51628,6
51632,9
51637,4
51658,2
51665,8
51734,6
51792,5
51800,5
51811,3
51814,4
51911,7
51927,7
51940,3
51989,5
52010,7
52062,6
52075,1
52112,4
52113,7
52120,1
52130,0
52152,2
52160,3
52161,0
52180,9
52197,6
52214,9
52225,2
52229,4
52264,5
52304,9
52305,0
52314,5
52331,2
52366,2
52371,3
52372,9
52387,6
52394,3
52416,1
52422,2
52432,3
52462,9
52471,7
52472,6
52473,4
52516,6
52517,4
52527,5
52561,5
52577,9
52632,8
52653,9
52660,2
52673,0
52688,6
52732,7
52747,3
52756,4
52757,2
52774,2
52787,7
52801,2
52804,0
52817,0
52862,8
52996,4
53010,9
53077,0
53097,7
53137,7
53141,4
53166,9
53172,5
53181,8
53188,7
53200,5
53203,8
53215,6
53230,6
53262,3
53273,1
53338,7
53340,2
53348,1
53352,5
53368,7
53517,8
53524,0
53553,6
53593,1
53619,3
53638,5
53662,1
53697,6
53738,4
53763,7
53764,9
53770,7
53844,5
53867,4
53880,0
53887,1
53900,6
53905,4
53906,8
53912,4
53949,6
53955,4
53976,9
54031,9
54048,9
54049,6
54102,0
54106,7
54110,2
54117,8
54129,4
54151,5
54159,5
54199,3
54217,8
54231,8
54241,5
54249,3
54278,7
54283,5
54312,9
54320,0
54345,6
54359,4
54362,8
54365,7
54367,8
54379,4
54388,1
54414,0
54435,7
54449,9
54522,7
54538,9
54541,2
54547,6
54549,0
54572,6
54577,5
54582,4
54600,0
54604,5
54646,6
54660,3
54662,6
54690,0
54708,1
54714,2
54746,3
54759,7
54769,4
54783,0
54786,1
54814,4
54823,6
54843,9
54850,9
54918,4
54935,8
54975,5
54984,9
54988,5
55012,6
55026,8
55074,4
55075,5
55094,7
55100,2
55101,4
55111,6
55120,9
55125,9
55139,3
55145,8
55159,9
55168,6
55177,0
55183,2
55208,5
55230,6
55242,0
55243,9
55249,3
55270,7
55361,0
55376,5
55403,5
55464,9
55480,7
55511,4
55520,6
55542,2
55553,7
55562,7
55576,0
55590,6
55626,6
55643,5
55664,0
55684,4
55701,9
55762,8
55780,9
55792,9
55797,6
55811,8
55813,9
55840,0
55845,3
55868,8
55959,8
55981,4
55986,0
56050,0
56051,9
56084,4
56113,5
56116,5
56142,4
56143,4
56147,4
56159,0
56174,0
56182,6
56190,4
56210,6
56217,0
56226,1
56230,9
56249,5
56263,2
56270,9
56303,9
56307,8
56335,2
56348,9
56354,7
56385,6
56418,7
56451,7
56468,5
56491,1
56533,0
56546,7
56582,6
56602,1
56650,7
56687,2
56699,4
56707,0
56726,9
56729,7
56769,7
56780,7
56842,8
56853,4
56872,8
56878,6
56879,8
56923,9
56949,0
56998,2
57078,7
57079,9
57084,8
57095,1
57121,8
57154,0
57174,8
57175,9
57188,7
57221,0
57251,5
57286,7
57294,9
57315,8
57327,5
57353,6
57382,4
57398,2
57408,0
57415,3
57428,9
57438,6
57467,8
57485,7
57497,5
57505,1
57527,3
57548,4
57578,6
57586,0
57596,8
57622,6
57624,2
57633,2
57644,1
57649,2
57663,7
57665,8
57668,8
57690,4
57706,4
57721,4
57776,9
57777,6
57791,6
57805,5
57860,6
57936,2
57954,6
57989,6
58054,9
58060,2
58075,9
58087,2
58118,7
58130,5
58150,8
58158,8
58220,8
58254,2
58256,0
58273,8
58280,5
58301,6
58337,7
58368,1
58446,8
58450,7
58451,1
58460,5
58461,0
58462,0
58496,4
58503,3
58540,5
58541,3
58570,1
58572,2
58592,6
58593,8
58598,6
58678,3
58679,8
58696,9
58733,7
58776,8
58802,5
58849,8
58864,0
58906,4
58911,6
58966,3
58972,7
58994,4
59032,6
59044,1
59046,3
59055,4
59068,7
59080,9
59086,8
59117,6
59142,0
59177,2
59180,5
59184,9
59192,6
59195,3
59223,2
59227,4
59239,3
59252,2
59268,4
59270,8
59279,7
59280,8
59288,0
59297,1
59324,6
59341,9
59380,8
59384,5
59415,2
59431,6
59435,7
59437,6
59439,0
59442,6
59448,6
59484,7
59499,2
59508,6
59596,1
59603,8
59610,6
59657,4
59660,3
59702,6
59726,5
59738,1
59748,9
59769,3
59773,1
59786,0
59797,2
59823,5
59862,4
59911,0
59940,0
59946,8
59995,8
